1
454.7094,278.6500,438.5947,290.8472,421.3763,268.0988,437.4910,255.9016
455.0104,274.3044,441.3431,289.2426,420.9339,270.5696,434.6013,255.6315
446.4476,282.7252,428.9997,291.6532,417.2266,268.6451,434.6744,259.7171
435.6614,291.1974,418.1027,295.4436,411.5832,268.4848,429.1418,264.2385
421.6136,298.7032,406.3693,300.2577,403.1225,268.4162,418.3668,266.8618
418.5582,296.9071,403.2318,299.2802,398.5171,268.8312,413.8435,266.4581
416.7499,300.0699,401.9807,301.6535,398.3546,267.8354,413.1237,266.2518
413.7436,296.5674,398.5503,297.5509,396.5699,266.9607,411.7632,265.9771
413.6100,294.7740,398.3269,295.5032,397.0629,269.0082,412.3459,268.2791
407.3411,304.2521,392.7586,304.2861,392.6836,272.0654,407.2661,272.0314
406.9250,308.1485,390.0868,310.3737,386.5334,283.4856,403.3716,281.2603
404.3863,316.9572,389.4348,318.1777,387.2312,291.1825,402.1827,289.9621
409.8159,314.2052,394.2142,317.4805,388.4539,290.0423,404.0556,286.7669
411.5090,313.3285,394.4600,314.5475,392.5590,287.9601,409.6079,286.7411
412.0244,309.0539,394.6456,309.6081,393.9380,287.4183,411.3169,286.8641
398.3206,285.7434,416.0025,286.2472,415.3885,307.7985,397.7066,307.2946
416.9680,309.9424,398.9707,311.1904,397.2768,286.7644,415.2741,285.5163
415.6317,318.1915,393.6109,321.4738,389.8182,296.0294,411.8391,292.7471
408.6062,327.0477,390.1017,328.2096,388.6275,304.7319,407.1320,303.5700
415.0718,313.4836,406.3730,330.6130,385.3883,319.9564,394.0871,302.8270
408.0074,325.7154,389.6168,326.9527,388.1132,304.6037,406.5039,303.3664
402.9883,332.1912,386.7010,335.3699,382.1921,312.2671,398.4794,309.0883
404.9201,338.0575,394.2500,341.4254,386.8700,318.0442,397.5401,314.6763
407.1909,339.1885,393.0688,339.3592,392.7940,316.6174,406.9161,316.4468
403.3970,304.9421,420.8993,307.2503,418.2030,327.6961,400.7007,325.3880
412.3610,296.7109,430.9042,297.3328,430.1735,319.1216,411.6302,318.4997
438.7248,301.8913,423.1153,308.8730,416.0208,293.0114,431.6304,286.0297
2
0
0
0
0
1
329.1905,186.9757,355.9814,202.1699,337.6100,234.5630,310.8191,219.3688
354.1894,222.8571,326.5247,235.0012,311.2231,200.1438,338.8879,187.9997
349.1440,222.3135,324.7273,231.3020,312.9055,199.1890,337.3222,190.2004
356.3086,237.1361,332.1176,248.9591,311.6393,207.0584,335.8302,195.2354
353.2321,247.4598,325.3690,257.9413,311.7092,221.6292,339.5723,211.1477
351.0727,269.1336,319.4988,273.9504,313.1797,232.5293,344.7537,227.7126
355.6430,299.9617,327.1219,308.1765,315.6248,268.2599,344.1460,260.0451
356.2421,318.5526,327.2418,326.6286,316.4591,287.9086,345.4594,279.8326
357.4514,328.7507,329.9232,338.8866,316.8867,303.4803,344.4149,293.3445
358.7881,331.5164,331.9449,345.8620,314.5593,313.3305,341.4024,298.9848
358.6346,323.9784,336.7619,342.6605,312.8931,314.7152,334.7658,296.0332
358.9683,311.2018,335.0410,330.6291,313.3889,303.9618,337.3162,284.5344
359.3475,296.8820,342.2916,321.7489,313.5225,302.0166,330.5784,277.1497
358.0045,288.4838,339.9393,311.9640,311.6383,290.1898,329.7035,266.7096
350.5889,273.5010,338.6095,301.2167,304.9680,286.6759,316.9475,258.9602
322.0130,257.2959,342.5421,270.8947,317.6143,308.5261,297.0853,294.9273
301.5186,256.2647,332.6993,259.6139,327.8745,304.5327,296.6938,301.1836
320.8285,252.5401,339.6281,274.0245,307.4631,302.1699,288.6635,280.6855
351.8614,220.3244,368.1584,252.9787,327.3167,273.3618,311.0197,240.7075
2
0
0
0
0
1
481.8475,241.3816,452.5015,246.0875,446.1677,206.5901,475.5137,201.8842
2
0
0
0
0
1
412.7698,330.5121,394.5522,332.2603,390.8007,293.1643,409.0183,291.4162
427.0768,331.0426,407.3357,333.1141,403.4550,296.1320,423.1961,294.0605
456.9327,309.2380,433.1429,323.9064,415.3636,295.0712,439.1534,280.4028
469.8616,273.7047,455.7891,293.9273,429.9378,275.9379,444.0103,255.7153
465.8488,248.7194,464.1339,273.6181,435.5598,271.6501,437.2747,246.7513
462.1377,268.3102,447.0833,286.5446,421.8156,265.6834,436.8701,247.4490
445.1566,298.8948,423.9153,301.4398,419.8654,267.6382,441.1068,265.0933
404.5376,276.4599,420.9308,277.7169,418.0839,314.8479,401.6906,313.5910
400.6341,275.7505,416.2878,276.2956,415.0600,311.5542,399.4063,311.0091
423.2286,298.3126,408.5461,300.2110,404.5974,269.6705,419.2798,267.7721
425.9316,298.7212,411.4153,299.4078,409.8191,265.6624,424.3354,264.9757
425.4030,252.0552,442.2377,252.5183,441.3909,283.3008,424.5562,282.8377
2
0
0
0
0
1
438.4883,272.3005,425.7914,287.4789,405.1905,270.2460,417.8873,255.0676
442.4874,274.5033,431.5599,278.8492,422.0882,255.0329,433.0157,250.6870
443.1713,276.9139,431.2938,278.6003,427.5744,252.4030,439.4519,250.7167
441.7541,261.2111,446.0264,279.3157,425.9966,284.0423,421.7242,265.9378
450.4241,275.3163,433.9214,283.2872,423.8289,262.3921,440.3315,254.4212
453.4824,279.6889,435.8737,280.1155,435.2690,255.1524,452.8777,254.7258
459.6235,272.2202,441.1928,273.6594,439.0247,245.8923,457.4554,244.4532
2
0
0
0
0
1
441.6809,197.3723,459.5507,201.7774,452.8687,228.8838,434.9989,224.4787
456.8246,210.0263,454.2723,231.7407,430.9616,229.0008,433.5139,207.2864
453.7229,221.2961,452.4243,240.6354,423.3394,238.6824,424.6380,219.3431
2
0
0
0
0
1
475.8537,219.4387,477.1225,245.7394,439.3343,247.5623,438.0655,221.2616
473.5782,246.8014,448.9776,263.0168,430.5378,235.0416,455.1384,218.8262
2
0
0
0
0
1
412.1380,313.1698,448.9248,316.7557,444.5543,361.5919,407.7675,358.0060
469.8849,337.1735,431.8844,346.7968,420.7303,302.7517,458.7307,293.1284
2
0
0
0
0
1
325.4883,265.6537,358.6240,271.0522,351.0568,317.4994,317.9212,312.1009
326.9090,305.5516,357.7713,311.4759,349.2730,355.7476,318.4107,349.8234
322.2690,321.2793,352.8121,322.7919,350.5863,367.7368,320.0431,366.2242
322.0385,321.4339,350.6840,322.6277,348.8479,366.6894,320.2023,365.4957
345.7906,344.7973,312.9955,348.0729,308.7905,305.9716,341.5856,302.6960
343.9191,334.0921,312.5639,338.7083,306.2306,295.6905,337.5858,291.0743
338.5512,318.0451,306.4535,330.1374,291.8354,291.3355,323.9332,279.2432
327.8674,310.7599,297.6669,322.6069,282.3986,283.6848,312.5991,271.8377
335.9971,293.6530,341.9249,325.4470,294.7184,334.2485,288.7906,302.4544
2
0
0
0
0
1
462.5536,185.3179,494.8148,186.9332,492.6471,230.2273,460.3859,228.6119
471.3893,185.3371,502.8810,202.8736,483.8617,237.0282,452.3700,219.4917
503.5268,196.5609,491.8188,228.1513,454.7207,214.4021,466.4287,182.8116
477.4891,176.7718,508.3309,190.5777,490.9399,229.4286,460.0981,215.6228
479.4223,177.6381,508.3468,179.5041,505.7777,219.3253,476.8533,217.4592
507.4880,223.1620,478.9639,225.1516,476.0653,183.5957,504.5894,181.6061
476.6372,190.8065,511.0447,191.2201,510.5984,228.3593,476.1908,227.9458
474.4128,191.2177,504.6883,193.7356,501.8203,228.2204,471.5448,225.7025
