1
299.1668,281.5056,14.4632,20.9252
288.5585,286.5081,14.3817,20.4162
2
0
0
0
0
1
217.2140,236.5139,14.4004,25.0769
204.1242,222.1360,13.9193,25.7263
193.7727,216.1367,13.2992,25.9803
188.5057,206.9710,12.9651,26.2624
183.4359,191.7238,11.9768,28.1411
180.8114,188.5131,12.1233,27.9228
183.6268,185.9028,12.5108,27.6510
189.2011,186.2401,12.5861,27.6675
199.6192,196.5428,12.7394,27.5858
211.8324,203.7067,14.9567,25.7243
2
0
0
0
0
1
336.0912,200.0493,12.9872,25.4809
344.5286,203.0442,14.4981,23.7589
352.6082,202.0568,15.3179,23.6577
354.1146,198.2007,15.5926,23.1294
359.4336,198.7937,15.5453,22.8146
364.4519,202.9699,15.5237,22.0124
368.5608,202.6540,15.3780,22.1693
372.6684,205.4765,15.7495,21.9910
376.3464,206.3780,15.4190,21.8801
377.2372,203.5252,14.9787,23.1938
381.2475,205.2492,14.8049,22.7248
384.1993,209.7636,14.7526,22.8784
385.8315,207.6298,14.5903,23.6218
389.4528,209.1993,13.4993,24.1220
390.0383,212.9693,12.5541,24.9827
389.2548,206.4494,12.1548,26.1926
388.4969,204.6687,12.1705,26.7156
387.8159,207.2765,12.1966,27.1727
386.8480,203.4214,12.3106,27.4923
388.6544,202.2723,11.9584,27.6722
391.6983,209.6927,11.5707,26.8263
388.9751,204.0811,11.8750,26.3269
384.9062,204.3327,11.8990,26.3806
379.5760,209.1612,12.2474,25.7977
374.7520,209.7597,12.5288,25.6105
371.5641,207.2598,12.4305,26.2389
368.1949,212.9946,12.3648,26.7457
360.1184,209.5463,12.0847,27.4202
354.0531,205.8465,11.8160,27.8400
345.5568,210.7453,11.7221,28.2705
339.2103,208.2593,11.6951,28.7349
329.5728,205.0534,12.0315,28.9537
325.0342,209.3606,12.3346,29.1960
315.9514,210.5421,12.3268,29.2188
309.8800,207.9507,12.6532,29.5531
305.5718,207.9408,12.4890,29.4712
298.0369,209.5350,13.1905,28.9155
293.8596,205.9586,13.7924,28.3817
291.5784,205.8528,13.4195,29.1015
284.0529,205.4335,12.2372,30.8194
273.2214,207.0919,12.0449,31.2051
261.7593,209.4235,12.2170,30.2378
253.6906,216.7600,12.7343,29.4668
250.3543,213.2441,13.0759,28.6679
249.9431,215.9398,13.1118,27.4860
246.7604,222.0894,13.1036,27.0476
239.7391,218.1766,13.2375,27.7275
235.5358,220.9168,13.4031,27.3972
232.2409,227.1844,13.2693,27.4590
230.9533,222.8482,13.2008,28.4494
230.4196,222.0563,12.9244,28.7442
229.7330,225.6033,12.6519,29.4362
216.0786,244.2257,16.0302,26.1227
215.6307,215.4089,16.5314,25.1031
217.6096,220.7614,16.6487,25.2115
221.4505,217.6243,16.4868,25.7009
225.8849,215.9510,16.8085,25.5093
226.8798,221.6418,16.7173,25.0863
227.7665,217.7866,16.3990,25.9469
226.0382,212.5877,16.4197,25.8431
223.4920,219.4209,15.2037,26.4521
223.0585,213.0178,15.3855,27.1062
222.7660,205.8768,14.7621,27.8700
223.5929,208.1478,15.0804,27.2097
220.3620,201.2344,14.4712,28.1737
220.6195,198.6829,14.0156,29.2921
227.3031,200.9499,14.4006,28.6793
239.5876,203.8809,13.8652,28.7532
252.5208,201.2212,13.5873,28.3305
264.4109,209.0041,13.1450,27.8237
271.4117,211.3402,12.8353,27.2262
275.5263,207.0157,12.8333,26.5909
285.2756,208.2141,12.5103,26.4816
294.6327,211.7376,12.4900,26.4911
308.0967,207.2764,12.2345,26.4375
314.0947,205.0071,12.3425,26.5414
