1
522.6241,195.6558,542.8799,196.3841,541.6755,229.8766,521.4198,229.1483
534.0018,199.4945,551.8663,200.5639,549.8462,234.3084,531.9818,233.2390
544.7336,204.2714,560.9045,207.0455,555.1357,240.6719,538.9649,237.8978
543.3727,208.3327,564.3519,210.9097,560.1901,244.7915,539.2109,242.2146
561.1192,243.6107,540.1280,244.2176,539.1686,211.0355,560.1599,210.4286
555.6630,246.7716,530.2047,247.8224,528.9467,217.3424,554.4050,216.2917
547.6487,252.4153,522.0125,253.9059,520.1296,221.5247,545.7659,220.0340
546.8782,242.5208,527.9224,246.8788,522.2133,222.0467,541.1691,217.6886
2
0
0
0
0
1
557.5557,218.6796,570.2988,220.7112,564.9643,254.1715,552.2212,252.1399
555.6371,221.4587,571.4211,223.8637,566.1754,258.2905,550.3915,255.8855
556.5020,224.7995,572.0149,226.2531,568.8537,259.9883,553.3408,258.5346
547.8180,224.0283,565.5682,224.8683,563.9665,258.7133,546.2163,257.8733
554.9729,257.3676,537.2888,258.3501,535.4006,224.3659,553.0847,223.3833
524.1628,227.7656,546.1677,229.2967,543.6938,264.8521,521.6889,263.3210
516.8526,228.7409,536.2613,230.5865,532.8489,266.4713,513.4402,264.6256
508.1616,230.4611,525.9489,232.7946,521.3942,267.5123,503.6070,265.1787
504.8868,230.8277,524.6624,231.8382,522.8267,267.7637,503.0511,266.7532
508.6010,227.3769,524.9982,228.8422,521.9452,263.0061,505.5481,261.5408
523.6470,223.6768,536.4744,224.9507,533.0142,259.7937,520.1868,258.5198
535.9821,221.8306,547.8397,223.3617,543.4559,257.3116,531.5983,255.7806
552.3268,221.9133,565.6476,223.6168,560.7504,261.9113,547.4296,260.2078
560.1254,223.9924,576.8117,225.0248,574.7042,259.0873,558.0179,258.0549
567.4540,228.2484,581.4454,228.6315,580.4982,263.2243,566.5068,262.8412
570.2993,229.4721,584.1018,231.5894,579.1161,264.0910,565.3135,261.9737
568.0836,230.2995,583.6552,233.1370,577.5809,266.4710,562.0093,263.6335
559.5026,229.7789,575.8569,230.2491,574.8710,264.5350,558.5167,264.0647
566.0360,263.0664,551.0384,263.3314,550.4232,228.5127,565.4208,228.2477
541.8796,233.1399,560.4314,235.1328,556.6683,270.1635,538.1165,268.1706
531.4250,233.0284,547.1400,234.2816,544.1667,271.5644,528.4518,270.3111
522.9239,231.2558,540.6208,232.1008,538.7057,272.2094,521.0087,271.3643
525.2194,230.8083,540.7214,232.0029,538.2147,264.5322,522.7126,263.3376
536.2664,227.6232,547.5362,229.4059,542.6339,260.3969,531.3641,258.6142
547.3224,226.7223,558.0267,228.3705,553.0056,260.9794,542.3013,259.3311
562.6495,221.7536,577.3531,222.2776,576.0968,257.5352,561.3931,257.0113
570.7086,225.0789,581.7493,225.4887,580.6376,255.4356,569.5969,255.0257
576.6530,227.2120,589.6003,227.7242,588.2135,262.7804,575.2661,262.2682
581.0082,231.6346,595.6222,233.4084,591.7664,265.1758,577.1524,263.4020
575.3444,233.8357,593.1348,234.1906,592.4506,268.4838,574.6603,268.1289
570.1898,234.3079,588.0464,234.5150,587.6586,267.9672,569.8019,267.7602
577.6622,270.7643,560.8964,271.0060,560.3630,234.0099,577.1289,233.7682
552.4503,237.2732,569.9227,237.7453,568.9460,273.8853,551.4738,273.4132
572.9734,257.1546,559.9644,270.7599,539.2502,250.9534,552.2592,237.3482
549.2903,244.0786,564.6216,246.6924,559.8691,274.5682,544.5378,271.9544
537.9687,246.7760,552.7443,247.5987,551.2182,275.0089,536.4426,274.1862
534.7994,246.0021,549.9196,246.5676,548.7858,276.8871,533.6655,276.3217
521.6198,244.3557,538.0535,246.9206,532.9545,279.5908,516.5208,277.0258
524.8287,243.6840,536.5891,244.2736,534.9224,277.5187,523.1620,276.9291
529.2965,240.0867,541.6737,241.0259,538.9149,277.3795,526.5378,276.4402
537.2047,239.6722,548.0399,240.4113,545.7724,273.6541,534.9371,272.9150
542.6564,243.9345,555.5919,245.2055,552.0835,280.9116,539.1481,279.6406
547.3942,248.7509,559.4905,250.8905,554.1487,281.0910,542.0525,278.9514
545.0504,251.5967,559.7097,253.4983,555.4283,286.5029,540.7690,284.6013
542.3940,253.6103,555.2227,254.7388,552.2547,288.4789,539.4260,287.3504
536.0460,254.9796,551.1732,255.0233,551.0823,286.4536,535.9551,286.4098
544.6305,284.2355,527.7023,284.5467,527.1020,251.8986,544.0302,251.5874
516.5143,255.9245,529.4176,256.3376,528.3550,289.5258,515.4518,289.1128
522.2744,288.9670,505.5576,290.4879,502.7697,259.8469,519.4865,258.3259
516.4931,288.5366,497.6807,290.5942,494.5252,261.7439,513.3375,259.6863
510.4848,288.2740,492.5179,288.3253,492.4302,257.5921,510.3971,257.5409
496.5130,252.5075,511.0403,254.8535,505.5752,288.6948,491.0479,286.3487
502.0805,251.9939,516.8820,252.9431,514.7136,286.7565,499.9120,285.8073
511.1339,248.7914,523.4772,250.4372,518.8662,285.0180,506.5229,283.3722
522.8163,245.6962,534.1944,247.6805,528.3503,281.1910,516.9723,279.2068
529.1804,246.1960,543.3794,247.1193,540.8335,286.2733,526.6346,285.3500
538.0319,251.5060,550.8831,253.4861,546.1905,283.9418,533.3394,281.9618
539.5369,256.3928,553.4279,258.7896,547.8925,290.8712,534.0014,288.4744
537.5413,260.7250,554.1638,262.2853,550.9818,296.1834,534.3593,294.6231
535.5045,260.7426,550.7454,262.2896,547.2797,296.4346,532.0388,294.8876
530.2460,262.2595,546.2440,262.5150,545.7289,294.7629,529.7310,294.5073
549.0853,290.9004,534.2814,292.4048,531.7054,267.0553,546.5093,265.5509
2
0
0
0
0
1
524.2473,295.9326,534.6483,296.0814,534.1520,330.7638,523.7510,330.6150
533.6297,299.1630,544.4305,299.5924,543.1155,332.6725,532.3147,332.2432
552.2892,334.4827,541.6052,334.5535,541.3792,300.4510,552.0632,300.3802
544.3671,302.9416,553.7480,303.1761,552.9285,335.9529,543.5477,335.7184
557.6685,336.1208,546.1090,336.1353,546.0669,302.3506,557.6263,302.3362
543.7175,302.9954,557.4985,303.6634,555.9578,335.4473,542.1768,334.7793
553.4817,323.8759,539.5451,324.1126,539.0814,296.8163,553.0180,296.5796
539.8415,320.0178,525.3145,320.6824,523.7917,287.3972,538.3187,286.7326
513.3911,286.7680,530.6457,287.2564,529.8623,314.9320,512.6077,314.4436
2
0
0
0
0
1
493.4481,269.4437,505.2043,269.7408,504.2756,306.4870,492.5193,306.1899
506.4215,310.7507,498.0548,310.9101,497.3017,271.3872,505.6684,271.2278
498.4096,273.2401,508.9101,273.5015,507.9912,310.4149,497.4907,310.1535
