1
138.0000,154.0000,138.0000,15.0000,175.0000,15.0000,175.0000,154.0000
138.0000,153.0000,138.0000,15.0000,174.0000,15.0000,174.0000,153.0000
137.0000,153.0000,137.0000,15.0000,172.0000,15.0000,172.0000,153.0000
137.0000,154.0000,137.0000,14.0000,172.0000,14.0000,172.0000,154.0000
137.0000,154.0000,137.0000,15.0000,171.0000,15.0000,171.0000,154.0000
167.8055,155.8903,131.9950,154.0998,138.9925,14.1496,174.8030,15.9401
136.0000,155.0000,136.0000,15.0000,171.0000,15.0000,171.0000,155.0000
134.0000,156.0000,134.0000,17.0000,170.0000,17.0000,170.0000,156.0000
135.0000,155.0000,135.0000,17.0000,169.0000,17.0000,169.0000,155.0000
134.0000,156.0000,134.0000,17.0000,169.0000,17.0000,169.0000,156.0000
134.0000,157.0000,134.0000,18.0000,168.0000,18.0000,168.0000,157.0000
133.0000,157.0000,133.0000,18.0000,167.0000,18.0000,167.0000,157.0000
132.0000,158.0000,132.0000,19.0000,167.0000,19.0000,167.0000,158.0000
132.0000,163.0000,132.0000,19.0000,167.0000,19.0000,167.0000,163.0000
132.0000,159.0000,132.0000,20.0000,167.0000,20.0000,167.0000,159.0000
131.0000,160.0000,131.0000,21.0000,166.0000,21.0000,166.0000,160.0000
130.0000,159.0000,130.0000,22.0000,165.0000,22.0000,165.0000,159.0000
131.0000,159.0000,131.0000,20.0000,165.0000,20.0000,165.0000,159.0000
131.0000,158.0000,131.0000,20.0000,164.0000,20.0000,164.0000,158.0000
131.0000,157.0000,131.0000,19.0000,164.0000,19.0000,164.0000,157.0000
132.0000,157.0000,132.0000,19.0000,165.0000,19.0000,165.0000,157.0000
132.0000,157.0000,132.0000,19.0000,165.0000,19.0000,165.0000,157.0000
133.0000,157.0000,133.0000,19.0000,166.0000,19.0000,166.0000,157.0000
132.0000,157.0000,132.0000,20.0000,167.0000,20.0000,167.0000,157.0000
133.0000,157.0000,133.0000,20.0000,167.0000,20.0000,167.0000,157.0000
135.0000,156.0000,135.0000,19.0000,168.0000,19.0000,168.0000,156.0000
134.0000,157.0000,134.0000,19.0000,168.0000,19.0000,168.0000,157.0000
134.0000,156.0000,134.0000,19.0000,167.0000,19.0000,167.0000,156.0000
140.4888,157.7756,133.5960,19.9202,167.4613,18.2269,174.3541,156.0823
135.0000,159.0000,135.0000,20.0000,169.0000,20.0000,169.0000,159.0000
136.0000,158.0000,136.0000,20.0000,169.0000,20.0000,169.0000,158.0000
136.0000,158.0000,136.0000,21.0000,170.0000,21.0000,170.0000,158.0000
136.0000,159.0000,136.0000,21.0000,170.0000,21.0000,170.0000,159.0000
136.0000,160.0000,136.0000,22.0000,170.0000,22.0000,170.0000,160.0000
136.0000,161.0000,136.0000,23.0000,170.0000,23.0000,170.0000,161.0000
135.0000,160.0000,135.0000,23.0000,170.0000,23.0000,170.0000,160.0000
134.0000,161.0000,134.0000,24.0000,169.0000,24.0000,169.0000,161.0000
133.0000,161.0000,133.0000,25.0000,168.0000,25.0000,168.0000,161.0000
133.0000,161.0000,133.0000,24.0000,167.0000,24.0000,167.0000,161.0000
133.0000,161.0000,133.0000,24.0000,167.0000,24.0000,167.0000,161.0000
132.0000,161.0000,132.0000,24.0000,167.0000,24.0000,167.0000,161.0000
132.0000,160.0000,132.0000,24.0000,167.0000,24.0000,167.0000,160.0000
131.0000,160.0000,131.0000,23.0000,166.0000,23.0000,166.0000,160.0000
132.0000,161.0000,132.0000,24.0000,165.0000,24.0000,165.0000,161.0000
131.0000,161.0000,131.0000,25.0000,165.0000,25.0000,165.0000,161.0000
133.0000,162.0000,133.0000,24.0000,166.0000,24.0000,166.0000,162.0000
132.0000,162.0000,132.0000,25.0000,167.0000,25.0000,167.0000,162.0000
132.0000,162.0000,132.0000,25.0000,166.0000,25.0000,166.0000,162.0000
132.0000,168.0000,132.0000,25.0000,165.0000,25.0000,165.0000,168.0000
133.0000,164.0000,133.0000,26.0000,166.0000,26.0000,166.0000,164.0000
132.0000,163.0000,132.0000,27.0000,167.0000,27.0000,167.0000,163.0000
132.0000,164.0000,132.0000,27.0000,166.0000,27.0000,166.0000,164.0000
131.0000,163.0000,131.0000,27.0000,166.0000,27.0000,166.0000,163.0000
133.0000,163.0000,133.0000,26.0000,165.0000,26.0000,165.0000,163.0000
131.0000,163.0000,131.0000,27.0000,165.0000,27.0000,165.0000,163.0000
131.0000,163.0000,131.0000,27.0000,166.0000,27.0000,166.0000,163.0000
131.0000,162.0000,131.0000,26.0000,164.0000,26.0000,164.0000,162.0000
132.0000,163.0000,132.0000,25.0000,164.0000,25.0000,164.0000,163.0000
133.0000,162.0000,133.0000,25.0000,165.0000,25.0000,165.0000,162.0000
132.0000,162.0000,132.0000,27.0000,166.0000,27.0000,166.0000,162.0000
134.0000,161.0000,134.0000,25.0000,167.0000,25.0000,167.0000,161.0000
134.0000,161.0000,134.0000,24.0000,167.0000,24.0000,167.0000,161.0000
135.0000,161.0000,135.0000,24.0000,168.0000,24.0000,168.0000,161.0000
136.0000,161.0000,136.0000,25.0000,169.0000,25.0000,169.0000,161.0000
135.0000,161.0000,135.0000,28.0000,171.0000,28.0000,171.0000,161.0000
136.0000,162.0000,136.0000,29.0000,171.0000,29.0000,171.0000,162.0000
135.0000,161.0000,135.0000,33.0000,174.0000,33.0000,174.0000,161.0000
136.0000,160.0000,136.0000,34.0000,174.0000,34.0000,174.0000,160.0000
136.0000,160.0000,136.0000,32.0000,174.0000,32.0000,174.0000,160.0000
136.0000,160.0000,136.0000,27.0000,174.0000,27.0000,174.0000,160.0000
172.9862,162.5381,134.9343,161.5624,138.2227,33.3134,176.2746,34.2891
137.0000,161.0000,137.0000,36.0000,174.0000,36.0000,174.0000,161.0000
168.4061,163.3147,130.8833,160.6345,139.8426,35.2030,177.3655,37.8833
169.3293,163.0970,130.1473,161.4645,135.2998,37.8042,174.4818,39.4367
166.7699,163.4514,127.6106,160.8407,135.9248,36.1284,175.0841,38.7390
168.5737,161.7722,127.1985,160.6540,130.5628,36.1774,171.9379,37.2956
126.3097,160.6460,118.3363,41.0443,165.2611,37.9159,173.2345,157.5177
122.0931,159.2806,119.4700,38.6202,165.5135,37.6193,168.1365,158.2796
116.1175,157.2863,113.4590,37.6565,159.4807,36.6338,162.1392,156.2636
149.4240,157.5212,106.1821,155.3591,112.1796,35.4090,155.4214,37.5711
148.3035,156.5634,103.7655,154.7455,108.6694,34.5988,153.2075,36.4167
140.4746,155.4234,97.4247,151.7596,107.5820,32.4112,150.6319,36.0750
132.2358,152.2314,91.1004,146.7467,106.6375,30.2184,147.7729,35.7031
129.1275,151.9587,87.8627,145.7065,105.3761,30.1176,146.6409,36.3698
129.7890,147.8803,85.8783,141.8925,99.7465,40.1927,143.6572,46.1805
132.5560,146.7727,85.2215,142.3694,94.7957,39.4461,142.1303,43.8493
135.7763,145.6693,85.7914,142.6215,91.9575,41.4974,141.9424,44.5453
85.0000,144.0000,85.0000,47.0000,144.0000,47.0000,144.0000,144.0000
84.0668,143.1441,82.5620,49.8458,143.8364,48.8575,145.3412,142.1558
84.2234,143.4400,78.3257,52.6152,144.5658,48.3139,150.4635,139.1387
107.8992,143.4267,76.3441,139.5785,87.0035,52.1711,118.5586,56.0193
115.2941,141.1765,77.5176,138.2706,84.1059,52.6236,121.8823,55.5294
80.0000,138.0000,80.0000,54.0000,119.0000,54.0000,119.0000,138.0000
78.0000,132.0000,78.0000,53.0000,119.0000,53.0000,119.0000,132.0000
84.5363,135.4378,64.2383,58.3057,106.1762,47.2694,126.4741,124.4016
75.2000,129.6000,65.7077,53.6615,107.6769,48.4154,117.1692,124.3538
2
0
0
0
0
1
154.1892,144.1351,106.6865,129.5189,138.1243,27.3459,185.6270,41.9622
147.5126,149.7325,103.6456,135.9458,137.7653,27.3834,181.6323,41.1701
123.0000,154.0000,123.0000,36.0000,169.0000,36.0000,169.0000,154.0000
168.0959,154.6267,124.8240,153.8540,126.9216,36.3915,170.1935,37.1642
156.7583,155.7892,111.2609,143.9936,139.6478,34.5013,185.1452,46.2969
151.0000,156.0000,108.1000,141.7000,143.0000,37.0000,185.9000,51.3000
163.2365,153.8872,106.8911,146.7322,120.6814,38.1342,177.0268,45.2891
173.4841,150.0277,100.5508,145.8600,106.8405,35.7909,179.7738,39.9585
101.0000,145.0000,101.0000,40.0000,177.0000,40.0000,177.0000,145.0000
110.8929,151.2979,106.9652,40.0130,174.2461,37.6384,178.1738,148.9233
172.4811,151.4541,118.7157,145.1902,132.1966,29.4792,185.9620,35.7432
168.4048,154.5063,123.9538,148.6354,140.3271,24.6658,184.7782,30.5367
162.1907,160.7286,120.0880,154.4132,138.9389,28.7408,181.0416,35.0562
163.3691,157.7584,110.7101,149.9570,128.4819,29.9973,181.1409,37.7986
170.3784,155.2703,121.7193,153.7006,125.5291,35.5977,174.1882,37.1674
171.9802,151.6217,115.2692,150.9301,116.6778,35.4229,173.3889,36.1145
173.9271,158.1566,114.5769,157.1154,116.7339,34.1708,176.0840,35.2120
171.3042,164.1634,117.6016,158.1002,131.8713,31.7113,185.5739,37.7745
144.7200,168.0400,126.4400,40.0800,182.8600,32.0200,201.1400,159.9800
150.6000,172.8000,97.8000,146.4000,153.2000,35.6000,206.0000,62.0000
161.4581,175.1800,109.1583,158.3091,149.1018,34.4845,201.4015,51.3553
175.8677,174.3075,119.6426,164.7493,142.6453,29.4397,198.8704,38.9980
173.7068,161.0394,118.5645,150.5361,143.0722,21.8709,198.2144,32.3742
177.8985,155.0295,119.4735,144.3557,142.0161,20.9645,200.4411,31.6383
179.8069,152.2865,123.4898,136.6106,153.7204,28.0047,210.0374,43.6805
179.1628,152.6529,122.2041,134.1413,154.8033,33.8361,211.7620,52.3476
178.2972,155.8544,115.2399,126.1274,157.8275,35.7901,220.8848,65.5171
173.5844,166.8111,109.1336,132.5066,159.1387,38.5577,223.5895,72.8622
166.7670,170.5553,107.1475,107.9548,171.2462,46.9085,230.8657,109.5089
168.5564,170.4612,110.0963,106.9903,171.8730,50.0907,230.3331,113.5616
170.7539,174.2089,110.2719,136.5173,162.3272,52.9866,222.8092,90.6782
165.5096,181.6441,108.7832,146.5633,164.4592,56.5340,221.1856,91.6148
159.2434,183.7058,107.6004,151.8274,165.9328,57.3289,217.5758,89.2073
147.7202,184.3037,104.5545,153.0996,175.0569,55.5713,218.2226,86.7754
137.5336,184.8591,100.1842,160.5385,168.9453,54.9411,206.2947,79.2617
132.1639,182.8033,91.8361,149.1967,173.1476,51.6230,213.4754,85.2295
117.3300,160.5680,88.6470,131.0654,169.3578,52.5966,198.0409,82.0992
95.3839,113.7745,91.8866,79.3844,223.2567,66.0247,226.7541,100.4148
242.8041,104.4732,88.2684,97.7052,89.6914,65.2128,244.2271,71.9808
206.4291,113.7023,84.3464,77.3372,95.3950,40.2453,217.4777,76.6104
184.1337,125.2417,89.1810,43.5102,118.3838,9.5835,213.3365,91.3149
165.8972,126.9681,106.1039,13.4829,151.4593,-10.4140,211.2526,103.0712
187.0362,133.2398,111.3349,49.9683,159.7150,5.9864,235.4163,89.2579
197.8580,135.9408,127.6331,106.6805,169.8817,5.2840,240.1065,34.5444
189.2162,141.2973,125.9632,108.4995,180.0108,4.2649,243.2638,37.0627
181.4604,150.2037,124.3815,117.2050,182.7556,16.2337,239.8344,49.2324
163.7460,149.5562,121.8226,109.3098,188.7069,39.6386,230.6303,79.8851
157.9696,148.9979,122.4848,108.2776,201.1404,39.7348,236.6252,80.4552
145.0728,142.8740,125.5540,92.8570,228.4456,52.7042,247.9644,102.7212
241.4675,148.5235,137.9302,131.8623,145.6270,84.0319,249.1643,100.6931
239.0645,169.9101,136.8810,123.6842,161.4334,69.4104,263.6169,115.6363
142.9203,180.3307,140.3733,95.0038,221.8678,92.5711,224.4149,177.8981
144.0000,179.0000,144.0000,87.0000,219.0000,87.0000,219.0000,179.0000
149.0000,177.0000,149.0000,83.0000,216.0000,83.0000,216.0000,177.0000
201.6584,180.5865,152.0135,175.8584,161.2809,78.5506,210.9259,83.2787
185.6747,182.4999,140.9921,171.7330,164.6441,73.5769,209.3268,84.3438
177.0918,183.2811,135.0597,170.5118,167.2346,64.6029,209.2667,77.3722
167.4791,182.0063,125.8757,169.3673,161.9655,50.5718,203.5689,63.2108
152.9132,172.3128,105.7074,149.4713,157.1324,43.1931,204.3381,66.0346
141.1129,165.7953,95.3733,135.1162,158.7285,40.6593,204.4682,71.3384
112.0438,146.3244,79.5782,101.6077,167.5136,37.7641,199.9792,82.4809
91.2295,105.5246,86.8525,57.3770,190.6312,47.9426,195.0082,96.0902
87.0000,99.0000,87.0000,48.0000,193.0000,48.0000,193.0000,99.0000
100.1087,101.1287,98.7440,49.2699,194.8353,46.7412,196.2000,98.6000
189.6851,102.7061,97.3224,76.8989,109.9268,31.7884,202.2895,57.5956
187.6767,105.0754,90.0856,59.2372,108.3696,20.3100,205.9607,66.1482
183.5202,108.0605,99.8936,43.1563,121.2850,15.5943,204.9116,80.4986
158.7647,113.0588,134.1765,14.7059,168.5294,6.1177,193.1176,104.4706
156.6053,111.9835,139.4555,2.6540,174.3231,-2.8154,191.4728,106.5141
184.5834,108.4713,153.9198,106.9633,158.5517,12.7813,189.2153,14.2893
178.5920,108.7440,154.2160,104.3120,170.3600,15.5200,194.7360,19.9520
178.4606,108.5228,154.4979,102.1328,176.6722,18.9793,200.6349,25.3693
176.5392,106.7147,149.7699,92.5106,187.2701,21.8372,214.0393,36.0413
168.1882,104.5242,149.6747,78.4680,208.0299,37.0051,226.5435,63.0612
161.8045,98.6882,153.4402,69.7936,218.6594,50.9144,227.0237,79.8090
157.0000,92.0000,157.0000,66.0000,242.0000,66.0000,242.0000,92.0000
225.2960,121.3539,152.9408,83.7292,165.3678,59.8312,237.7229,97.4559
224.6000,119.8000,153.0000,84.0000,164.2000,61.6000,235.8000,97.4000
203.2727,135.8590,153.5251,74.9183,173.2917,58.7823,223.0393,119.7231
185.9252,145.7310,155.5099,65.3476,183.9278,54.5949,214.3431,134.9783
174.8020,148.2114,159.2584,60.1309,191.0906,54.5134,206.6342,142.5939
198.9016,149.2956,161.6512,148.1836,164.3399,58.1146,201.5903,59.2266
164.6531,147.5135,154.4133,74.1284,190.7523,69.0578,200.9921,142.4430
162.6394,146.0328,156.0574,73.6312,192.5738,70.3115,199.1557,142.7131
162.0000,141.0000,162.0000,69.0000,196.0000,69.0000,196.0000,141.0000
170.6923,142.4615,157.1539,74.7692,194.4615,67.3077,208.0000,135.0000
175.2418,141.5876,156.5415,78.2945,193.9990,67.2276,212.6993,130.5207
173.6032,138.2873,159.6570,74.8955,197.4670,66.5773,211.4132,129.9691
170.7988,135.1541,158.6519,71.9900,198.1155,64.4008,210.2625,127.5649
193.3795,134.7018,165.7460,132.1432,172.2506,61.8936,199.8841,64.4522
198.8229,132.0464,166.8272,130.9238,169.2084,63.0600,201.2041,64.1826
167.0863,130.3301,164.6356,64.1616,202.7685,62.7493,205.2192,128.9178
166.3982,130.6738,161.8174,65.3988,202.7562,62.5259,207.3369,127.8009
167.3083,130.5768,161.7300,65.8681,203.7625,62.2446,209.3408,126.9534
167.0716,129.1539,165.9412,63.5872,205.9465,62.8975,207.0770,128.4642
167.1409,129.2124,165.3767,63.9358,206.3467,62.8285,208.1109,128.1051
206.9339,128.6352,166.8562,127.9065,168.0304,63.3278,208.1081,64.0565
167.0000,128.0000,167.0000,65.0000,208.0000,65.0000,208.0000,128.0000
204.5153,130.2107,166.1957,126.6461,172.3062,60.9587,210.6258,64.5233
204.6282,129.1977,163.5959,126.7358,167.4353,62.7461,208.4675,65.2081
161.2708,127.8739,157.9015,67.2277,205.7538,64.5692,209.1231,125.2154
160.2123,127.8215,156.8431,67.1754,204.7508,64.5138,208.1200,125.1600
188.1766,142.4971,155.0864,124.2975,190.7889,59.3839,223.8791,77.5835
184.0294,142.6176,152.7059,123.8235,191.0000,60.0000,222.3235,78.7941
181.8235,141.2941,152.2647,123.5588,190.4706,59.8824,220.0294,77.6176
185.4034,145.0944,150.2532,123.4635,189.4635,59.7468,224.6137,81.3777
196.7616,128.4356,152.7110,126.8041,155.0945,62.4479,199.1452,64.0795
179.0858,140.6235,149.9897,122.9581,189.2498,58.2945,218.3458,75.9599
194.9324,135.8893,158.0716,120.1781,187.9802,50.0080,224.8410,65.7191
183.8356,135.4384,154.6849,124.5068,184.1096,46.0411,213.2603,56.9726
183.1234,135.1128,153.9730,124.9441,181.5574,45.8688,210.7078,56.0376
187.6483,136.7404,150.0362,123.9523,175.7099,48.4414,213.3220,61.2295
186.7189,135.7420,159.1317,125.2923,189.6577,44.7037,217.2449,55.1534
185.3212,134.1168,160.8321,125.2117,190.0000,45.0000,214.4890,53.9051
198.2070,135.2962,166.6974,126.0287,190.0414,46.6592,221.5510,55.9268
203.4639,134.3461,172.2210,127.6168,190.3409,43.4888,221.5838,50.2181
207.7551,131.4411,176.5838,126.7886,189.0789,43.0715,220.2502,47.7239
208.4247,132.9529,173.7159,126.1914,190.2905,41.1085,224.9993,47.8700
213.6877,132.8980,176.5170,126.7813,190.7724,40.1524,227.9431,46.2691
205.3458,131.2226,176.0490,126.6837,189.4463,40.2100,218.7431,44.7489
188.8294,132.7823,181.9471,43.3118,217.8882,40.5471,224.7706,130.0176
196.0044,136.8965,177.8391,48.3407,209.6788,41.8095,227.8442,130.3653
197.2013,138.8562,178.8795,49.5375,213.4012,42.4561,231.7230,131.7748
181.0000,136.0000,181.0000,46.0000,219.0000,46.0000,219.0000,136.0000
183.0000,138.0000,183.0000,48.0000,219.0000,48.0000,219.0000,138.0000
218.9380,139.0552,178.3724,136.6690,183.6621,46.7448,224.2276,49.1310
217.8897,138.8759,179.3759,136.6104,184.7069,45.9828,223.2207,48.2483
184.0000,138.0000,184.0000,48.0000,220.0000,48.0000,220.0000,138.0000
185.0000,138.0000,185.0000,48.0000,221.0000,48.0000,221.0000,138.0000
186.9107,138.4128,185.8375,47.1901,220.9386,46.7772,222.0118,137.9999
186.9225,138.4127,185.8494,47.2018,220.9505,46.7888,222.0235,137.9997
187.0000,138.0000,187.0000,48.0000,222.0000,48.0000,222.0000,138.0000
190.8298,139.1222,187.6350,47.5360,220.8388,46.3777,224.0336,137.9639
189.9115,138.3848,188.8624,48.1644,221.9626,47.7795,223.0116,137.9999
189.8977,139.1989,188.8390,48.1530,221.9508,47.7680,223.0095,138.8138
191.7172,139.6962,189.6163,48.3077,221.9210,47.5650,224.0219,138.9535
190.8751,139.3779,189.8020,48.1670,221.9387,47.7890,223.0118,138.9999
191.0000,139.0000,191.0000,49.0000,222.0000,49.0000,222.0000,139.0000
191.8040,139.7666,189.6510,49.3416,221.8946,48.5739,224.0476,138.9989
191.8246,139.5453,189.7020,49.3364,221.9195,48.5784,224.0421,138.7872
190.8987,139.3894,189.8371,49.1549,222.9502,48.7653,224.0118,138.9999
191.8766,139.3852,190.8272,49.1415,223.9507,48.7564,225.0000,139.0000
190.0000,140.0000,190.0000,49.0000,224.0000,49.0000,224.0000,140.0000
191.8986,139.3777,190.8372,49.1549,222.9503,48.7771,224.0118,138.9999
191.9229,140.3730,190.8624,49.1644,223.9509,48.7796,225.0115,139.9883
191.9316,141.2508,190.8353,49.1686,222.9260,48.7866,224.0223,140.8688
193.8285,140.7099,191.7239,51.2653,222.9184,50.5314,225.0230,139.9759
192.0000,140.0000,192.0000,51.0000,224.0000,51.0000,224.0000,140.0000
192.9228,140.3614,191.8741,50.1759,223.9628,49.8027,225.0115,139.9883
191.0000,140.0000,191.0000,50.0000,225.0000,50.0000,225.0000,140.0000
224.9975,140.2118,190.0729,139.8009,191.1316,49.8133,226.0562,50.2242
223.9666,140.4040,188.1060,139.5501,190.2482,49.5773,226.1088,50.4312
223.9976,140.2024,188.0622,139.7746,189.1335,49.7873,225.0689,50.2151
189.0000,140.0000,189.0000,50.0000,223.0000,50.0000,223.0000,140.0000
196.0000,140.0000,196.0000,53.0000,222.0000,53.0000,222.0000,140.0000
195.0000,140.0000,195.0000,55.0000,222.0000,55.0000,222.0000,140.0000
201.2488,141.7726,193.5218,55.6711,219.8609,53.3073,227.5880,139.4088
199.5805,139.3094,198.3640,59.0248,218.7987,58.7152,220.0152,138.9998
198.8256,139.3955,194.9060,58.3916,216.0984,57.3662,220.0179,138.3701
192.9100,139.4208,191.6006,58.2323,217.7067,57.8112,219.0161,138.9997
193.7080,140.6195,188.3407,60.1106,213.7611,58.4159,219.1283,138.9248
192.6418,139.5980,188.7799,59.7848,213.2066,58.6029,217.0685,138.4160
190.2112,139.9698,184.9706,60.0511,211.8387,58.2893,217.0792,138.2079
189.5655,140.2125,183.0780,59.7679,210.5927,57.5490,217.0801,137.9936
188.8108,139.8649,183.5959,60.3380,210.8558,58.5504,216.0706,138.0773
189.3988,141.1453,182.9049,60.6206,209.6663,58.4624,216.1603,138.9871
189.1247,141.1209,182.6124,61.6711,209.5625,59.4621,216.0748,138.9119
189.2061,141.1142,182.7552,62.4135,208.7120,60.2859,215.1628,138.9866
189.9853,141.0173,183.6516,62.4797,208.7464,60.4559,215.0801,138.9935
191.0589,140.9307,184.5715,60.4862,208.6728,58.5425,215.1602,138.9871
190.8987,140.9436,184.5650,62.4061,208.7465,60.4559,215.0801,138.9935
192.0460,142.7705,185.5521,62.2458,208.6599,60.3823,215.1538,140.9070
191.5715,142.6441,185.9813,62.9838,209.4796,61.3348,215.0698,140.9951
190.4381,142.5708,185.1328,62.9912,208.7611,61.4159,214.0664,140.9956
192.6931,143.6835,186.6159,63.1611,209.0729,61.4662,215.1501,141.9887
191.9724,143.8571,185.5521,64.2458,208.5798,62.3887,215.0000,142.0000
192.6931,144.6835,186.6853,65.0804,209.0673,63.3911,215.0750,142.9943
192.9351,144.8086,186.4229,65.3588,208.5692,63.5435,215.0814,142.9933
192.7592,144.7651,186.5010,65.9126,208.8207,64.1412,215.0789,142.9937
193.7992,144.7097,187.4332,65.7715,208.7141,64.0553,215.0801,142.9935
192.7281,143.8284,186.3789,65.0985,208.6534,63.3022,215.0026,142.0320
192.3787,144.4911,186.8994,65.0414,209.5846,63.4769,215.0639,142.9266
193.5648,144.6248,187.7285,65.8349,210.2346,64.1678,216.0710,142.9577
193.8082,144.8219,187.4397,65.8516,209.7142,64.0553,216.0827,143.0256
193.5136,144.5627,187.7813,65.7432,210.3347,64.1029,216.0671,142.9224
193.4474,144.4864,188.0083,65.6201,210.6249,64.0604,216.0639,142.9266
193.2189,143.8381,188.0918,65.6497,210.8954,64.1544,216.0225,142.3428
193.2957,143.8613,187.9951,65.6783,210.7887,64.1330,216.0892,142.3160
194.8470,144.7338,188.3828,65.8703,210.6105,64.0483,217.0748,142.9119
195.9478,143.7841,189.3477,65.9027,211.4769,64.0274,218.0770,141.9087
196.2911,142.7938,190.9997,64.7458,212.7978,63.2679,218.0892,141.3160
196.1288,143.0421,189.1737,65.1452,212.1335,63.0952,219.0886,140.9921
196.5189,142.6350,190.7866,63.8155,213.4123,62.1700,219.1447,140.9895
197.1208,142.9535,190.1500,64.8795,213.1098,62.8295,220.0807,140.9035
197.0712,143.0113,190.2157,64.8583,213.2315,62.8393,220.0871,140.9924
197.0156,141.9814,190.3573,64.7451,213.3417,62.7636,220.0000,140.0000
197.0157,141.9814,190.3382,64.5226,213.4081,62.5338,220.0856,139.9926
196.0934,141.4942,191.2218,63.5486,215.1907,62.0506,220.0623,139.9961
197.7907,142.3796,189.3960,64.0290,211.8171,61.6267,220.2119,139.9773
198.6734,141.2850,190.2787,62.9344,211.7112,60.6381,220.1059,138.9887
198.4245,140.2883,190.1151,61.9423,211.7955,59.6429,220.1049,137.9889
197.8552,140.3487,189.4409,61.0139,211.6906,58.6540,220.1049,137.9889
198.3040,140.5086,188.5484,60.0244,209.4832,57.4869,219.2389,137.9710
197.3967,140.6366,191.3730,61.1233,214.0459,59.4056,220.0696,138.9190
197.5588,139.7532,191.2618,59.1514,213.8583,57.3861,220.1553,137.9879
198.3596,140.1565,189.9467,59.6324,211.7829,57.3510,220.1959,137.8751
198.4094,140.1196,190.0432,58.8485,212.7148,56.5147,221.0809,137.7858
198.9249,141.3618,189.3277,59.7850,212.4778,57.0614,222.0751,138.6382
198.5892,141.1840,188.0056,60.0427,212.4163,56.8587,223.0000,138.0000
199.4442,141.0725,188.7323,58.9479,212.4164,55.8587,223.1283,137.9833
198.2253,141.9147,188.6007,60.1058,213.6075,57.1638,223.2321,138.9727
197.6060,142.3123,187.0558,61.4275,212.4498,58.1152,223.0000,139.0000
197.0610,141.5488,188.1829,61.6463,214.7439,58.6951,223.6219,138.5976
204.1530,144.8897,179.6513,66.4840,203.0534,59.1708,227.5552,137.5765
200.0913,142.8423,179.7262,66.4730,205.1203,59.7012,225.4855,136.0705
196.4832,141.6283,181.7806,66.0149,209.7777,60.5710,224.4803,136.1844
191.0470,141.7570,181.2750,67.4901,214.1014,63.1709,223.8734,137.4377
186.8360,142.1967,180.3033,70.3361,218.1721,66.8934,224.7049,138.7541
185.5676,141.6617,180.3588,71.3438,218.0041,68.5553,223.2128,138.8731
178.0000,139.0000,178.0000,73.0000,222.0000,73.0000,222.0000,139.0000
175.7502,140.7602,174.4109,75.1345,221.7177,74.1690,223.0570,139.7947
175.1897,142.2241,171.2724,75.6310,221.2759,72.6897,225.1931,139.2828
175.7916,144.3255,168.2816,77.9870,216.8105,72.4931,224.3206,138.8316
217.6216,140.2703,160.5405,130.7568,170.0540,73.6757,227.1351,83.1892
169.3927,142.5598,163.9512,75.9019,211.1874,72.0459,216.6289,138.7038
175.6439,145.0049,160.8049,75.7561,202.6683,66.7854,217.5073,136.0341
178.1817,141.6438,156.7753,75.6404,191.3787,64.4177,212.7852,130.4210
175.9236,138.1401,157.0382,73.9299,190.9299,63.9618,209.8153,128.1720
170.2947,137.6037,160.6164,71.7917,194.0406,66.8764,203.7189,132.6884
164.8414,137.0966,159.3724,71.4690,189.0000,69.0000,194.4690,134.6276
180.8000,140.6000,149.8000,78.6000,171.4000,67.8000,202.4000,129.8000
175.9699,142.4743,148.2008,76.8382,171.2321,67.0941,199.0013,132.7302
170.4140,148.5924,134.9490,83.5733,166.0573,66.6051,201.5223,131.6242
167.7888,149.4004,131.8134,83.1299,166.1513,64.4893,202.1267,130.7598
198.8820,130.2681,142.7400,125.0456,148.2242,66.0906,204.3662,71.3132
146.0000,127.0000,146.0000,67.0000,197.0000,67.0000,197.0000,127.0000
146.0000,128.0000,146.0000,66.0000,194.0000,66.0000,194.0000,128.0000
150.1957,129.3925,146.4958,65.2598,183.8330,63.1058,187.5330,127.2385
156.3158,130.9301,145.7772,66.5274,170.7450,62.4417,181.2836,126.8445
159.4683,132.1854,145.7415,68.1268,165.5463,63.8829,179.2732,127.9415
151.8405,132.4475,147.8288,68.2607,172.1712,66.7393,176.1829,130.9261
153.7059,137.8235,137.1177,71.4706,167.9412,63.7647,184.5294,130.1176
152.8233,139.3250,133.0732,72.4784,166.2874,62.6651,186.0376,129.5117
151.0579,130.7222,149.6416,64.1566,185.7104,63.3891,187.1267,129.9547
159.3076,132.5631,150.5300,59.4164,181.7997,55.6640,190.5773,128.8107
163.5040,132.7215,149.7308,58.3462,176.7308,53.3462,190.5040,127.7215
170.8000,133.6000,146.9514,56.0919,166.4865,50.0811,190.3351,127.5892
175.4000,131.2000,150.3000,55.9000,167.4000,50.2000,192.5000,125.5000
176.5896,129.8772,150.7749,54.4191,166.2529,49.1240,192.0676,124.5821
178.0932,128.1284,153.5340,50.3577,169.7582,45.2343,194.3174,123.0050
180.8815,126.8917,150.0825,46.8144,168.9794,39.5464,199.7784,119.6237
178.8999,125.9697,155.3675,48.3129,173.2136,42.9050,196.7460,120.5618
179.2264,125.9580,155.2196,48.4813,175.8064,42.1023,199.8132,119.5790
177.8555,124.0144,161.3633,46.6275,183.8031,41.8452,200.2954,119.2321
177.7902,123.3821,163.5693,44.5203,186.3212,40.4175,200.5422,119.2793
178.1047,123.8250,163.4181,46.3862,189.1311,41.5096,203.8178,118.9483
174.2800,124.0400,161.0160,51.0880,195.4240,44.8320,208.6880,117.7840
177.0143,124.3669,161.1277,58.3767,191.7773,50.9981,207.6638,116.9883
178.4137,124.6676,158.1292,61.2787,191.0392,50.7475,211.3237,114.1364
179.1841,126.8313,159.2119,65.5831,192.7736,54.6390,212.7458,115.8872
179.2296,128.5952,160.5210,68.4602,194.3976,57.9208,213.1062,118.0558
179.8920,133.7145,162.1912,73.2367,196.0247,63.3342,213.7255,123.8121
180.4865,133.9189,170.8108,75.8649,202.1081,70.6487,211.7838,128.7027
178.0881,133.8653,174.4508,77.4871,205.3544,75.4933,208.9917,131.8715
185.6585,138.0732,173.7610,82.5512,204.8342,75.8927,216.7317,131.4146
200.7225,142.8524,170.5727,90.5927,199.3141,74.0111,229.4639,126.2708
207.2450,141.9572,167.7206,100.4566,193.6897,75.7242,233.2141,117.2247
219.9053,135.6272,172.3314,115.8047,187.0059,80.5858,234.5799,100.4083
221.0723,129.5239,182.7272,126.6835,185.7640,85.6862,224.1091,88.5266
193.4034,134.0944,183.0172,90.4721,236.2832,77.7897,246.6695,121.4120
190.3661,126.4022,186.8454,71.2439,225.7931,68.7579,229.3138,123.9162
216.6597,135.2663,183.8298,116.6331,214.5641,62.4823,247.3939,81.1155
211.4915,130.9967,184.5215,120.4202,211.0260,52.8337,237.9960,63.4102
218.7470,124.2882,186.7059,121.8235,191.6235,57.8941,223.6647,60.3588
220.7709,123.6115,189.7465,120.8901,195.4016,56.4212,226.4261,59.1427
190.0000,123.0000,190.0000,53.0000,222.0000,53.0000,222.0000,123.0000
193.3998,123.6379,187.2549,52.3573,219.1900,49.6043,225.3349,120.8849
199.9029,129.4949,180.0585,57.7498,209.4088,49.6316,229.2531,121.3768
203.9433,127.2526,180.4897,66.2732,208.9691,55.3196,232.4227,116.2990
216.5541,117.8243,170.2973,84.7838,189.3513,58.1081,235.6081,91.1486
186.5965,112.7659,182.1741,70.0165,227.8576,65.2906,232.2800,108.0400
192.1764,118.5599,168.3064,92.9217,208.1860,55.7924,232.0560,81.4306
197.0901,119.9785,177.3391,107.8240,209.4420,55.6566,229.1931,67.8111
215.5647,118.6588,191.7059,116.8235,197.1941,45.4765,221.0529,47.3118
209.0198,118.8020,189.0198,116.8020,196.3465,43.5347,216.3465,45.5347
196.4713,115.4265,192.7631,41.2618,213.1122,40.2444,216.8204,114.4090
198.6769,110.6740,186.7068,36.8584,207.5901,33.4719,219.5602,107.2875
199.8235,106.7059,184.2235,36.5059,206.1412,31.6353,221.7412,101.8353
198.7572,101.1199,180.6808,41.3290,203.8216,34.3330,221.8979,94.1239
197.5484,100.4096,179.8696,42.0698,210.7603,32.7090,228.4390,91.0488
199.7399,100.0456,179.0590,46.8660,212.7909,33.7480,233.4718,86.9276
225.8499,102.9939,176.0494,90.9211,187.3730,44.2116,237.1735,56.2845
197.0565,97.2037,195.6984,44.2385,229.6248,43.3686,230.9829,96.3338
225.6431,99.7771,197.7596,98.9321,199.4670,42.5899,227.3504,43.4349
191.6280,81.2040,165.0560,62.8080,197.7080,15.6440,224.2800,34.0400
190.7608,81.4777,163.4016,60.7914,203.4716,7.7956,230.8308,28.4818
189.2453,85.6155,161.4060,64.4046,199.3056,14.6614,227.1449,35.8723
184.5552,82.2934,161.5016,64.1798,199.2903,16.0852,222.3439,34.1987
186.4690,82.3724,161.4703,67.1558,194.1628,13.4469,219.1614,28.6634
191.0103,82.2268,164.6598,70.5155,190.4330,12.5258,216.7835,24.2371
173.0000,77.0000,173.0000,14.0000,194.0000,14.0000,194.0000,77.0000
167.3378,77.4730,165.1414,9.3825,190.3410,8.5696,192.5374,76.6601
166.0000,77.0000,166.0000,12.0000,192.0000,12.0000,192.0000,77.0000
167.0000,81.0000,167.0000,15.0000,190.0000,15.0000,190.0000,81.0000
168.0000,80.0000,168.0000,10.0000,190.0000,10.0000,190.0000,80.0000
189.9415,77.2805,167.6485,76.7089,169.3666,9.7017,191.6597,10.2733
167.0000,75.0000,167.0000,11.0000,191.0000,11.0000,191.0000,75.0000
172.0000,63.0000,172.0000,9.0000,195.0000,9.0000,195.0000,63.0000
176.5846,67.6769,169.4923,10.9385,191.8923,8.1385,198.9846,64.8769
178.4508,71.9590,172.9344,11.2787,196.2869,9.1557,201.8033,69.8361
177.0000,65.0000,177.0000,9.0000,200.0000,9.0000,200.0000,65.0000
183.5676,68.4054,174.4324,13.5946,196.6487,9.8919,205.7838,64.7027
2
0
0
0
0
1
194.1604,112.8635,154.0854,81.2253,169.3669,61.8686,209.4420,93.5068
197.5641,110.6225,155.1326,84.6921,169.2225,61.6360,211.6539,87.5663
198.2000,107.6000,156.2000,86.6000,168.4000,62.2000,210.4000,83.2000
158.2419,104.1670,145.9539,81.8253,187.7198,58.8541,200.0077,81.1958
166.3394,99.1267,151.3575,85.5068,183.5747,50.0679,198.5566,63.6878
162.8293,103.5366,141.0732,76.3415,175.5854,48.7317,197.3415,75.9268
170.3772,104.3322,139.3391,94.8858,149.9602,59.9879,180.9983,69.4343
143.0000,104.0000,143.0000,66.0000,178.0000,66.0000,178.0000,104.0000
141.0000,104.0000,141.0000,65.0000,175.0000,65.0000,175.0000,104.0000
170.0975,105.8781,135.8293,78.4634,153.5854,56.2683,187.8537,83.6829
172.8804,105.3906,133.9528,86.5979,146.5622,60.4783,185.4899,79.2710
172.7230,104.8271,135.7594,87.0845,148.7269,60.0689,185.6905,77.8114
147.5568,109.0595,136.1838,72.0973,167.3838,62.4973,178.7568,99.4595
139.4502,107.0778,136.7463,70.5743,181.5007,67.2592,184.2047,103.7626
182.0787,116.1197,135.4869,106.4801,142.2052,74.0080,188.7970,83.6477
179.3539,120.1692,136.6461,114.8308,142.1077,71.1385,184.8154,76.4769
153.8624,123.5413,125.5367,108.2890,145.5413,71.1376,173.8670,86.3899
156.8660,122.0515,130.1443,110.1753,146.3918,73.6186,173.1134,85.4948
160.9434,118.6981,135.9811,111.5660,146.6226,74.3208,171.5849,81.4528
154.8000,118.4000,130.8000,106.4000,149.0000,70.0000,173.0000,82.0000
162.4855,116.9295,137.2780,110.2075,148.3320,68.7552,173.5394,75.4772
152.9785,115.9099,129.8798,101.6953,151.8197,66.0429,174.9185,80.2575
160.5516,114.2349,138.6868,107.4021,151.7473,65.6085,173.6121,72.4413
169.6523,111.2585,145.4492,109.9138,147.8554,66.6031,172.0585,67.9477
148.0000,111.0000,148.0000,68.0000,172.0000,68.0000,172.0000,111.0000
150.0000,111.0000,150.0000,66.0000,172.0000,66.0000,172.0000,111.0000
170.9300,112.1206,149.2646,110.7665,152.0934,65.5058,173.7588,66.8599
169.6345,113.1168,149.9492,111.7107,153.2538,65.4467,172.9391,66.8528
167.2692,115.6538,146.8846,111.5769,156.0384,65.8077,176.4230,69.8846
165.9057,116.8302,146.0943,111.1698,158.5094,67.7170,178.3208,73.3774
165.7000,116.9000,145.6000,110.2000,159.5000,68.5000,179.6000,75.2000
165.6000,118.2000,144.9000,111.3000,159.0000,69.0000,179.7000,75.9000
167.7170,117.4906,146.7170,111.4906,158.9434,68.6981,179.9434,74.6981
167.8165,117.9449,146.8991,111.6697,159.6697,69.1009,180.5872,75.3761
167.6415,117.7547,146.6415,111.7547,159.0566,68.3019,180.0566,74.3019
170.7600,117.3200,149.0240,113.3680,157.0560,69.1920,178.7920,73.1440
168.1765,119.2941,147.2353,114.0588,158.1765,70.2941,179.1176,75.5294
171.1622,118.0270,149.7568,114.4595,157.1081,70.3514,178.5135,73.9189
170.7600,118.3200,149.6400,114.4800,157.6400,70.4800,178.7600,74.3200
173.0690,117.1724,151.5517,115.3793,155.2345,71.1862,176.7517,72.9793
154.0000,116.0000,154.0000,72.0000,174.0000,72.0000,174.0000,116.0000
154.0000,116.0000,154.0000,72.0000,175.0000,72.0000,175.0000,116.0000
170.4971,118.7688,149.3064,115.5087,156.4509,69.0694,177.6416,72.3295
154.0000,116.0000,154.0000,68.0000,175.0000,68.0000,175.0000,116.0000
154.0000,116.0000,154.0000,69.0000,175.0000,69.0000,175.0000,116.0000
152.0000,115.0000,152.0000,66.0000,176.0000,66.0000,176.0000,115.0000
169.1927,117.9019,145.6158,113.0240,156.1448,62.1334,179.7218,67.0114
169.4566,116.4776,146.4862,112.8885,154.6082,60.9075,177.5787,64.4967
156.0000,116.0000,156.0000,62.0000,174.0000,62.0000,174.0000,116.0000
157.0000,115.0000,157.0000,62.0000,174.0000,62.0000,174.0000,115.0000
169.6347,116.7448,153.7855,115.1986,159.0795,60.9346,174.9287,62.4808
169.8059,116.5235,154.8177,115.3706,159.0529,60.3118,174.0412,61.4647
170.2386,116.6599,155.7411,115.6244,159.7614,59.3401,174.2589,60.3756
170.3096,116.6650,155.8833,115.6345,159.8376,60.2741,174.2640,61.3046
170.0941,117.7765,155.5647,116.6588,159.9059,60.2235,174.4353,61.3412
171.1869,118.9768,156.7108,117.9045,160.9127,61.1787,175.3888,62.2510
171.3553,118.0254,156.8579,116.9899,160.8426,61.2030,175.3401,62.2386
172.2207,117.3517,155.0897,115.9241,159.7448,60.0621,176.8759,61.4896
171.7298,118.6216,150.6487,115.1081,159.7027,60.7838,180.7838,64.2973
171.6782,121.4211,148.6400,112.5200,167.9092,62.6467,190.9474,71.5479
171.6518,121.5072,151.2672,118.6760,158.8751,63.8993,179.2597,66.7305
171.7800,121.5400,145.8800,117.8400,153.9400,61.4200,179.8400,65.1200
168.5188,122.5092,150.4865,70.0515,174.9406,61.6454,192.9729,114.1031
168.2077,122.7615,153.1615,67.5923,175.3308,61.5461,190.3769,116.7154
172.5294,122.8824,151.1176,117.5294,165.2353,61.0588,186.6471,66.4118
160.0000,123.0000,160.0000,63.0000,181.0000,63.0000,181.0000,123.0000
172.7317,124.4146,154.8415,122.4268,161.5610,61.9512,179.4512,63.9390
172.6416,125.5461,154.9454,123.4642,162.0921,62.7167,179.7884,64.7986
170.7562,126.3235,153.9578,123.2291,165.0696,62.9076,181.8680,66.0020
171.5676,128.5946,154.3784,125.7297,164.6487,64.1081,181.8378,66.9730
167.2033,129.9876,154.6382,68.9569,174.4174,64.8847,186.9826,125.9154
160.0000,129.0000,160.0000,67.0000,182.0000,67.0000,182.0000,129.0000
167.6471,130.5883,152.6471,70.5882,174.2941,65.1765,189.2941,125.1765
168.6257,130.3638,152.8448,70.7470,174.8335,64.9265,190.6144,124.5433
168.5538,129.9692,152.4353,72.6588,175.9792,66.0371,192.0977,123.3475
168.6406,130.0498,150.8292,73.0534,175.0285,65.4911,192.8399,122.4875
169.4437,131.9373,148.8120,75.6689,174.5514,66.2311,195.1832,122.4995
169.0405,131.7433,147.7724,75.6726,174.0291,65.7131,195.2973,121.7838
174.8176,132.3706,150.2706,130.4823,154.9471,69.6882,179.4941,71.5765
173.8656,132.3771,147.8933,129.8432,154.0595,66.6399,180.0318,69.1738
173.8975,132.3673,147.6451,130.3984,152.3213,68.0491,178.5736,70.0180
173.8975,133.3673,147.7197,131.4040,152.3959,69.0547,178.5737,71.0180
174.9434,134.1878,144.1561,132.7217,147.1358,70.1493,177.9231,71.6154
174.3595,134.7753,143.6854,127.6966,157.1854,69.1966,187.8595,76.2753
174.6000,135.2000,141.6000,124.2000,160.0000,69.0000,193.0000,80.0000
174.3594,136.0498,139.9680,125.3025,157.1922,70.1850,191.5836,80.9324
174.4631,135.7540,139.3831,125.0152,156.1824,70.1375,191.2624,80.8763
175.5194,135.7086,139.1755,125.4869,154.5692,70.7538,190.9131,80.9756
175.8795,135.5890,139.9073,128.2310,151.5533,71.2950,187.5255,78.6530
175.7600,136.3200,139.6800,129.7600,150.1920,71.9440,186.2720,78.5040
175.9890,136.1812,138.9433,133.9360,142.6779,72.3138,179.7237,74.5590
141.9471,145.1042,120.9752,80.7907,156.5216,69.1995,177.4934,133.5130
139.8362,139.5746,130.1027,74.6846,167.5599,69.0660,177.2934,133.9560
143.9465,144.5927,122.1241,80.4897,157.0929,68.5854,178.9152,132.6884
142.3698,139.3057,130.1887,74.3396,166.6566,67.5019,178.8377,132.4679
146.1430,140.8480,125.8862,77.3768,158.5197,66.9618,178.7765,130.4330
146.4936,140.1329,126.3378,75.0145,158.6689,65.0072,178.8246,130.1257
143.3733,138.8215,128.8655,71.5584,162.8156,64.2358,177.3233,131.4989
141.3190,136.2833,130.7194,68.7107,165.6826,63.2263,176.2822,130.7989
149.0039,136.6833,132.9279,68.8065,158.1698,62.8282,174.2459,130.7049
148.1089,134.0891,141.0000,63.0000,163.3762,60.7624,170.4852,131.8515
147.4157,134.1214,145.8503,62.1119,167.0576,61.6509,168.6231,133.6604
148.0000,134.0000,148.0000,61.0000,169.0000,61.0000,169.0000,134.0000
149.2328,132.2447,147.6618,63.1213,168.9917,62.6366,170.5627,131.7599
148.0000,133.0000,148.0000,60.0000,169.0000,60.0000,169.0000,133.0000
148.1791,133.1337,146.7675,61.1418,169.0530,60.7048,170.4646,132.6968
146.0000,136.0000,146.0000,62.0000,169.0000,62.0000,169.0000,136.0000
146.0000,136.0000,146.0000,63.0000,170.0000,63.0000,170.0000,136.0000
168.5130,139.4025,144.5460,138.8814,146.1341,65.8290,170.1011,66.3500
168.2194,137.6875,143.5564,136.7569,146.2055,66.5549,170.8685,67.4856
163.6245,138.2745,144.2206,137.8526,145.7879,65.7563,165.1918,66.1781
144.6698,138.1527,143.1904,67.1419,162.9110,66.7310,164.3904,137.7419
144.1099,138.2963,141.7425,67.2753,165.3496,66.4884,167.7170,137.5094
143.0000,138.0000,143.0000,67.0000,166.0000,67.0000,166.0000,138.0000
161.3434,139.4137,142.4537,138.6581,145.3355,66.6134,164.2253,67.3690
143.0000,139.0000,143.0000,67.0000,162.0000,67.0000,162.0000,139.0000
143.0000,140.0000,143.0000,68.0000,162.0000,68.0000,162.0000,140.0000
143.0000,140.0000,143.0000,69.0000,162.0000,69.0000,162.0000,140.0000
159.9183,140.6840,139.7041,139.2899,144.3811,71.4746,164.5953,72.8687
144.2532,140.1682,142.9435,72.0588,163.5704,71.6621,164.8802,139.7715
144.0000,139.0000,144.0000,68.0000,164.0000,68.0000,164.0000,139.0000
144.0000,138.0000,144.0000,69.0000,164.0000,69.0000,164.0000,138.0000
145.9792,138.3555,143.6559,66.3337,164.1507,65.6725,166.4740,137.6944
145.0000,139.0000,145.0000,67.0000,166.0000,67.0000,166.0000,139.0000
164.5000,138.5000,144.6753,137.7657,147.2740,67.6027,167.0986,68.3370
146.0000,137.0000,146.0000,67.0000,167.0000,67.0000,167.0000,137.0000
147.0000,138.0000,147.0000,67.0000,167.0000,67.0000,167.0000,138.0000
147.0000,137.0000,147.0000,70.0000,167.0000,70.0000,167.0000,137.0000
165.8703,137.5935,145.1222,136.5561,148.6209,66.5810,169.3691,67.6184
165.7631,136.7382,145.0648,135.7032,148.3666,69.6683,169.0648,70.7032
148.0000,136.0000,148.0000,66.0000,168.0000,66.0000,168.0000,136.0000
165.8180,136.6409,144.2718,135.5636,147.7731,65.5387,169.3192,66.6160
147.0000,136.0000,147.0000,70.0000,168.0000,70.0000,168.0000,136.0000
165.0249,137.4774,144.2625,136.4887,147.4027,70.5430,168.1652,71.5317
147.0000,136.0000,147.0000,71.0000,168.0000,71.0000,168.0000,136.0000
147.0000,137.0000,147.0000,66.0000,168.0000,66.0000,168.0000,137.0000
147.0000,137.0000,147.0000,67.0000,167.0000,67.0000,167.0000,137.0000
149.1032,138.6867,142.9456,67.8743,164.6510,65.9869,170.8086,136.7993
147.8496,137.7434,143.1770,67.6549,163.2212,66.3186,167.8938,136.4071
147.7476,138.7153,142.7293,66.7863,162.8638,65.3816,167.8821,137.3105
148.1098,138.9878,140.1463,67.3171,161.3293,64.9634,169.2927,136.6342
161.6302,139.5057,133.3792,138.2774,136.6019,64.1566,164.8528,65.3849
137.0000,139.0000,137.0000,65.0000,163.0000,65.0000,163.0000,139.0000
161.6846,139.5702,135.4801,138.4783,138.5303,65.2721,164.7348,66.3640
157.9811,140.7865,132.1514,136.7081,143.7540,63.2243,169.5838,67.3027
159.3293,141.0366,134.5244,138.2805,142.8171,63.6463,167.6219,66.4025
