1
324.5992,85.2359,332.0126,124.2781,261.6207,137.6441,254.2073,98.6019
326.1084,91.7063,331.2411,129.0959,259.6367,138.9255,254.5040,101.5359
326.9884,94.4025,331.6223,132.8771,263.6719,141.0610,259.0380,102.5864
328.2642,98.0389,332.3074,134.6245,264.6528,142.1013,260.6096,105.5157
330.0326,99.7752,332.9046,136.8028,258.1297,142.6027,255.2576,105.5751
338.3507,101.6996,341.1056,138.4581,257.1393,144.7511,254.3844,107.9926
334.2900,103.0010,337.6439,140.4206,264.4374,146.9821,261.0834,109.5626
330.7219,104.3538,333.7491,141.4493,253.5136,147.9969,250.4864,110.9014
326.8932,104.3620,330.5145,140.3734,249.2930,148.5410,245.6718,112.5295
324.8134,104.7167,327.9115,142.8998,248.7820,149.3203,245.6838,111.1372
322.1746,104.8434,326.7693,142.8458,254.2099,151.6186,249.6153,113.6161
319.5764,103.5147,325.6261,142.0837,252.6649,153.5280,246.6152,114.9590
316.1662,101.6191,325.7032,139.9801,257.9002,156.8368,248.3632,118.4758
316.5209,100.5419,324.8326,137.9468,252.3754,154.0475,244.0636,116.6426
315.6249,98.3406,325.3460,134.8511,253.5484,153.9676,243.8273,117.4570
314.7516,96.6318,325.7076,132.9409,254.2940,154.4895,243.3380,118.1804
311.9707,95.4774,324.1365,132.9580,255.1593,155.3474,242.9934,117.8668
311.1339,97.0654,321.1917,130.5198,251.4010,151.5018,241.3432,118.0475
309.6326,95.4665,319.9391,126.2371,252.2557,148.9073,241.9492,118.1367
309.3405,92.4117,322.2965,129.3523,256.0548,152.5851,243.0987,115.6444
308.6484,90.9169,320.9588,127.2969,257.5721,148.7460,245.2616,112.3660
305.4480,90.4167,318.6928,125.5890,258.9961,148.0689,245.7513,112.8967
304.6565,89.2966,318.1360,125.1456,255.4011,148.7345,241.9216,112.8855
300.5641,88.5639,316.1683,124.3087,257.7726,149.8010,242.1684,114.0562
299.2253,87.1163,312.4801,124.4213,252.0288,145.9002,238.7740,108.5951
298.2902,87.0928,311.5065,124.3575,254.3530,144.6275,241.1367,107.3628
297.4401,85.7990,309.3855,124.1632,251.4070,142.2159,239.4616,103.8516
296.5022,83.6569,309.1280,121.5704,250.7631,141.0068,238.1373,103.0933
294.1900,82.0357,307.7915,117.3513,251.1419,139.1695,237.5403,103.8540
291.9998,78.9796,305.1387,120.2983,248.6226,138.2697,235.4837,96.9511
289.2970,78.4338,299.5926,119.6035,242.6055,133.8547,232.3099,92.6850
286.4208,76.4769,299.3379,117.2184,243.8099,134.8235,230.8928,94.0821
280.6237,74.6145,298.4538,111.7935,246.9902,136.4741,229.1601,99.2950
273.8982,70.1044,296.9522,108.2300,248.0340,137.8101,224.9800,99.6844
275.9307,73.4821,296.0842,112.9063,244.7077,139.1698,224.5542,99.7457
272.9070,70.7307,293.2798,114.7026,240.8311,139.0028,220.4583,95.0309
269.6801,69.4662,293.0457,114.3272,240.5857,141.6508,217.2200,96.7899
271.5551,78.3604,291.9980,113.7777,240.8741,143.2866,220.4312,107.8692
270.3914,79.0162,292.0576,112.1547,242.2223,144.7375,220.5561,111.5990
270.8145,80.2147,291.4392,115.5282,239.4285,145.9048,218.8038,110.5913
266.4881,79.8667,292.2527,108.1946,247.1300,149.2343,221.3654,120.9064
267.1125,84.4147,290.1635,106.8952,248.8816,149.2247,225.8306,126.7442
265.1888,83.5538,290.7071,106.0259,251.2879,150.7886,225.7696,128.3165
261.5017,80.1272,289.7296,100.2784,254.2299,150.0063,226.0021,129.8550
258.8978,79.8584,288.6541,97.7615,255.4491,152.9508,225.6928,135.0477
249.0972,82.0948,282.5794,91.5006,266.3198,149.3804,232.8376,139.9746
247.5459,79.9057,280.9738,86.0059,269.8659,146.8750,236.4380,140.7748
249.2749,79.3242,282.7499,86.7727,270.3345,142.5699,236.8595,135.1214
249.1819,77.9450,282.6112,83.5579,272.5127,143.7028,239.0833,138.0898
246.7186,80.1061,280.3557,82.9846,275.4739,140.0302,241.8368,137.1516
247.6939,79.3123,282.7242,85.5965,273.1001,139.2452,238.0698,132.9610
245.5259,79.9903,281.6428,84.9159,274.2878,138.8460,238.1709,133.9204
245.9437,80.2101,282.3961,84.2948,276.3038,138.6622,239.8514,134.5774
246.4784,80.7920,282.7672,85.7826,275.6078,137.8414,239.3190,132.8509
246.8263,80.9196,283.3318,86.2462,275.4086,140.5470,238.9031,135.2203
245.1953,81.0370,282.2469,85.5304,275.6747,139.7234,238.6232,135.2301
244.6214,80.7083,282.8488,85.9967,275.4385,139.5620,237.2112,134.2736
246.1268,80.5794,282.1596,86.2434,273.6373,140.4604,237.6045,134.7964
243.7406,84.9985,283.9417,89.4764,278.2773,140.3297,238.0762,135.8519
243.4369,86.9111,282.7974,89.2520,279.7630,140.2742,240.4025,137.9334
244.6883,87.7278,284.9824,90.5394,281.3748,142.2400,241.0808,139.4283
246.4995,88.1874,284.8364,92.2360,279.5902,141.9134,241.2533,137.8648
247.3569,88.4478,284.8048,91.9668,279.9296,143.8472,242.4817,140.3283
245.6192,90.7313,285.4864,93.4514,282.1255,142.7088,242.2583,139.9886
248.2185,88.7520,286.2117,93.7635,279.7293,142.9078,241.7361,137.8963
252.9795,88.5658,290.2805,99.3829,276.9744,145.2666,239.6735,134.4495
264.2294,90.4410,290.1543,102.2388,269.0017,148.7200,243.0769,136.9222
254.2174,89.6646,290.3232,105.2556,271.9482,147.8088,235.8423,132.2178
255.3020,87.1723,292.5087,105.1655,271.8785,147.8250,234.6718,129.8318
266.8840,91.9699,291.3909,104.7029,268.7016,148.3727,244.1947,135.6397
266.4297,92.4525,291.3959,105.3385,268.5701,149.5628,243.6039,136.6767
261.8372,94.3778,289.2834,103.1194,274.8277,148.5065,247.3815,139.7649
269.3247,94.4266,292.9366,109.6569,267.3362,149.3457,243.7244,134.1155
268.7048,93.5739,292.2872,107.3211,267.3776,150.0517,243.7953,136.3045
258.1302,91.6745,290.7560,106.1761,271.4697,149.5669,238.8438,135.0653
255.2026,93.2479,288.6464,104.9431,273.6028,147.9622,240.1590,136.2670
254.5802,91.8861,287.5684,102.0241,273.6938,147.1708,240.7056,137.0328
255.0972,91.3998,287.8242,103.3042,271.6028,147.8996,238.8757,135.9952
253.6170,90.1583,289.2416,105.6444,270.9809,147.6517,235.3564,132.1656
252.5265,91.4471,286.3763,105.3471,269.3649,146.7739,235.5151,132.8739
254.6230,90.7500,286.0488,104.6309,267.6461,146.2938,236.2203,132.4129
255.3847,91.1246,286.7557,106.3726,267.3026,146.3952,235.9316,131.1472
253.6791,90.7392,287.8749,104.3813,270.8208,147.1299,236.6249,133.4878
253.5659,90.8864,286.5359,104.0084,269.7336,146.2254,236.7635,133.1033
251.3661,90.9510,285.8866,102.7931,270.9312,146.3892,236.4107,134.5472
253.2975,90.1362,286.4274,102.2642,269.8322,147.5971,236.7023,135.4691
254.0423,90.8982,286.1016,101.0028,271.3921,147.6722,239.3328,137.5676
253.7096,92.3642,286.1573,100.4307,275.0623,145.0608,242.6145,136.9943
256.9499,91.6013,288.7925,102.3315,274.0478,146.0877,242.2052,135.3575
259.4177,92.2449,289.2393,99.7192,277.7620,145.5122,247.9404,138.0378
258.7458,90.7745,290.8742,101.3422,276.4364,145.2367,244.3079,134.6690
264.0217,89.6030,292.7561,102.8886,273.5563,144.4143,244.8219,131.1287
267.5225,89.9696,293.8135,100.6367,275.2710,146.3382,248.9800,135.6712
269.3898,89.9151,293.6543,101.0016,272.6998,146.8640,248.4353,135.7775
268.6033,91.0798,294.1098,104.8737,271.2967,147.0580,245.7902,133.2641
268.5671,90.4991,293.8614,103.3935,271.3803,147.4936,246.0860,134.5992
270.4389,87.8132,295.9135,100.6912,272.0500,147.8967,246.5754,135.0186
268.1074,88.6041,293.0573,98.0323,273.9206,148.6736,248.9707,139.2453
265.5722,88.5863,293.3970,98.4717,275.9753,147.5094,248.1504,137.6241
262.0448,87.7309,292.0283,97.0894,276.7428,146.0620,246.7593,136.7035
267.3063,88.4792,292.4981,97.2964,275.1691,146.8076,249.9774,137.9904
268.8742,82.4953,295.1031,90.8060,277.3850,146.7247,251.1561,138.4140
268.3265,81.8075,294.8841,89.3863,278.9753,145.1334,252.4178,137.5546
264.5143,82.4568,295.8210,89.7165,283.0977,144.5849,251.7910,137.3253
261.7979,82.5418,295.0550,89.3908,284.7556,139.4025,251.4985,132.5536
285.6505,135.6934,251.9897,137.9423,248.6587,88.0858,282.3195,85.8368
290.0751,132.4953,252.4955,138.2211,244.9650,88.7972,282.5446,83.0714
288.5429,135.4333,249.4419,138.0746,246.0073,87.2304,285.1083,84.5892
292.9362,125.9230,257.4241,140.8969,239.5057,98.4018,275.0179,83.4278
290.7502,126.0487,257.9910,144.6577,234.7568,103.7562,267.5160,85.1472
290.2815,125.4984,258.9726,144.1509,235.3985,104.5808,266.7074,85.9284
287.6729,133.0645,253.7771,144.7638,237.1505,96.5924,271.0463,84.8931
287.3416,134.0560,254.6935,144.6060,239.3928,97.2566,272.0408,86.7066
284.5964,135.0961,251.2305,141.8781,241.8605,95.7800,275.2265,88.9980
289.2147,129.9683,258.5515,147.1529,233.6780,102.7703,264.3413,85.5856
292.2706,124.7132,261.6382,148.7005,229.4273,107.5662,260.0597,83.5790
287.6685,136.2806,247.8380,143.8996,238.2637,93.8471,278.0941,86.2281
291.4513,119.4377,261.4692,149.2084,225.8072,113.2933,255.7893,83.5226
291.2813,123.2597,258.5697,151.8649,224.8721,113.3300,257.5838,84.7247
286.8078,138.1452,245.4144,149.5748,231.9407,100.7785,273.3341,89.3489
286.2532,138.1055,247.5576,151.8339,230.6419,104.1547,269.3376,90.4263
288.3766,135.3224,251.3779,155.1611,226.4662,108.7013,263.4650,88.8627
287.3407,139.8001,246.1265,152.1378,231.4532,103.1217,272.6674,90.7840
291.0122,129.2496,256.9841,155.6047,224.8056,114.0577,258.8337,87.7026
292.0632,121.5928,268.9118,152.1403,225.9549,119.5840,249.1063,89.0365
293.3275,121.1774,269.6277,153.7199,224.4732,120.8352,248.1730,88.2926
292.8484,117.8919,271.5589,153.6049,222.7357,124.5002,244.0253,88.7871
289.8321,117.0328,268.1867,154.9144,218.8351,126.7150,240.4805,88.8335
289.5164,118.8982,270.3002,153.2254,219.8475,124.9822,239.0637,90.6550
285.3532,113.8248,267.7813,154.2056,216.0000,131.6728,233.5719,91.2919
283.3837,115.3442,269.9772,156.4458,214.0758,138.2119,227.4823,97.1103
278.3510,106.1113,270.3043,150.8736,217.5027,141.3817,225.5495,96.6193
275.7971,110.6500,268.1797,152.6122,214.3172,142.8346,221.9346,100.8723
278.3207,120.1444,257.0211,161.6018,206.5404,135.6664,227.8399,94.2090
273.3444,116.6700,263.7880,158.5515,210.5668,146.4077,220.1232,104.5261
272.8816,115.2461,260.0487,157.8661,205.7717,141.5233,218.6046,98.9032
272.5191,114.4150,260.7212,157.5084,204.2162,142.0387,216.0141,98.9453
266.8679,108.8488,260.0577,153.4402,206.7755,145.3028,213.5857,100.7114
266.1401,110.6165,258.0170,155.5849,203.0467,145.6552,211.1697,100.6867
260.1463,107.6687,258.5864,149.7798,203.8811,147.7533,205.4411,105.6422
261.9586,112.5275,252.9274,157.9569,197.1783,146.8742,206.2095,101.4448
259.7500,109.4423,253.2067,155.0615,197.1171,147.0164,203.6604,101.3972
259.4211,113.4839,249.5397,157.2428,193.1398,144.5069,203.0212,100.7480
256.4244,110.8617,250.6627,154.8523,195.2758,147.5979,201.0375,103.6074
255.3530,113.0046,247.7899,157.1161,192.7333,147.6764,200.2964,103.5649
255.7068,112.2976,247.5665,156.1886,191.6796,145.8235,199.8198,101.9325
255.6120,111.8229,246.4977,157.9438,190.7361,146.9243,199.8504,100.8035
256.4765,116.6276,244.6330,159.8709,186.0311,143.8210,197.8747,100.5777
257.4171,120.3887,242.8472,161.7561,182.9496,140.6599,197.5195,99.2924
255.9826,120.4080,242.3249,162.3777,182.3891,142.8734,196.0468,100.9037
254.3523,121.9812,239.9099,161.7082,183.5594,141.2224,198.0019,101.4954
255.4291,123.6975,240.2388,166.7481,181.6685,146.0817,196.8587,103.0312
250.9207,128.6968,232.1651,169.0824,178.9440,144.3658,197.6996,103.9802
247.4781,134.6768,226.1006,169.5089,177.2126,139.5049,198.5901,104.6728
247.3302,123.8053,234.2166,165.1302,178.8362,147.5564,191.9498,106.2316
247.4140,132.3473,228.0564,168.0119,174.4052,138.8917,193.7628,103.2271
245.1112,135.0011,222.8703,169.0994,173.4032,136.8341,195.6442,102.7357
245.1991,134.9511,223.9910,171.0901,172.0323,140.5982,193.2405,104.4592
243.1194,141.1485,218.4595,172.2714,171.8945,135.3761,196.5544,104.2532
244.4224,143.7150,217.9375,173.5922,171.4336,132.3684,197.9185,102.4912
241.1875,146.4464,213.8062,173.9591,170.4650,130.8250,197.8462,103.3122
244.5865,140.5864,213.9809,172.9121,169.9955,131.2674,200.6011,98.9416
241.3813,142.5139,213.9545,172.3265,169.5104,131.4391,196.9372,101.6265
237.4409,149.2472,205.9645,173.2179,169.0484,124.7427,200.5248,100.7720
242.3047,150.2121,212.4192,176.6887,167.9399,126.4828,197.8255,100.0061
242.7926,150.5675,216.0613,175.6559,167.2214,123.6178,193.9527,98.5294
243.2733,148.8549,216.1578,175.7069,164.2088,123.2485,191.3243,96.3964
241.8519,146.0749,217.1988,171.8067,164.8336,121.6366,189.4867,95.9048
239.4310,146.1983,214.9141,169.9827,164.4182,117.9316,188.9352,94.1472
238.5846,142.9076,214.4158,167.9637,162.9259,118.2971,187.0947,93.2410
237.4825,139.5956,209.7628,167.8273,159.4149,118.3924,187.1347,90.1607
235.9876,138.7034,208.4007,165.5789,158.4793,114.3361,186.0662,87.4606
234.0196,137.6825,207.2851,164.4791,157.3339,114.6435,184.0684,87.8469
232.4253,132.0188,206.3679,161.0726,155.2984,115.2701,181.3559,86.2163
230.1636,131.8518,203.1060,159.9562,154.3928,113.0575,181.4503,84.9531
225.2441,125.2982,198.9750,154.8247,152.9630,113.8887,179.2320,84.3622
223.8492,125.8909,196.9494,154.3070,151.8465,111.6108,178.7462,83.1947
221.1208,125.8581,195.1914,152.5621,150.8978,109.5534,176.8272,82.8494
222.6696,127.7573,198.0166,152.4325,152.9535,107.4103,177.6064,82.7350
220.7238,127.8644,196.9507,150.2916,153.9111,104.6693,177.6842,82.2421
220.5257,131.3409,197.5359,150.3977,155.6332,99.8467,178.6230,80.7900
220.7324,130.2840,195.1582,150.7446,154.9596,100.4994,180.5338,80.0388
218.0828,130.7860,192.9335,150.4326,152.5121,98.6895,177.6613,79.0430
215.7665,130.7676,189.4887,149.4431,153.1552,98.3190,179.4330,79.6435
215.2447,136.2516,190.3503,152.9079,153.8376,98.3363,178.7320,81.6800
213.8207,136.4960,188.0951,153.9095,151.8387,100.3467,177.5643,82.9332
214.7216,137.7199,188.3779,155.2818,151.4137,99.8333,177.7574,82.2715
210.6962,139.5400,185.6087,154.8518,151.9125,99.6425,177.0000,84.3307
210.9349,137.4553,183.3629,154.8435,149.9063,101.7920,177.4784,84.4039
208.4830,136.0244,179.8168,153.4330,148.2782,101.4994,176.9445,84.0908
207.1620,133.1931,175.9177,150.8844,147.9114,101.4229,179.1557,83.7316
211.9601,125.9542,182.7822,151.5424,145.9513,109.5445,175.1292,83.9563
207.9221,128.8717,172.1188,151.6621,142.7300,105.4928,178.5334,82.7025
158.3092,85.3299,208.1713,91.2195,201.9887,143.5624,152.1266,137.6728
156.1346,82.3270,207.4103,85.8731,203.5010,142.4017,152.2253,138.8556
209.1161,125.8094,174.6206,151.3540,143.1273,108.8251,177.6228,83.2806
206.0082,137.5349,153.8417,141.6810,149.7066,89.6533,201.8732,85.5073
206.8228,112.8257,173.9009,149.6217,140.2186,119.4856,173.1405,82.6896
207.6467,132.0412,166.6942,152.8639,142.1066,104.5069,183.0591,83.6842
199.0831,135.6443,159.2366,147.4368,144.2188,96.6925,184.0654,84.8999
200.1814,139.1422,158.4731,147.1677,147.7662,91.5248,189.4746,83.4993
202.7084,142.4606,158.6077,148.1006,151.4234,91.9248,195.5241,86.2847
163.9009,85.4509,209.1141,100.0723,193.2757,149.0487,148.0625,134.4272
193.9827,86.4247,204.9182,133.7814,152.8154,145.8129,141.8799,98.4561
164.8472,85.4207,195.9442,98.6072,176.0587,145.5023,144.9617,132.3159
157.3529,86.5106,196.3250,93.9694,186.5616,144.9835,147.5894,137.5247
202.7135,136.2940,159.3138,149.1529,144.1393,97.9377,187.5389,85.0788
196.5675,138.1810,156.5251,147.7299,144.2495,96.2534,184.2919,86.7045
194.9741,140.9979,153.0551,145.7346,147.0779,92.8378,188.9969,88.1011
161.6037,86.6846,195.5461,96.9770,180.2684,147.3597,146.3260,137.0672
161.8869,88.5955,196.0872,97.3796,183.1662,147.6868,148.9659,138.9026
159.4481,89.9762,194.3402,96.7040,184.3207,148.6669,149.4286,141.9390
158.2147,88.7657,192.3977,92.0284,187.0136,148.4356,152.8307,145.1729
157.9269,88.2062,195.6128,94.9176,185.9848,148.9805,148.2990,142.2691
193.8438,141.4660,153.2257,146.4135,146.8271,93.8818,187.4452,88.9343
190.8843,144.9026,155.3105,146.4679,152.8549,90.6619,188.4287,89.0966
192.4100,142.7733,155.7182,146.3571,150.3832,91.7370,187.0750,88.1532
192.1912,141.5680,153.4996,147.4086,145.1618,92.1744,183.8534,86.3338
188.5221,144.2753,152.4420,147.0723,147.9731,89.4252,184.0531,86.6282
191.5135,141.5136,154.8518,147.3016,146.2935,93.0930,182.9552,87.3050
190.2109,141.7705,155.6086,146.5451,148.1071,92.1802,182.7094,87.4056
193.2956,141.4026,156.9530,147.7914,147.2815,92.7750,183.6241,86.3862
193.1992,141.6488,152.0070,147.7744,143.9348,93.4913,185.1270,87.3657
193.3347,140.7409,152.4245,146.5183,145.0245,94.1183,185.9346,88.3408
153.0070,90.4467,191.7504,91.8759,189.7183,146.9628,150.9748,145.5336
156.1787,88.5164,193.0684,92.1501,187.6674,146.9803,150.7778,143.3465
156.3512,86.7588,191.7068,92.2053,183.1385,147.8265,147.7828,142.3801
150.0541,88.3804,187.5432,89.8892,185.3378,144.6877,147.8488,143.1789
148.8353,86.8519,188.3922,89.5859,184.5798,144.7477,145.0228,142.0138
148.3068,87.5157,185.8602,90.8464,181.0692,144.8665,143.5157,141.5359
149.2533,87.2693,186.4630,91.7251,179.7525,147.7632,142.5427,143.3074
150.0914,87.2988,188.0723,91.6680,181.6921,147.1294,143.7113,142.7602
150.7824,86.9324,190.0335,92.2760,182.4258,148.1586,143.1746,142.8150
155.7452,87.0031,190.8524,92.2315,182.3764,149.1449,147.2692,143.9164
151.3661,86.0916,190.6658,90.7282,183.8943,148.1236,144.5946,143.4870
150.4560,86.5539,189.0535,90.0111,183.9897,146.5446,145.3922,143.0874
150.9430,85.5036,184.0958,89.1150,177.9899,145.1686,144.8371,141.5573
156.3079,85.1756,187.2814,89.7507,179.1847,144.5647,148.2113,139.9896
150.3970,85.6059,184.1279,88.7807,179.1082,142.1126,145.3773,138.9377
150.8772,82.8691,184.4666,90.0383,173.0914,143.3340,139.5020,136.1649
151.1131,85.8213,184.3257,88.5612,179.7883,143.5643,146.5756,140.8245
151.1511,85.8044,184.3631,88.5784,179.7679,143.5955,146.5559,140.8215
152.1926,83.6649,186.2385,88.9840,177.7937,143.0362,143.7479,137.7171
153.1653,84.1019,187.8707,88.7011,180.5529,143.9215,145.8475,139.3224
154.1873,83.7000,189.7005,89.4290,180.8291,144.4212,145.3159,138.6922
150.8362,85.7152,189.8891,91.2325,182.3095,144.8831,143.2566,139.3658
155.7677,80.5718,196.4958,94.2486,178.7499,147.0942,138.0217,133.4173
157.7003,79.4105,197.3380,93.7156,178.6539,145.4867,139.0163,131.1816
169.8022,74.8033,202.1397,97.2708,169.1487,144.7549,136.8112,122.2875
170.4039,74.4605,202.8176,98.8586,167.4562,145.8374,135.0425,121.4394
174.7786,74.9920,203.7379,103.6207,162.5043,145.3304,133.5451,116.7018
179.3719,74.7702,202.7257,104.6161,156.3580,140.8979,133.0042,111.0520
178.1380,72.7609,203.0095,101.0757,157.3597,141.1740,132.4883,112.8592
177.7953,72.8448,202.1825,101.2077,156.0027,140.9142,131.6155,112.5513
180.4169,73.0088,203.6688,101.0583,155.3822,141.0858,132.1303,113.0363
184.1564,74.9925,204.3155,103.9656,152.7367,139.8536,132.5775,110.8805
184.2422,74.7259,204.0276,105.8423,152.0057,138.9205,132.2203,107.8041
184.9163,75.0160,203.3104,108.0515,150.1252,137.6650,131.7310,104.6296
188.9341,75.8321,204.5558,109.8563,150.0006,134.9044,134.3790,100.8803
189.2328,75.0723,205.0945,109.9117,150.8413,134.6120,134.9797,99.7726
189.3869,73.4574,205.0217,107.7495,150.1205,132.7806,134.4857,98.4885
190.2689,74.8824,204.4174,107.9687,149.2998,131.5384,135.1512,98.4521
191.2389,74.7374,204.6501,106.7550,148.8171,130.1418,135.4058,98.1242
192.0676,74.1841,205.0797,106.4823,148.2367,129.3829,135.2246,97.0847
192.2275,74.7141,204.8279,105.7719,147.9600,128.8436,135.3596,97.7858
191.1535,74.0397,205.1222,105.8789,149.1579,130.4319,135.1892,98.5927
192.7853,74.6377,205.0633,105.7747,148.4632,128.0934,136.1852,96.9565
193.3447,74.5475,204.4146,104.4788,146.7263,125.8144,135.6564,95.8830
194.5284,74.2066,206.0517,106.4529,148.4418,127.0400,136.9185,94.7937
193.3544,72.5250,206.3629,106.7107,149.8984,128.1969,136.8899,94.0112
193.9214,72.5027,205.7817,105.7334,148.4856,126.1829,136.6253,92.9521
193.3587,72.7510,205.2594,105.9315,152.8042,124.7453,140.9036,91.5648
192.6692,72.0134,206.0161,108.2340,154.7389,127.1292,141.3920,90.9086
194.4629,73.3943,205.8214,113.5112,152.1715,128.7013,140.8131,88.5844
194.9359,72.9578,205.8850,113.5816,149.8359,128.6882,138.8868,88.0645
197.2077,75.7930,203.3248,116.3062,146.5614,124.8768,140.4444,84.3636
195.3333,75.3966,204.2388,115.4021,145.0274,128.5831,136.1218,88.5776
193.1425,73.7884,206.0705,112.5471,149.3799,131.4562,136.4520,92.6976
193.6361,74.0101,205.3142,113.0046,147.6416,130.2765,135.9634,91.2821
193.7653,73.4545,204.7369,113.8722,145.3937,129.9812,134.4222,89.5635
194.0485,74.8906,203.9592,114.6422,143.3679,129.7485,133.4573,89.9969
195.0464,76.7461,203.7582,116.3163,141.6115,129.9986,132.8997,90.4284
194.6646,75.5514,203.2842,117.5069,142.1832,130.0600,133.5635,88.1045
191.7266,77.4098,199.3405,119.9497,140.8341,130.4212,133.2203,87.8813
192.8065,78.3009,198.8683,119.6199,140.1608,128.2328,134.0989,86.9139
193.8410,79.6500,198.6118,121.2168,137.9724,128.1766,133.2017,86.6098
189.3238,75.9464,198.0662,119.4379,139.8291,131.1443,131.0868,87.6528
192.0477,76.8537,200.4962,119.6352,140.9103,131.4021,132.4619,88.6206
191.5626,77.7809,200.3752,119.6870,140.7660,132.2225,131.9533,90.3165
189.4695,76.9046,198.5538,118.9149,140.1192,131.5507,131.0349,89.5405
189.0395,76.6956,199.2991,119.2030,141.2670,133.2097,131.0074,90.7023
191.3893,75.5178,202.3680,118.6056,144.4289,133.3684,133.4502,90.2806
185.7461,75.1568,200.7871,118.4564,146.8180,137.2037,131.7770,93.9041
187.4585,74.7459,202.6141,114.3006,146.6504,135.7435,131.4947,96.1887
184.0972,73.8130,202.3702,113.7156,149.0122,138.1503,130.7393,98.2476
185.8336,77.1190,204.5139,115.9159,151.1614,141.6045,132.4811,102.8076
182.9488,77.5414,201.8546,115.5658,152.7487,139.9812,133.8430,101.9568
181.5050,78.0940,203.4528,114.4199,155.8223,143.1979,133.8745,106.8719
181.5882,78.0047,202.2772,114.8658,155.2753,141.2466,134.5863,104.3854
179.4411,76.3609,203.6577,110.4153,157.6521,143.1307,133.4354,109.0762
180.6827,76.2494,204.4695,111.9758,158.0034,142.9131,134.2166,107.1867
182.5542,77.4130,203.8369,114.0738,155.2007,142.3085,133.9180,105.6476
181.7961,76.5081,203.7765,114.5130,156.3238,141.9576,134.3434,103.9527
183.0165,76.5680,205.4073,113.2141,158.9805,141.5809,136.5897,104.9348
181.9765,77.5463,205.0796,110.6384,158.2209,143.3526,135.1178,110.2606
181.3179,77.0309,204.4821,110.6781,156.7441,143.5429,133.5800,109.8957
179.9943,79.1143,202.9288,110.4391,160.7803,141.2982,137.8458,109.9734
181.6641,78.1627,202.7660,109.4637,157.1810,140.1953,136.0791,108.8942
179.6584,75.9454,201.1193,109.9863,155.5696,138.7028,134.1087,104.6619
181.8974,78.6721,201.7099,113.7468,154.1492,140.6123,134.3367,105.5376
183.8779,77.0365,204.3102,113.6382,155.8839,140.6714,135.4516,104.0697
184.3594,78.1632,204.1105,112.9142,155.3723,140.6151,135.6212,105.8642
189.1225,80.5566,202.5968,120.5875,149.7110,138.3888,136.2367,98.3579
189.1823,80.1748,205.5357,120.2267,149.0553,143.2879,132.7020,103.2360
188.8899,79.6536,206.5208,119.5346,146.4285,146.1007,128.7976,106.2197
188.5525,79.5690,208.0306,118.0146,147.5410,148.6610,128.0629,110.2154
190.6870,79.8120,208.9938,119.3894,148.2308,147.4957,129.9240,107.9183
194.8473,81.7089,209.0353,119.9012,146.5353,143.1191,132.3474,104.9269
199.4965,83.6290,209.4954,121.6023,145.3122,138.5027,135.3133,100.5294
200.1399,82.7683,210.5245,121.2052,143.6042,139.2852,133.2196,100.8483
201.8907,83.3029,210.9953,121.8552,141.3855,138.2944,132.2809,99.7422
202.8906,84.0238,211.2074,123.9844,140.7406,138.6504,132.4238,98.6898
205.1174,86.5774,211.8364,126.7956,141.4517,138.5544,134.7327,98.3362
209.5007,91.2521,210.7657,126.7545,141.6066,129.2186,140.3417,93.7162
209.3124,87.7874,214.8246,122.3007,141.7031,133.9792,136.1909,99.4659
212.6145,90.8284,214.5696,123.1093,148.2631,127.1252,146.3080,94.8444
213.8372,91.2022,215.6583,122.7245,151.9284,126.4064,150.1072,94.8841
214.1460,91.6178,215.7411,122.9372,147.5768,126.4090,145.9816,95.0896
217.8994,89.8761,218.8996,124.7761,147.3967,126.8254,146.3965,91.9253
215.7305,89.0462,218.8631,124.6280,150.7955,130.6207,147.6628,95.0389
217.6627,87.9805,221.1831,121.4151,150.1790,128.8913,146.6586,95.4566
219.7391,90.3182,220.9560,124.1040,151.3273,126.6118,150.1105,92.8260
220.4765,89.4860,221.6483,124.3055,158.9638,126.4150,157.7920,91.5955
220.4019,88.1064,222.5226,125.4647,160.6128,128.9791,158.4921,91.6208
223.2376,87.3733,226.0856,121.7048,155.2028,127.5848,152.3548,93.2533
223.6174,85.9941,226.3847,120.2164,154.5974,126.0213,151.8301,91.7990
224.1340,85.3252,226.7178,119.6482,157.3262,124.8718,154.7424,90.5488
228.1362,86.8467,228.4346,120.2223,157.4918,120.8567,157.1934,87.4811
228.6246,87.2016,228.7723,120.5213,157.0380,120.8391,156.8903,87.5195
231.6432,88.0396,231.5276,122.6851,161.6289,122.4519,161.7444,87.8064
233.2849,88.7964,230.4048,124.1746,167.3624,119.0423,170.2425,83.6642
233.9705,89.3408,231.3648,125.1175,165.3174,120.3071,167.9231,84.5305
237.0518,93.9750,227.6456,129.1494,175.6889,115.2553,185.0951,80.0809
238.9643,97.2988,226.3814,129.3121,178.0414,110.3120,190.6243,78.2987
240.6057,105.3380,221.6830,132.1979,180.0231,102.8487,198.9458,75.9888
239.0731,95.4495,228.3301,127.1053,180.8372,110.9876,191.5802,79.3318
240.6291,103.9625,220.3208,135.1940,179.2417,108.4824,199.5500,77.2509
243.0885,109.3867,219.8961,135.2475,183.4170,102.5325,206.6094,76.6716
242.5702,106.2670,225.1386,134.6818,173.5812,103.0531,191.0128,74.6383
241.6695,116.8407,216.2800,138.4423,183.8927,100.3757,209.2822,78.7741
242.8681,111.8502,219.7414,138.0016,183.7182,106.1448,206.8449,79.9934
241.7316,118.2485,216.1083,140.1445,184.9122,103.6380,210.5355,81.7420
244.1004,119.0131,218.4734,141.5656,184.8459,103.3540,210.4730,80.8015
243.9503,119.3665,219.4491,142.2243,179.8211,99.7472,204.3224,76.8894
244.1579,113.8193,218.9866,142.5879,178.1599,106.8663,203.3312,78.0976
243.4405,120.6017,213.4670,145.3251,178.1499,102.5082,208.1234,77.7849
242.4201,126.6815,206.9124,147.3667,178.4737,98.5495,213.9814,77.8643
241.1078,128.6010,203.9803,147.9870,178.4173,99.0294,215.5448,79.6434
239.1355,132.5221,199.4143,148.0435,178.7697,95.2117,218.4910,79.6903
239.8512,136.3124,201.8344,147.9370,184.2243,90.3457,222.2412,78.7211
236.6558,138.9417,196.8722,148.4933,182.7783,89.7906,222.5619,80.2389
238.2312,139.1416,200.2343,148.2703,185.7741,88.0819,223.7710,78.9532
235.8554,144.0408,208.7771,146.4575,203.5884,88.3195,230.6667,85.9028
236.1104,148.9382,208.3385,149.1077,207.9903,92.0545,235.7623,91.8851
208.5922,95.5100,239.5696,99.0677,233.6433,150.6685,202.6660,147.1108
208.2901,93.6325,236.8274,94.5457,235.0721,149.3976,206.5348,148.4844
207.5500,94.9939,238.1547,97.3515,234.0901,150.1152,203.4853,147.7576
207.0258,92.2605,236.7968,93.9427,233.5349,151.6706,203.7639,149.9884
206.5749,92.4204,236.7074,93.7085,234.2380,151.4757,204.1054,150.1876
207.7312,93.3521,239.6137,97.1627,232.9845,152.6280,201.1020,148.8174
208.9491,95.4212,240.2951,99.2060,233.7165,153.6903,202.3705,149.9055
208.6067,94.9241,241.2409,99.7792,233.1651,154.0617,200.5309,149.2066
208.7845,94.9005,241.3620,99.9014,232.8863,155.1147,200.3088,150.1138
211.4122,96.1462,242.9945,103.6605,230.2916,157.0501,198.7093,149.5358
212.6218,97.3611,243.4362,104.6061,230.8754,158.0294,200.0610,150.7843
211.7882,97.0811,243.4310,104.6599,230.4198,158.9835,198.7770,151.4046
215.5704,96.6765,245.6415,107.3363,226.3229,161.8335,196.2518,151.1737
214.9508,97.2061,246.2592,109.1397,225.6656,163.1680,194.3573,151.2344
216.0257,98.2580,246.3394,111.7132,222.8822,164.5612,192.5684,151.1060
215.2899,97.7761,246.1641,112.7285,220.5346,165.6489,189.6604,150.6965
218.8910,99.6369,248.1435,118.0686,217.3202,166.9876,188.0677,148.5559
221.6152,100.3877,248.7885,120.7256,214.1424,167.0161,186.9691,146.6782
224.0920,101.9472,249.5691,125.5020,210.9825,167.2376,185.5054,143.6828
225.1900,103.5832,249.1220,127.9412,207.8781,168.4639,183.9461,144.1059
231.2776,106.6788,250.6311,133.9205,201.0116,169.1720,181.6581,141.9303
230.2322,106.5039,249.2377,133.7353,199.3568,168.5486,180.3513,141.3171
234.0105,108.3650,250.1095,138.2172,196.7314,167.0034,180.6324,137.1512
234.9471,108.2826,250.2601,137.5025,194.1289,166.9186,178.8160,137.6988
235.1953,109.7782,248.6229,138.4136,192.5040,164.7285,179.0764,136.0931
233.9641,114.4735,242.5995,145.8643,187.8099,160.9365,179.1745,129.5457
235.2922,115.1755,242.6873,148.0478,187.5643,160.4484,180.1693,127.5761
233.2984,114.6675,238.9845,148.5808,184.1094,157.7813,178.4234,123.8681
232.4663,116.3748,236.8844,148.4403,182.4825,155.9359,178.0644,123.8704
234.3624,117.2325,237.1007,149.4564,180.2780,154.2851,177.5397,122.0612
234.7756,118.7646,237.1242,149.3816,179.1675,153.8275,176.8189,123.2105
235.7861,118.2582,236.7400,150.9763,177.0749,152.7159,176.1209,119.9978
235.3394,119.4583,235.5155,152.9448,175.0760,153.2627,174.8998,119.7763
235.3704,119.9714,233.7879,152.6284,176.4417,149.8496,178.0241,117.1925
234.7870,118.7659,236.1195,153.2678,176.1709,155.5831,174.8385,121.0811
234.7667,115.1624,236.9803,152.8709,176.3247,156.4315,174.1111,118.7229
232.1601,114.6269,233.8320,154.2271,175.0843,156.7073,173.4124,117.1072
232.4532,117.6025,233.0729,152.4216,175.4580,153.4470,174.8383,118.6279
232.6726,116.1978,233.6868,152.0515,175.8900,153.6864,174.8757,117.8328
233.1160,120.5131,230.0674,155.4285,171.4902,150.3138,174.5389,115.3984
231.4390,119.4502,228.7129,156.6629,169.0927,152.2953,171.8188,115.0826
229.5947,118.5766,224.0381,159.8879,167.7054,152.3108,173.2620,110.9995
229.8116,118.5919,224.4601,159.6266,166.1538,152.0227,171.5054,110.9879
229.7195,118.6596,223.0876,160.8856,164.0316,151.6104,170.6634,109.3845
228.9209,120.1236,223.0425,159.1683,162.9597,150.1225,168.8381,111.0778
228.6384,119.0640,223.9427,158.5100,162.6356,151.2118,167.3313,111.7658
227.6576,117.4314,224.0268,157.2629,160.5898,151.4804,164.2206,111.6488
227.7089,117.7398,223.3631,157.0782,159.0742,149.9760,163.4200,110.6376
226.6236,115.3302,222.9764,154.9569,157.5927,148.9390,161.2400,109.3123
225.9178,116.8885,221.9015,154.8195,157.5811,148.0090,161.5974,110.0779
224.8384,116.3885,220.8248,153.1599,155.7456,146.0566,159.7592,109.2852
222.9208,113.7216,218.9115,155.1115,154.5328,148.8754,158.5421,107.4855
222.2628,114.0485,219.8129,151.8656,155.2682,147.6843,157.7181,109.8672
220.7669,113.9376,218.0509,152.7718,151.5385,148.1201,154.2545,109.2858
220.7170,113.8089,218.0001,152.8466,152.4986,148.2880,155.2154,109.2502
220.1038,113.6373,216.2697,152.7286,149.9480,146.2237,153.7820,107.1325
220.1749,115.0124,215.2337,153.0276,149.6531,144.5035,154.5943,106.4882
220.4414,116.1383,213.4675,154.4601,143.7150,141.7664,150.6889,103.4446
220.0215,115.1771,211.4457,152.6530,144.4279,137.3170,153.0036,99.8412
219.9762,115.0487,211.8167,150.7598,148.1502,136.2129,156.3097,100.5018
219.7636,113.9197,212.5647,152.3222,148.0289,140.2245,155.2277,101.8220
219.0433,112.8810,211.9026,151.3148,148.3109,139.5000,155.4516,101.0662
218.7944,112.3244,210.5405,151.1945,148.2298,137.9630,156.4838,99.0929
219.0373,110.8849,212.5136,148.7201,148.7742,137.7298,155.2979,99.8946
219.0872,111.1842,209.8507,150.7494,144.6262,135.5227,153.8628,95.9574
219.1707,111.4620,209.4726,151.1187,145.8382,135.5568,155.5363,95.9001
219.0242,109.9346,209.0388,150.4698,145.7065,134.8686,155.6919,94.3335
218.9360,110.9245,209.7100,150.8252,144.4149,135.7274,153.6409,95.8268
218.5134,107.6497,210.4733,148.3364,145.8206,135.5605,153.8607,94.8737
219.0745,108.2429,208.3018,146.1127,147.4688,128.8078,158.2415,90.9380
216.8789,103.9613,210.9852,145.1921,147.7897,136.1586,153.6834,94.9278
217.6445,106.3454,209.7242,145.2959,148.0473,132.7543,155.9677,93.8038
217.4347,105.9624,208.3411,143.2003,147.3020,128.2943,156.3956,91.0564
216.6623,101.7239,207.3327,142.8181,149.3591,129.6565,158.6887,88.5622
211.3541,95.4361,208.8415,138.2244,151.6886,134.8683,154.2012,92.0799
199.3379,89.6032,211.7761,128.5012,161.5790,144.5524,149.1408,105.6544
200.8513,92.0880,211.4672,129.0992,159.5461,143.9917,148.9302,106.9805
212.7541,96.9281,214.2159,134.7169,152.9289,137.0876,151.4672,99.2988
196.5368,90.3374,206.9035,127.4601,158.1335,141.0793,147.7668,103.9567
206.6090,96.2324,210.7649,130.6337,151.9959,137.7334,147.8400,103.3321
191.3272,92.6095,203.4849,120.9113,154.7575,141.8434,142.5997,113.5416
192.7186,94.2379,201.8188,124.5361,150.7764,139.8670,141.6762,109.5688
187.6860,92.3051,199.7018,119.3167,151.7164,140.6626,139.7006,113.6510
186.8193,93.5392,197.9959,122.2830,149.7562,141.0403,138.5796,112.2965
184.4663,94.9359,194.4334,126.2545,148.0628,141.0118,138.0957,109.6933
183.7514,94.8654,194.2594,126.7948,147.6198,142.1438,137.1118,110.2145
181.0267,94.1980,193.3198,127.7286,145.9694,145.0884,133.6763,111.5578
181.4912,93.3937,192.3087,127.8541,140.5287,144.1084,129.7112,109.6481
173.8297,91.1925,191.6272,121.1502,148.7844,146.6026,130.9869,116.6449
176.9225,86.3947,197.2866,116.5847,150.3354,148.2546,129.9714,118.0645
173.0531,86.7730,195.8284,114.4166,151.5123,150.9281,128.7371,123.2845
176.5275,86.5786,194.3835,111.8845,145.0953,146.6625,127.2393,121.3566
172.3681,88.3147,189.3291,108.8021,144.5585,145.8665,127.5975,125.3791
169.1781,86.6780,188.0372,106.8866,145.5660,146.5218,126.7069,126.3133
168.4780,86.4746,186.9009,104.6248,144.4822,147.6809,126.0593,129.5308
170.1269,88.6271,187.7155,110.3551,142.7221,146.7768,125.1335,125.0488
165.2355,86.5251,186.2958,106.2071,146.1475,149.1670,125.0872,129.4850
161.5962,88.7726,181.0852,103.9634,146.1420,148.7937,126.6529,133.6029
158.5618,88.6654,176.3740,101.5323,143.6643,146.8138,125.8521,133.9469
156.7110,89.1123,175.1968,102.3736,143.7785,146.1697,125.2926,132.9084
154.6103,88.9391,173.5516,102.2182,142.6103,146.3527,123.6691,133.0736
159.1914,90.4698,182.2663,112.5966,145.1780,151.2742,122.1031,129.1474
151.6077,91.5524,176.0708,108.5814,148.0762,148.7971,123.6131,131.7681
148.6031,91.3570,175.4096,109.4398,149.0926,148.4529,122.2861,130.3701
143.6936,91.7261,171.7425,106.0568,149.9963,148.6196,121.9474,134.2888
139.3335,90.8248,168.6800,102.8632,150.4876,147.2117,121.1411,135.1733
142.3828,92.2654,164.8206,104.4293,142.8503,144.9563,120.4125,132.7924
138.5645,91.5904,165.4207,103.6539,147.0305,144.5946,120.1743,132.5310
137.4694,91.7633,163.7907,103.7799,145.1671,144.5735,118.8458,132.5570
139.4739,91.3190,168.3147,107.2666,146.9368,145.9281,118.0960,129.9806
131.7464,91.7672,163.7924,102.2949,150.0666,144.0759,118.0206,133.5482
136.5577,91.3815,165.1536,107.2586,143.2423,146.7226,114.6464,130.8454
134.6458,91.2550,164.3219,106.6297,143.5845,146.6568,113.9084,131.2821
135.4505,92.4669,163.9667,108.5256,141.8466,147.8055,113.3303,131.7467
137.5180,91.6978,163.4495,109.9314,136.9912,147.5599,111.0597,129.3264
133.1011,89.9045,162.2700,106.8713,138.7749,147.2637,109.6060,130.2969
135.7466,89.6496,161.6013,107.7902,134.6247,146.2383,108.7700,128.0978
132.7897,88.8449,160.0383,104.5926,135.2020,147.5674,107.9534,131.8197
127.0661,88.2818,155.7027,99.8341,136.6377,147.0935,108.0011,135.5412
125.7617,88.8060,155.8932,101.7487,135.7808,148.5719,105.6493,135.6292
122.8147,89.3603,153.9392,99.3027,138.1342,148.7797,107.0097,138.8372
123.0061,88.9746,156.4302,103.8532,135.7062,150.4089,102.2821,135.5304
122.6772,87.8395,156.4493,106.1950,132.1140,150.9691,98.3419,132.6135
131.8156,87.9548,159.5505,116.3377,120.9999,154.0082,93.2650,125.6253
138.7568,90.5993,160.0394,121.4888,112.4051,154.3084,91.1225,123.4190
137.8246,88.8706,158.7429,125.2528,107.2100,154.8821,86.2917,118.4999
146.0109,93.4635,157.7300,132.8823,94.4014,151.7097,82.6824,112.2910
144.2064,91.9869,157.3136,132.3784,92.1767,153.5156,79.0695,113.1242
146.9505,93.3394,158.2090,135.4867,87.5640,154.3577,76.3054,112.2104
140.7572,87.4157,161.0469,130.6458,101.2469,158.7125,80.9572,115.4823
146.0712,90.5277,155.8603,137.4259,87.5303,151.6885,77.7411,104.7903
145.6483,92.5575,153.7636,138.2558,85.5361,150.3719,77.4208,104.6736
142.6741,90.5003,152.2663,136.5724,83.3843,150.9135,73.7922,104.8414
138.2718,91.3998,148.8510,136.4590,83.4082,151.8240,72.8290,106.7648
143.7149,90.9593,152.7801,138.0181,84.2525,151.2190,75.1873,104.1602
143.6020,93.0296,151.2384,137.8272,81.5843,149.7008,73.9479,104.9032
143.0755,94.1805,150.4171,137.6634,80.5438,149.4608,73.2022,105.9779
143.0753,94.1014,151.1101,138.0268,80.4203,150.9572,72.3856,107.0318
143.7636,95.2042,148.3113,139.8969,75.5579,147.2998,71.0102,102.6072
136.6621,92.7370,145.5425,138.3638,76.3737,151.8262,67.4933,106.1994
134.9517,91.1153,145.7374,136.6960,76.8826,152.9890,66.0969,107.4083
128.0031,89.3704,144.3015,129.9580,79.8227,155.8502,63.5243,115.2625
126.9236,90.2513,140.9686,132.6962,76.6166,153.9903,62.5716,111.5453
125.3600,91.1687,139.1351,131.8016,74.4501,153.7306,60.6750,113.0978
118.2876,92.7074,132.5371,132.8773,73.7365,153.7357,59.4870,113.5657
116.9768,93.0985,131.4780,133.5770,72.3996,154.7415,57.8984,114.2630
114.6089,92.5338,128.6785,134.4920,70.1904,154.1045,56.1208,112.1464
111.4604,93.3395,126.8741,133.8941,68.7592,155.9820,53.3455,115.4274
108.0002,90.9706,125.4569,131.8862,68.3995,156.2300,50.9427,115.3144
106.7022,91.7603,124.1451,131.9468,66.9828,156.7581,49.5398,116.5716
103.8718,92.9167,121.3230,132.1250,64.5177,157.4086,47.0664,118.2003
93.4742,94.7878,117.5229,128.5424,70.7990,161.8311,46.7503,128.0764
100.1123,96.5828,116.2485,136.0944,61.4817,158.4606,45.3455,118.9490
94.3188,90.2948,114.8062,130.4725,60.8292,157.9964,40.3418,117.8186
94.3255,95.6342,114.3305,136.1103,62.0072,161.9708,42.0021,121.4948
93.2831,96.3048,113.7657,135.2748,61.3582,162.8202,40.8755,123.8502
94.3955,98.2355,112.7811,137.7540,58.1689,163.1619,39.7832,123.6434
90.4354,92.6656,113.1591,134.6498,57.7017,164.6658,34.9780,122.6816
88.5991,96.1687,111.5289,133.1774,57.3645,166.7366,34.4346,129.7279
63.3813,86.4306,110.8569,115.5258,78.8561,167.7426,31.3804,138.6474
82.3889,92.8381,109.7286,131.2441,59.2709,167.1629,31.9312,128.7569
84.3764,89.9633,105.4778,138.4732,49.8041,162.6907,28.7027,114.1809
69.7361,88.1169,105.2102,123.3306,62.9338,165.9197,27.4597,130.7059
73.8512,89.4781,104.3359,125.0924,58.1742,164.6053,27.6895,128.9910
47.8146,89.4602,92.9232,104.5179,73.8503,161.6549,28.7417,146.5972
54.0092,87.1515,93.3666,105.4511,67.5733,160.9253,28.2160,142.6257
55.7097,87.7084,97.7752,112.4021,68.8245,161.7193,26.7591,137.0257
52.2669,86.0345,95.8412,103.5974,72.7607,160.8610,29.1865,143.2981
60.6326,84.2440,101.0254,111.2589,67.1914,161.8475,26.7986,134.8325
87.8042,90.0842,103.2794,133.6125,42.3273,155.2822,26.8521,111.7540
78.1842,85.0106,104.7485,126.7481,53.0046,159.6810,26.4403,117.9436
60.4212,87.5850,100.8336,111.6888,71.2281,161.3254,30.8157,137.2216
57.1264,90.9752,96.1857,109.3703,72.1323,160.4440,33.0730,142.0489
56.5774,91.7368,92.1144,105.3034,70.8987,160.8769,35.3617,147.3102
54.9649,92.6959,89.4362,103.6676,71.1979,160.9693,36.7266,149.9976
50.9296,92.2782,86.6706,99.2307,74.3421,162.6075,38.6011,155.6549
49.8502,91.3381,82.2256,95.4622,73.6809,162.5402,41.3055,158.4161
47.7623,94.0859,79.0295,96.1798,74.5111,163.6487,43.2439,161.5547
46.8050,95.4157,78.1918,96.7033,75.3397,166.2248,43.9529,164.9372
45.3651,97.8358,78.2893,98.1619,77.6044,167.3073,44.6802,166.9812
46.9055,105.2509,83.6923,106.8823,81.0192,167.1582,44.2324,165.5268
50.2746,95.2430,85.6077,96.9483,82.2534,166.4474,46.9203,164.7421
49.4537,100.0908,87.2924,102.0927,83.7716,168.6396,45.9330,166.6377
46.6455,108.6302,86.3572,109.3920,85.2105,169.1610,45.4989,168.3992
48.8187,103.5485,88.3923,106.7156,83.3357,169.9000,43.7620,166.7329
46.6560,112.0545,87.0349,114.0555,84.0276,174.7411,43.6486,172.7400
51.6691,114.4759,90.3239,120.7445,80.5976,180.7210,41.9428,174.4524
50.2036,113.5490,86.0458,119.9327,74.5444,184.5086,38.7023,178.1249
58.9123,115.2763,92.7433,128.3691,69.3027,188.9385,35.4717,175.8458
55.6996,116.9445,92.3237,129.7466,70.6576,191.7290,34.0335,178.9269
60.4069,119.1676,92.5443,135.7730,62.0536,194.7833,29.9162,178.1780
56.1810,125.1071,92.5972,144.3533,64.8200,196.9110,28.4038,177.6647
58.2074,125.7885,92.8808,148.2744,59.8106,199.2687,25.1372,176.7828
61.6877,132.6064,88.6090,168.3723,46.5482,200.0319,19.6269,164.2660
70.8600,144.5674,82.2086,177.6183,31.3074,195.0962,19.9588,162.0452
47.4798,135.9624,82.1573,159.2281,52.7187,203.1063,18.0412,179.8406
50.1147,134.7980,83.1228,161.2141,47.8243,205.3211,14.8162,178.9050
49.2788,137.3662,80.9063,162.8956,46.2970,205.7720,14.6695,180.2427
39.4141,136.8501,78.3182,162.2927,48.4390,207.9808,9.5349,182.5383
31.5248,144.0707,68.4367,158.2082,50.3264,205.4928,13.4145,191.3553
35.9861,144.3674,71.2346,161.9612,48.0741,208.3624,12.8256,190.7686
41.4685,146.6512,72.2958,174.3305,39.6540,210.6848,8.8266,183.0055
31.0550,154.5264,62.3874,166.7775,46.1276,208.3620,14.7953,196.1108
26.4887,155.0574,61.4069,164.8593,49.1408,208.5563,14.2225,198.7545
28.4505,155.8867,59.4323,164.3376,47.0724,209.6502,16.0907,201.1993
21.1743,157.3591,50.0595,158.6956,47.9307,204.7063,19.0455,203.3699
29.4443,159.9208,59.1981,167.9462,48.4792,207.6860,18.7254,199.6606
38.5863,159.4313,64.0278,175.8925,41.4465,210.7928,16.0050,194.3316
33.8500,158.1500,63.6779,171.1362,47.1093,209.1924,17.2815,196.2063
36.2425,159.5921,63.8261,172.6244,46.5374,209.2170,18.9538,196.1847
39.5332,158.9456,66.2127,174.6566,45.6189,209.6276,18.9394,193.9166
40.6359,157.5652,68.1509,175.0590,45.8814,210.0856,18.3664,192.5918
41.8452,159.3413,66.3993,175.3490,45.2426,207.8011,20.6885,191.7934
48.3288,158.2000,69.3242,180.0373,39.6886,208.5303,18.6932,186.6930
49.3967,156.7888,71.5761,177.7199,41.8110,209.2603,19.6316,188.3292
50.3374,157.7791,71.4597,178.9184,42.1650,208.1897,21.0426,187.0504
51.9516,158.3916,71.3162,181.7287,39.4573,208.1645,20.0927,184.8274
49.0398,154.7617,75.6158,176.8029,48.0889,209.9933,21.5129,187.9521
54.9296,155.4340,74.4353,184.0563,38.9002,208.2731,19.3945,179.6508
54.7220,158.7709,74.1936,182.0400,42.9984,208.1442,23.5268,184.8751
51.2703,155.9095,74.8128,177.8639,46.0477,208.7097,22.5053,186.7553
56.5444,157.2153,78.3526,185.3814,45.2382,211.0209,23.4301,182.8548
56.8834,156.2264,76.0844,178.2052,43.4794,206.6894,24.2784,184.7106
53.7628,156.0916,76.7593,175.9713,49.2005,207.8507,26.2041,187.9710
60.1139,156.3570,81.0381,180.8329,48.0159,209.0634,27.0916,184.5875
51.5493,156.8508,79.3163,175.6209,56.2652,209.7207,28.4983,190.9505
57.2838,156.7572,76.8153,175.0797,47.3137,206.5279,27.7822,188.2053
55.1740,157.3011,73.9994,173.4360,47.8518,203.9439,29.0263,187.8090
57.6160,155.9117,76.1696,171.4181,48.5174,204.5042,29.9638,188.9978
59.2640,156.4673,78.0919,175.3259,48.8667,204.5037,30.0387,185.6451
59.9960,156.3156,78.8016,173.3723,51.8076,203.1340,33.0020,186.0772
61.2930,156.6775,80.2078,174.0553,52.3607,204.3652,33.4460,186.9874
60.6552,157.0771,80.3423,173.6846,52.5389,206.6438,32.8518,190.0363
49.9205,158.9394,81.7222,169.3615,67.9821,211.2874,36.1804,200.8653
61.2347,158.0307,86.3595,176.7487,62.8427,208.3147,37.7179,189.5967
65.7180,158.4519,87.6433,180.2682,60.5468,207.5000,38.6215,185.6837
65.6443,157.1609,86.9510,174.6121,62.1124,204.9384,40.8057,187.4872
69.6121,157.5329,88.1899,175.0088,61.2102,203.6898,42.6324,186.2139
71.7809,157.9884,90.3363,176.1394,62.8013,204.2877,44.2460,186.1367
75.0641,158.0496,94.6660,179.1316,64.0902,207.5609,44.4883,186.4789
83.7649,159.8196,99.0535,186.6651,63.2870,207.0343,47.9984,180.1888
86.1667,160.5359,102.3512,189.8507,66.9954,209.3705,50.8108,180.0556
87.5700,159.1616,105.3011,185.0371,70.1973,209.0919,52.4662,183.2164
80.7601,157.2116,102.7091,174.5886,77.1603,206.8594,55.2113,189.4824
87.1902,156.8078,110.7812,182.5871,79.2691,211.4242,55.6781,185.6449
90.3724,159.2717,109.6608,182.4859,77.4294,209.2668,58.1409,186.0526
87.5894,157.7181,110.9556,176.3573,82.1287,212.4948,58.7625,193.8556
89.3580,160.2043,111.4870,176.5904,86.5850,210.2200,64.4560,193.8340
83.9136,158.4051,111.0952,171.9736,93.1497,207.9235,65.9681,194.3549
82.0470,157.2898,111.7277,170.1322,93.9859,211.1362,64.3052,198.2937
88.3227,159.7485,120.9215,171.1062,107.3794,209.9747,74.7806,198.6170
86.2090,160.4930,120.7665,168.1058,112.2338,206.8389,77.6763,199.2261
104.4602,157.5655,129.2940,178.6344,99.3847,213.8883,74.5509,192.8194
110.2800,153.9018,134.9999,179.1245,100.2199,213.2110,75.5000,187.9883
113.4231,151.9056,138.2005,175.5405,102.5139,212.9523,77.7365,189.3174
118.0618,151.2419,141.1354,173.7995,104.0882,211.6940,81.0147,189.1365
115.3400,152.4396,139.9064,173.6540,105.9530,212.9723,81.3866,191.7578
117.5971,149.1989,142.8190,170.7930,108.4017,210.9922,83.1799,189.3981
113.5017,150.3092,143.5571,169.8272,115.8026,212.5661,85.7472,193.0481
118.6638,149.6409,145.2135,172.3544,111.4486,211.8221,84.8989,189.1085
116.9026,149.4273,144.5944,170.6430,113.0062,211.8735,85.3145,190.6578
120.2117,150.5087,144.6086,171.2981,109.7996,212.1473,85.4026,191.3578
120.4222,151.7049,143.3519,172.9666,108.7025,210.3342,85.7728,189.0725
120.5189,150.9024,142.9222,171.6062,108.4276,208.9324,86.0242,188.2285
123.0794,150.4846,145.2077,170.0520,110.2932,209.5359,88.1649,189.9686
130.0038,148.3387,156.1306,176.8019,115.1148,214.4509,88.9880,185.9877
134.5081,151.2941,154.8517,184.8935,106.7423,214.0226,86.3986,180.4232
143.7451,158.7070,152.2960,199.2860,95.1245,211.3333,86.5737,170.7543
152.3976,169.2191,140.2602,214.4785,91.0394,201.2787,103.1768,156.0193
152.3754,187.2451,119.5968,220.0102,83.2652,183.6636,116.0438,150.8985
156.5671,176.7569,135.4158,219.5880,85.3301,194.8542,106.4814,152.0230
142.2840,159.4921,143.7211,207.4906,94.8011,208.9554,93.3639,160.9569
151.5387,171.6676,140.8132,215.3972,88.3320,202.5252,99.0575,158.7956
155.4500,169.2597,149.9352,211.7294,91.2275,204.1061,96.7423,161.6364
159.2397,176.5419,153.8837,213.8240,96.8142,205.6253,102.1703,168.3432
163.4689,175.2360,163.0610,212.9081,105.5162,212.2852,105.9240,174.6130
170.1118,176.0590,169.4597,215.4623,112.6275,214.5218,113.2796,175.1185
183.9809,190.1195,171.4168,227.0047,111.6588,206.6495,124.2229,169.7643
181.7213,185.2938,175.7315,221.2374,116.2220,211.3203,122.2118,175.3768
188.1164,180.7935,188.3889,220.1935,128.6299,220.6068,128.3574,181.2068
192.5456,184.3426,190.2867,222.7666,131.3164,219.2998,133.5753,180.8758
195.6379,183.9414,197.1181,219.5677,138.3688,222.0086,136.8886,186.3824
208.0010,182.3934,207.1852,222.8573,144.4062,221.5915,145.2221,181.1276
217.0713,183.5477,217.1150,222.8683,151.4428,222.9413,151.3991,183.6207
220.8870,184.4925,220.0643,223.7265,155.0038,222.3621,155.8266,183.1281
224.8764,183.7294,224.9903,223.5196,160.3974,223.7045,160.2834,183.9143
228.4823,184.2736,230.1136,223.2154,165.2642,225.9320,163.6329,186.9902
240.4076,184.7503,241.5520,225.1390,174.1241,227.0495,172.9797,186.6608
252.6162,186.3695,251.0142,226.9253,176.9266,223.9988,178.5286,183.4429
258.0515,187.3011,256.8765,228.1162,181.2576,225.9394,182.4325,185.1244
260.8539,186.4751,260.0977,228.4400,185.6083,227.0977,186.3645,185.1328
266.7134,186.6550,266.2389,228.1055,191.2104,227.2466,191.6849,185.7961
279.3064,187.3068,278.6466,226.5013,193.6568,225.0707,194.3166,185.8763
282.7678,189.1186,281.9546,227.5260,198.0929,225.7505,198.9061,187.3431
286.4170,188.6044,285.8077,227.7997,203.7298,226.5238,204.3391,187.3285
294.8608,187.3157,295.6637,228.9709,206.9121,230.6815,206.1092,189.0263
294.8010,187.9119,295.7585,228.6984,211.4494,230.6776,210.4919,189.8910
299.3487,187.1338,300.2740,227.4267,211.1081,229.4743,210.1828,189.1815
305.5912,187.6628,306.5498,227.3952,217.1062,229.5531,216.1476,189.8207
313.9321,187.2318,316.1870,224.9129,216.4055,230.8841,214.1506,193.2030
315.5378,186.4314,317.6945,226.2677,220.8164,231.5127,218.6597,191.6764
315.4327,186.5041,317.0910,226.6677,224.0116,230.5110,222.3532,190.3474
320.9556,187.9680,322.6078,226.5087,228.5749,230.5397,226.9227,191.9991
325.2743,188.2469,326.4820,227.2422,232.4079,230.1558,231.2002,191.1605
327.6893,188.1756,329.8071,227.7337,235.8225,232.7653,233.7047,193.2071
331.4410,186.9531,334.5352,226.9373,240.6965,234.1990,237.6024,194.2148
333.9160,183.8483,340.1326,224.8200,249.9271,238.5069,243.7104,197.5352
339.7450,186.9158,343.0615,228.7572,255.1083,235.7288,251.7917,193.8874
344.1087,184.5996,349.2202,228.2765,258.2563,238.9219,253.1449,195.2451
346.0388,184.7120,350.8183,227.2554,262.6700,237.1584,257.8904,194.6151
351.7733,187.9486,354.1889,230.0390,262.1420,235.3216,259.7264,193.2312
354.1665,186.4419,357.3072,229.6078,266.3097,236.2286,263.1690,193.0627
357.2914,186.9362,360.2885,229.7845,269.2729,236.1507,266.2758,193.3024
362.5666,186.1424,366.0418,228.8147,273.2490,236.3716,269.7738,193.6993
366.2648,185.5340,369.7850,228.9652,278.7878,236.3408,275.2676,192.9095
370.4725,185.7746,373.6109,228.4557,279.7451,235.3579,276.6068,192.6768
374.5906,183.9264,377.8159,228.2079,283.0070,235.1133,279.7817,190.8318
