1
323.1414,85.5761,330.2776,123.1305,261.3019,136.2375,254.1657,98.6830
326.0163,91.8514,331.0209,128.4700,259.3691,138.2625,254.3645,101.6439
326.9773,94.5229,331.4003,132.2170,263.3036,140.2074,258.8806,102.5133
326.7767,98.2996,330.8400,134.7576,264.1751,142.1876,260.1118,105.7296
328.6440,101.3029,331.4216,136.9274,258.1294,142.6419,255.3518,107.0175
338.3117,101.6787,341.0979,138.4495,257.1209,144.8127,254.3347,108.0419
334.4839,104.3615,337.7869,140.4491,265.2956,147.0841,261.9926,110.9966
327.4438,103.7146,330.4935,141.8291,253.3690,148.0002,250.3193,109.8857
327.1233,106.5127,330.4548,139.7428,249.1813,147.8912,245.8497,114.6610
323.3242,106.2980,326.2974,142.2597,248.7278,148.6728,245.7546,112.7110
320.7664,105.0887,325.3731,143.1443,254.1783,151.7625,249.5716,113.7069
319.5063,103.5773,325.6731,142.1120,252.6824,153.7930,246.5156,115.2583
314.8747,102.1931,324.3073,140.5305,258.9147,156.6196,249.4822,118.2822
316.8304,101.9988,324.8538,137.9690,252.3974,154.1310,244.3739,118.1609
314.5492,100.0771,324.0026,135.2441,253.5992,154.1696,244.1458,119.0026
313.2639,97.1028,324.3042,133.3822,254.2735,154.6936,243.2331,118.4142
311.0150,97.5152,322.7154,133.3929,255.1480,155.4278,243.4476,119.5501
311.1337,97.1014,321.2692,130.5772,251.4146,151.7272,241.2791,118.2514
309.7218,95.5244,319.9892,126.4193,252.1855,148.9526,241.9182,118.0578
308.0652,92.9485,320.9319,129.9349,255.9010,152.5574,243.0344,115.5710
307.8475,92.6346,319.7912,127.6610,259.1184,148.3498,247.1748,113.3233
305.5734,90.6792,318.5690,125.8273,258.4283,148.0637,245.4327,112.9155
304.2854,89.5575,317.7100,125.3414,256.2834,148.3859,242.8589,112.6021
300.1772,88.7493,315.7998,124.4125,257.5356,149.9357,241.9130,114.2725
299.2486,87.3918,312.2674,124.6825,251.6098,145.8590,238.5911,108.5684
298.2085,87.1504,311.4727,124.3559,254.2513,144.7559,240.9871,107.5504
297.3896,85.7536,309.4142,124.1344,251.4686,142.2886,239.4440,103.9077
295.5866,84.7979,308.0308,122.0059,250.8297,141.1367,238.3855,103.9288
293.0824,82.5289,306.6936,117.9116,251.1705,139.2706,237.5592,103.8879
292.1595,82.9114,303.2579,119.6917,247.6215,136.4799,236.5231,99.6997
289.1430,78.5163,299.3873,119.7834,242.3989,133.9304,232.1547,92.6632
287.0699,78.3272,298.6816,116.0507,244.1407,132.8390,232.5289,95.1156
281.9763,77.5635,298.4420,111.9457,246.9975,136.5826,230.5318,102.2004
273.4910,70.6299,296.8810,107.7041,248.5778,138.1784,225.1878,101.1042
275.6485,75.0604,294.5501,113.2412,243.8610,138.3351,224.9594,100.1542
275.3352,76.8292,293.5163,114.0643,241.5952,139.4162,223.4141,102.1812
269.4130,69.3978,293.1219,114.0881,240.7838,141.8543,217.0749,97.1640
272.1452,79.2394,291.9171,114.1505,240.5723,143.2296,220.8004,108.3186
269.9778,80.4061,291.0782,112.9882,242.0226,144.7570,220.9222,112.1749
270.0827,81.4157,290.4833,116.1450,239.5351,146.0729,219.1344,111.3436
265.9967,80.7791,291.5310,109.6346,246.7961,149.2207,221.2617,120.3651
267.1076,84.4355,288.7653,105.5866,247.3886,147.9542,225.7309,126.8031
265.1989,83.5146,289.8090,105.1217,250.3667,150.0456,225.7567,128.4385
262.2211,80.5405,288.8076,99.7098,253.0537,149.2981,226.4672,130.1288
259.4749,81.6900,286.9529,98.2650,254.9431,151.3309,227.4651,134.7559
249.9061,82.5871,281.6522,90.9702,266.3151,149.0505,234.5690,140.6674
246.8329,82.6591,279.6498,88.4110,269.4391,146.6677,236.6221,140.9158
250.4704,79.6883,282.1811,86.5802,270.3120,141.1920,238.6013,134.3001
249.9786,78.0222,282.1421,83.5546,271.8013,143.6731,239.6378,138.1407
246.6965,80.1208,279.7170,82.9162,274.8828,140.0194,241.8623,137.2240
247.6711,79.3355,282.7192,85.5971,273.1130,139.3659,238.0649,133.1043
245.5177,79.9921,281.7457,84.9240,274.4096,138.8123,238.1816,133.8804
245.9017,80.2447,282.4012,84.2688,276.3929,138.7636,239.8935,134.7395
246.5510,80.7689,282.9756,85.8542,275.6667,138.2046,239.2422,133.1193
246.9410,80.8711,283.4904,86.3535,275.3373,140.7073,238.7879,135.2249
245.0414,81.2464,282.2009,85.5591,275.9127,139.7396,238.7532,135.4268
243.6142,80.5978,282.7903,85.9824,275.4065,139.7029,236.2304,134.3183
246.0600,80.6223,282.1159,86.1938,273.7152,140.5589,237.6594,134.9874
243.7373,85.0018,283.9415,89.4732,278.2791,140.3861,238.0749,135.9147
243.4548,86.8967,282.8725,89.2717,279.8000,140.2642,240.3824,137.8892
244.8496,87.6193,285.1896,90.6847,281.2473,142.5645,240.9072,139.4990
246.6908,88.0825,285.0340,92.4183,279.4141,142.1172,241.0709,137.7814
248.6259,89.6973,284.6682,92.9193,280.1201,143.7948,244.0779,140.5728
245.4333,92.7255,284.5583,95.3017,281.4412,142.6414,242.3162,140.0652
248.0980,89.7390,286.1143,94.7664,279.7381,142.9826,241.7217,137.9552
252.8308,89.4083,288.6625,100.0054,275.3843,144.9025,239.5526,134.3054
263.4756,91.3937,289.6628,102.9831,269.4580,148.6375,243.2708,137.0481
254.2317,89.6683,290.3634,105.3109,271.9522,147.8376,235.8205,132.1950
254.5474,88.8199,291.1507,106.6141,271.2700,147.5094,234.6667,129.7153
266.8884,92.0071,291.0245,104.5509,268.3548,148.1708,244.2187,135.6271
265.9989,93.3054,290.5025,106.0116,268.0500,149.3106,243.5464,136.6044
262.8068,95.6250,289.1322,104.2063,274.6628,148.5947,248.3374,140.0133
268.2254,94.7993,291.9808,110.4020,266.4822,149.2242,242.7267,133.6214
268.7959,93.5625,291.0688,106.6189,266.0576,149.2855,243.7847,136.2290
258.4591,91.6034,289.7344,105.9309,269.9439,149.1312,238.6686,134.8037
254.8795,94.1081,287.7482,105.5595,273.0461,147.7587,240.1774,136.3073
254.0533,93.6745,286.4426,103.6355,273.0733,147.1075,240.6839,137.1465
254.2689,93.2137,287.2240,104.9297,271.9653,147.8498,239.0102,136.1338
253.0289,91.7560,288.6999,107.4775,270.9570,147.7348,235.2860,132.0134
252.2250,91.5466,285.5789,104.8354,268.9957,146.4583,235.6417,133.1695
253.6319,90.3729,286.0421,104.5662,267.7452,146.3468,235.3350,132.1535
254.8077,90.5681,287.8074,107.0331,267.9407,146.8503,234.9411,130.3852
253.1816,92.3804,285.9632,105.7046,269.2987,146.7045,236.5171,133.3804
253.8382,90.7946,286.0685,103.9944,268.8463,146.0464,236.6160,132.8466
251.2187,91.0278,285.8145,102.6481,271.0756,146.5283,236.4798,134.9079
252.6669,91.9300,285.7824,104.0974,269.7997,147.5970,236.6842,135.4296
253.2286,90.5571,286.1503,101.1188,271.1714,147.8091,238.2497,137.2474
253.8033,92.3246,285.6118,100.3520,274.3606,144.9347,242.5521,136.9073
258.1619,92.0806,287.6055,101.8915,273.0055,145.7073,243.5619,135.8963
259.9743,92.4100,288.6257,99.5383,277.2131,145.4100,248.5617,138.2817
258.7906,90.7614,290.9357,101.4005,276.4203,145.2575,244.2752,134.6184
263.0262,90.2586,292.4345,103.7854,273.7070,144.5003,244.2987,130.9735
267.6104,90.0280,293.9615,100.8286,275.2651,146.4438,248.9141,135.6433
269.3326,89.9654,293.6596,100.9088,272.9234,147.0054,248.5963,136.0620
269.3055,90.3100,293.6010,103.5389,270.6087,145.7652,246.3133,132.5363
268.8720,90.6180,293.0734,103.3270,270.0045,147.2564,245.8032,134.5474
270.5084,87.9469,295.9685,100.7490,272.2766,147.8663,246.8165,135.0642
267.7028,89.6279,292.7032,99.0297,274.0049,148.7505,249.0044,139.3487
267.6585,89.3736,293.4734,98.4075,276.2679,147.5735,250.4530,138.5396
264.2755,88.5226,291.1358,96.7328,276.1867,145.6402,249.3264,137.4300
268.6262,88.7682,292.3805,97.2902,274.7491,146.4362,250.9948,137.9142
268.8120,82.5006,295.3520,90.7906,277.8655,146.7727,251.3256,138.4828
268.2381,81.8187,294.4690,89.1807,278.7942,145.0302,252.5633,137.6682
264.4756,82.4791,295.9050,89.7026,283.2537,144.7481,251.8243,137.5246
262.6343,82.6231,295.2188,89.5465,284.5977,139.5333,252.0133,132.6098
284.1646,136.5778,250.6707,138.0075,248.5380,88.0463,282.0319,86.6166
283.9905,134.9088,249.4059,136.9111,246.5242,87.1389,281.1089,85.1366
286.2538,135.5102,249.4168,138.2830,245.5918,87.4667,282.4287,84.6939
293.6934,125.2307,257.0549,140.8981,239.2847,99.3421,275.9232,83.6747
289.5716,125.8642,257.6382,143.6299,235.2264,103.3453,267.1599,85.5796
290.2327,125.5015,258.9096,144.1701,235.3284,104.6043,266.6515,85.9357
287.4089,133.3314,253.3686,144.8591,237.0229,96.5917,271.0633,85.0640
287.0412,133.8275,254.9408,143.9777,239.8724,96.3232,271.9728,86.1731
284.3865,133.0934,251.0113,140.1510,241.6645,95.9505,275.0397,88.8929
288.6600,129.1851,257.8810,146.2692,234.1583,103.5301,264.9373,86.4460
291.6165,123.8661,261.0445,147.9864,229.9308,108.5504,260.5028,84.4301
286.5710,136.6476,247.4152,143.7928,238.4500,94.6633,277.6058,87.5181
291.3390,120.0479,260.9307,149.3906,225.7126,112.8935,256.1209,83.5508
290.6691,123.7378,258.6095,151.8993,224.8110,113.4223,256.8706,85.2609
284.2251,140.6187,241.9258,146.3378,235.2451,96.9267,277.5444,91.2076
285.3481,137.1919,247.3847,150.9925,230.4352,104.3672,268.3985,90.5665
288.3969,135.3632,251.3557,155.2063,226.4222,108.6630,263.4635,88.8198
286.1053,137.9868,245.7623,150.4613,231.1883,103.3289,271.5313,90.8543
290.2960,129.8215,256.8944,155.6035,224.7791,113.9969,258.1807,88.2150
292.1688,121.8420,268.8415,152.2928,226.0537,119.5145,249.3810,89.0637
292.4091,122.5368,269.5884,153.7753,224.4824,120.8239,247.3032,89.5854
292.0273,117.5144,270.9492,152.4805,222.4209,123.2268,243.4991,88.2608
289.8223,116.8587,268.4218,154.9714,218.8605,127.1423,240.2609,89.0297
289.5966,120.7215,271.5495,153.0410,219.3555,123.8960,237.4026,91.5765
285.3939,113.8055,268.5390,152.7097,216.7215,130.2603,233.5764,91.3560
283.4178,115.3752,269.8399,156.5137,214.0026,138.0845,227.5805,96.9460
278.5765,106.4756,270.1877,150.3639,217.4937,140.2919,225.8825,96.4036
275.7456,110.7031,268.2334,152.7697,214.3432,143.1461,221.8553,101.0795
278.0056,121.5479,256.6351,161.9822,206.3413,135.4006,227.7118,94.9663
272.7793,117.1117,262.0800,158.9551,209.5675,145.5278,220.2667,103.6844
272.7225,116.2898,259.7090,158.0683,206.6146,141.5299,219.6281,99.7515
271.4523,114.2753,259.6977,156.5241,204.3859,141.1350,216.1405,98.8862
266.9184,108.9362,260.3789,150.9198,206.1528,142.4734,212.6923,100.4897
265.9153,110.1776,258.2664,155.2853,203.1926,145.9464,210.8415,100.8388
260.0007,106.5606,259.2182,148.8109,204.4848,147.7972,205.2673,105.5469
261.8405,112.3938,253.2163,156.9477,197.4121,146.1458,206.0363,101.5918
259.8227,109.5257,253.1197,155.1302,195.9143,146.7220,202.6174,101.1175
259.3633,113.3907,249.5140,157.1094,193.1077,144.4017,202.9571,100.6830
256.2775,110.3175,251.0662,154.5255,195.5903,147.9858,200.8016,103.7779
255.1135,112.2164,248.3290,156.5867,193.1108,148.1435,199.8953,103.7732
255.6936,112.2606,247.7953,156.2756,191.8489,146.2364,199.7472,102.2214
254.5334,111.5419,245.4535,157.7717,190.7946,147.0363,199.8745,100.8065
255.3294,116.2718,243.5151,159.5789,186.0695,143.9076,197.8838,100.6005
255.9565,120.7283,241.7671,161.3636,184.1252,141.2357,198.3147,100.6004
255.9654,120.0867,242.5854,162.2961,183.6790,143.6233,197.0589,101.4139
253.7785,123.4047,240.0183,161.7276,183.5732,141.4604,197.3335,103.1376
253.6367,124.7115,239.2511,166.2209,181.7063,146.2779,196.0919,104.7686
249.9484,128.2481,231.1076,168.6705,178.9307,144.3509,197.7715,103.9286
247.1577,135.4077,226.1035,169.6040,178.1647,140.0886,199.2190,105.8923
247.1521,124.0453,234.8266,164.8969,178.9340,148.0333,191.2595,107.1817
246.3654,131.4951,227.1869,167.4247,174.4007,139.2485,193.5793,103.3189
245.0822,134.6813,223.0513,168.9996,173.3629,137.1017,195.3938,102.7835
244.9878,135.0377,224.5696,170.9833,172.0751,141.1648,192.4933,105.2192
242.2365,140.3701,217.5313,171.7166,171.7584,135.6414,196.4636,104.2949
242.6943,141.7034,217.0762,170.7811,172.3285,131.3572,197.9466,102.2795
239.7601,144.7427,212.3824,172.4527,170.3583,130.9327,197.7360,103.2226
241.9263,141.7167,213.0761,172.2640,169.8741,131.4622,198.7242,100.9149
240.8033,143.2865,213.7255,172.4642,169.4482,131.3735,196.5259,102.1958
236.1161,148.6663,205.2490,172.3868,168.8439,125.0134,199.7111,101.2929
238.8671,146.2259,209.0093,172.8206,167.8609,126.6233,197.7187,100.0286
242.7573,150.4883,216.0172,175.6114,168.1107,124.6215,194.8508,99.4984
242.7078,149.4605,216.6779,175.1869,165.7510,123.6592,191.7809,97.9328
241.3913,146.9186,218.0343,171.0535,165.6426,120.3503,188.9997,96.2155
238.4935,145.9822,214.3925,169.4151,163.8389,117.4201,187.9398,93.9872
237.6507,143.9064,214.4441,167.9819,162.9367,118.3335,186.1434,94.2579
236.4214,140.5856,210.3799,167.2236,160.9338,118.8848,186.9753,92.2468
234.9271,139.7559,208.9628,165.1121,158.9793,113.9298,184.9436,88.5736
233.3179,138.2739,207.6554,163.9219,158.7737,115.0124,184.4362,89.3644
230.8955,133.7983,207.2845,160.0344,156.2931,114.1450,179.9041,87.9089
228.1174,131.9191,203.1553,157.8885,156.3352,112.8844,181.2973,86.9150
224.9697,125.9959,200.1546,153.8416,154.8518,113.4694,179.6669,85.6237
224.3364,125.7409,198.5282,153.3327,152.7543,110.5178,178.5624,82.9260
220.6986,126.1792,196.3353,151.4822,152.2658,109.0492,176.6290,83.7462
219.7045,125.5746,196.0221,149.4026,153.4985,107.1390,177.1809,83.3109
220.8898,127.9951,198.3442,149.3486,155.2147,103.8113,177.7603,82.4578
220.5408,131.3701,197.5460,150.5110,156.3794,101.0557,179.3742,81.9148
221.0039,130.2671,195.4192,150.9021,155.0228,100.8158,180.6075,80.1808
216.9248,131.5224,192.7663,150.3660,152.3834,98.5928,176.5419,79.7492
215.9251,130.8050,190.6196,148.8306,154.2309,97.7458,179.5363,79.7202
215.1752,136.1829,190.7261,152.5769,154.1585,98.0421,178.6076,81.6480
214.1122,136.3714,188.5862,153.6553,152.3218,100.0979,177.8478,82.8139
214.3774,137.7504,188.2243,155.2460,151.1708,99.8572,177.3239,82.3615
211.2356,140.4744,185.9557,155.8041,151.9101,99.6603,177.1900,84.3306
210.9065,137.1237,184.3416,154.0850,150.5890,101.2214,177.1539,84.2601
208.5140,136.1244,179.8281,153.5437,148.2912,101.6092,176.9771,84.1898
206.3000,134.8160,176.9150,151.4147,148.4775,101.0713,177.8625,84.4726
211.9740,125.4664,182.9532,151.3356,145.8877,109.7544,174.9086,83.8852
208.0169,128.1069,175.2180,151.1681,144.4398,107.3938,177.2387,84.3325
157.9322,85.6113,207.9460,90.8808,202.5338,142.2491,152.5200,136.9796
156.2243,82.2627,205.5488,85.8108,201.4832,142.3284,152.1588,138.7803
208.0996,126.8555,174.0420,151.3824,143.1161,108.4393,177.1736,83.9124
203.4982,138.1983,153.0957,138.8302,152.4541,87.6468,202.8566,87.0150
198.6897,103.9254,168.6190,143.4729,140.3873,122.0063,170.4580,82.4588
208.1293,131.1990,167.5632,153.1399,142.2619,106.3605,182.8280,84.4197
197.2390,135.8507,159.7369,146.9773,144.7398,96.4293,182.2419,85.3028
200.2572,139.1422,159.4252,147.3235,148.0659,90.6303,188.8979,82.4490
200.7847,141.5038,159.1714,146.6561,152.3507,91.5678,193.9641,86.4155
165.1272,86.4487,209.1288,101.7527,192.5461,149.4310,148.5444,134.1271
195.9314,87.0494,204.8863,133.9261,152.4780,143.9377,143.5230,97.0611
164.9814,86.5309,194.4339,99.1932,174.6576,145.1930,145.2051,132.5307
157.5145,87.3300,197.4444,95.4906,187.2522,145.3610,147.3223,137.2004
199.9941,137.0640,159.9284,148.8901,144.7891,97.5992,184.8548,85.7731
197.3864,136.1894,158.8151,147.6494,144.0222,97.8605,182.5934,86.4005
193.9528,141.2815,154.3064,145.3520,148.9778,93.4521,188.6242,89.3816
161.6438,86.6669,195.4992,97.0131,180.4201,146.3561,146.5647,136.0099
161.8651,88.6042,194.0414,96.8482,181.1501,147.1630,148.9738,138.9190
160.7405,90.3246,193.6136,96.4834,183.8685,148.4984,150.9954,142.3396
158.2035,88.7700,191.0679,91.8936,185.7065,148.3030,152.8421,145.1794
159.4400,88.4653,195.6832,94.9446,186.2112,147.9290,149.9679,141.4498
193.8902,141.2764,154.8027,146.1822,148.2125,93.6741,187.3000,88.7683
190.8979,144.6299,155.3272,146.4715,152.4392,90.6862,188.0098,88.8446
191.9267,142.8562,156.3646,146.5947,150.6270,92.0155,186.1890,88.2770
191.8008,141.5332,153.7126,147.6306,144.8826,92.4730,182.9708,86.3756
187.1924,144.5438,152.7455,146.9603,148.6993,89.2821,183.1462,86.8656
190.0975,141.6614,155.5461,147.1884,146.8774,92.9974,181.4288,87.4704
189.5963,141.9364,155.6707,146.7434,147.9715,92.4062,181.8971,87.5991
191.8990,141.5459,157.6139,147.5896,147.9166,92.5778,182.2016,86.5341
191.5936,141.9135,152.7359,147.6284,144.7504,93.3325,183.6081,87.6176
193.1308,141.1185,152.0561,146.5582,145.1084,94.0962,186.1830,88.6566
153.7366,90.3734,191.9051,91.9959,189.5613,147.1333,151.3929,145.5109
156.1281,88.5403,193.1952,92.1348,187.8847,146.8969,150.8176,143.3024
156.4418,87.0168,191.5972,91.9358,183.7860,147.7613,148.6306,142.8423
150.2097,89.3361,186.4358,91.0714,183.8639,144.7641,147.6378,143.0289
148.8123,86.8659,188.4948,89.5725,184.7321,144.7376,145.0497,142.0310
148.4076,87.4693,183.6944,90.7228,178.7019,144.8703,143.4150,141.6167
150.9072,87.3800,185.9353,91.7579,178.9292,147.8135,143.9011,143.4356
152.2220,87.6158,188.1512,91.5895,182.0106,147.1116,146.0813,143.1380
152.4861,87.0649,190.0989,92.3988,182.1781,148.2542,144.5653,142.9203
156.4035,87.1245,189.4512,92.0067,181.0439,148.9161,147.9962,144.0339
151.3147,87.2008,190.6469,91.9563,183.8369,148.2803,144.5048,143.5248
150.1724,87.8008,188.9207,91.0021,184.3360,146.4954,145.5877,143.2941
150.9166,86.5744,184.6587,90.3749,178.4700,145.3214,144.7279,141.5210
157.6161,86.3665,186.4145,90.8364,178.1052,144.3705,149.3068,139.9006
149.9971,86.8652,183.8410,89.6354,179.5370,142.2197,145.6930,139.4495
150.9243,83.8046,183.7689,91.1779,172.5909,140.9707,139.7463,133.5974
152.4883,86.9785,183.6743,89.7032,178.9516,143.7586,147.7655,141.0340
151.1754,85.7935,184.4402,88.6043,179.7948,143.5806,146.5300,140.7698
151.7935,84.8787,185.9995,89.9035,178.1793,143.1390,143.9733,138.1142
153.1432,84.1107,187.8855,88.6865,180.6117,143.9128,145.8694,139.3369
154.0689,84.7992,189.5707,90.5984,180.7701,144.4735,145.2683,138.6742
150.8414,85.7086,189.9298,91.2391,182.3432,144.8603,143.2548,139.3298
155.4867,81.6016,194.5374,94.8372,177.3460,145.5589,138.2954,132.3233
157.6515,80.3344,197.1409,95.0439,178.3138,145.5871,138.8245,130.8776
169.1421,75.7502,201.4890,98.2042,169.1772,144.7522,136.8303,122.2982
170.3445,74.4852,202.7847,98.8415,167.4805,145.8633,135.0403,121.5070
174.1485,75.8373,201.9082,103.5861,161.2655,144.2446,133.5059,116.4958
179.2318,74.7234,202.7482,104.5087,156.4519,141.0610,132.9355,111.2757
179.0775,73.9057,203.1966,101.0456,157.7796,141.4074,133.6605,114.2674
176.8416,73.7016,201.2350,102.0059,155.8970,141.0795,131.5035,112.7751
181.3342,74.1220,203.7189,101.0593,155.4805,141.1450,133.0959,114.2077
183.6982,74.3271,203.9168,103.6432,152.1464,139.3480,131.9278,110.0320
184.2151,74.7412,203.2714,104.6029,151.2483,137.8015,132.1920,107.9398
184.8734,74.9669,203.3389,108.0474,150.1791,137.7211,131.7136,104.6405
186.8512,76.8759,202.3932,110.9402,149.8764,134.9010,134.3345,100.8367
189.2150,75.0715,205.1489,109.9413,150.9060,134.7277,134.9721,99.8579
189.3863,73.4499,205.0454,107.8148,150.1160,132.8446,134.4568,98.4796
190.1980,74.8884,204.4256,107.9260,150.4109,131.1872,136.1834,98.1497
191.2702,74.7908,203.8942,104.9394,147.9886,128.3486,135.3646,98.2000
192.0399,74.1445,204.6020,105.1807,148.9316,127.7135,136.3696,96.6773
192.2492,74.6992,204.6101,105.1742,148.8328,127.7980,136.4718,97.3230
191.1361,74.0148,204.5844,104.5974,148.6169,129.2084,135.1686,98.6257
192.9305,74.6901,204.8766,105.3325,148.1174,127.4604,136.1712,96.8180
193.3513,74.5784,204.4144,104.5461,147.8403,125.4314,136.7772,95.4637
193.3287,74.5525,204.7994,106.2673,148.4233,126.6576,136.9526,94.9428
193.4142,72.4747,206.4695,106.7963,149.9773,128.2848,136.9220,93.9632
192.7442,72.8523,204.6874,106.1383,148.5716,126.2729,136.6284,92.9869
193.3678,72.7746,205.2064,105.9822,152.7238,124.6923,140.8853,91.4847
193.0957,73.3901,206.0578,108.1232,154.8165,127.2459,141.8545,92.5129
194.9238,75.0852,205.7624,113.5854,151.9382,128.7380,141.0997,90.2378
195.3004,74.5541,205.8211,113.5587,149.5998,128.7233,139.0791,89.7188
197.4538,77.3517,203.2360,115.5275,146.4085,124.1347,140.6263,85.9589
195.2751,75.3704,204.2653,115.3592,145.0436,128.6734,136.0533,88.6846
193.3279,73.8504,205.3392,110.4963,148.5040,129.1251,136.4926,92.4792
193.7219,74.1149,204.5701,110.8512,146.7926,127.9128,135.9445,91.1765
194.2280,75.1838,203.9668,111.7864,144.5578,127.5933,134.8190,90.9906
194.4295,76.4573,203.2091,111.7352,142.6347,126.8102,133.8552,91.5324
195.1253,76.8344,202.8923,112.6832,140.6681,126.1648,132.9010,90.3159
193.7595,77.5481,201.5208,115.4749,141.6094,127.7350,133.8481,89.8082
191.8301,77.3764,198.9858,117.5964,140.4574,128.0095,133.3016,87.7896
192.5935,80.0082,198.2001,116.5132,139.6213,125.5099,134.0148,89.0050
193.9845,81.3297,198.3951,119.6764,137.7343,126.6535,133.3237,88.3068
189.2862,75.9038,197.8754,118.5610,139.6583,130.2833,131.0691,87.6261
192.2445,76.9824,200.1255,118.2020,141.6113,129.3897,133.7303,88.1700
190.7625,79.7937,198.6404,117.7050,140.2165,129.8455,132.3385,91.9341
189.4717,76.8582,198.2931,117.3693,141.0440,129.8355,132.2226,89.3244
189.1131,76.7210,199.0851,118.4481,142.1164,132.0627,132.1443,90.3356
190.2541,75.8817,200.6918,117.3451,142.7521,131.9304,132.3144,90.4670
186.3796,76.9357,199.9544,116.1323,145.8986,134.8532,132.3238,95.6565
187.5010,74.7425,202.2968,113.5773,146.3389,134.8968,131.5431,96.0619
184.0560,73.7921,201.6541,112.1087,148.3098,136.6089,130.7117,98.2923
185.9488,77.1661,203.0730,113.0473,149.6068,138.5638,132.4827,102.6826
182.8427,77.5081,201.1104,113.9828,152.0808,138.5384,133.8132,102.0637
181.8152,78.2120,202.4981,113.3343,154.5119,141.5925,133.8290,106.4703
181.5871,78.0194,201.9510,114.1724,154.9487,140.6473,134.5848,104.4943
179.3486,76.3187,203.7527,110.3510,157.8609,143.2594,133.4568,109.2271
179.9239,76.9059,203.6248,112.8337,157.9203,142.9841,134.2194,107.0563
181.8707,78.0884,202.4572,114.3047,154.5167,141.5556,133.9301,105.3393
182.2086,77.2441,203.4356,113.7663,156.0009,141.3356,134.7740,104.8134
183.6783,77.3859,204.6796,112.1609,158.1008,140.2908,137.0995,105.5157
181.9509,77.4962,204.6990,109.9646,157.8682,142.7751,135.1202,110.3067
182.0222,78.1850,203.6648,109.2680,156.0181,142.4437,134.3754,111.3608
179.7945,78.9574,201.7189,108.5526,159.7148,139.6697,137.7904,110.0745
181.5491,78.2004,202.3065,108.7626,157.5860,139.1362,136.8285,108.5740
179.5939,75.9532,201.1661,110.0897,156.5186,138.3042,134.9464,104.1677
182.5724,80.0181,201.7483,113.7418,155.2564,140.1779,136.0805,106.4542
183.6691,78.9852,203.0191,113.5050,156.5239,139.5677,137.1739,105.0479
183.2232,78.7973,202.6083,112.9220,154.9439,139.9986,135.5588,105.8740
187.9809,80.9366,201.2384,120.2030,149.4165,137.6996,136.1590,98.4332
187.8863,80.6816,204.3854,120.5830,148.9005,143.5258,132.4014,103.6244
187.5143,80.0704,205.3307,119.9677,146.5822,146.2022,128.7659,106.3050
188.6065,79.6679,207.6061,117.3893,147.0082,147.9114,128.0086,110.1900
189.6187,80.4386,207.4316,119.3410,148.9457,146.1210,131.1327,107.2187
195.0146,81.9162,208.6136,119.4191,145.9197,142.1527,132.3207,104.6498
198.2029,83.9203,207.8679,120.4188,144.9111,137.0900,135.2462,100.5915
198.8169,83.1665,208.7400,120.1925,143.1243,137.7777,133.2012,100.7517
200.3756,83.5518,209.7441,122.1252,142.7793,138.3893,133.4108,99.8159
202.9187,84.0487,210.8871,122.4623,140.3923,137.0855,132.4239,98.6718
205.4237,86.7090,211.5318,124.7762,140.9324,136.1042,134.8243,98.0370
209.4927,92.6959,210.8063,126.8534,142.9693,129.4622,141.6557,95.3047
207.8318,88.0675,213.1443,121.1905,141.4020,132.6971,136.0894,99.5742
212.5429,91.2367,214.5193,123.2905,149.2840,127.3128,147.3077,95.2590
212.8744,91.2118,214.7075,122.8276,151.8335,126.4730,150.0005,94.8572
214.0322,91.6555,215.6514,122.3456,148.8135,125.8719,147.1943,95.1818
216.5066,89.8886,217.4715,123.4590,151.4886,125.3554,150.5238,91.7850
215.7796,89.1336,218.7176,123.3513,150.5811,129.2018,147.6430,94.9840
216.3406,89.4121,219.8542,121.5475,151.5334,129.0176,148.0198,96.8822
219.8161,90.3029,221.0458,124.2011,151.3002,126.7314,150.0705,92.8331
220.6006,91.5347,221.6899,124.3820,159.0044,126.4609,157.9150,93.6136
220.4114,88.0752,222.5415,125.4611,161.8633,128.9182,159.7332,91.5323
221.8571,87.1891,224.8394,121.7160,156.7085,127.6010,153.7261,93.0741
222.3137,87.5192,224.9181,119.7450,154.5324,125.4334,151.9279,93.2076
224.1134,85.3928,226.6059,119.0116,157.1213,124.1630,154.6288,90.5443
228.2347,86.8890,228.4206,120.3995,157.5329,120.7928,157.3470,87.2822
228.6375,87.1672,228.7880,120.4868,157.0058,120.8111,156.8553,87.4914
232.1110,87.9734,231.9879,121.3622,161.6255,121.1027,161.7487,87.7139
233.3475,89.0055,230.3957,123.6968,167.2749,118.3261,170.2267,83.6348
234.1173,88.4973,231.4694,123.8564,165.4118,118.9097,168.0596,83.5506
236.8460,93.8150,227.9839,128.3564,175.8887,114.9906,184.7508,80.4492
238.7616,97.0239,226.8841,128.5957,178.2705,110.3069,190.1479,78.7351
240.6153,105.5459,221.5016,132.3335,180.0189,102.7344,199.1325,75.9468
238.2738,95.2403,227.3932,127.0073,181.0469,111.1332,191.9275,79.3661
240.6367,104.0341,220.1458,135.1953,180.0232,108.8116,200.5141,77.6504
242.1733,110.5441,221.9725,132.9711,185.5643,100.1772,205.7651,77.7501
242.5604,106.2144,225.1560,134.6574,175.5965,104.3318,193.0008,75.8887
241.1265,118.4825,218.9630,136.3893,187.5528,97.5126,209.7162,79.6058
243.1537,112.3572,220.2408,138.3135,183.2888,105.6940,206.2017,79.7377
241.6763,118.3065,216.4434,139.7807,185.9437,103.9425,211.1766,82.4683
244.2276,118.9750,218.5533,141.6874,184.9195,103.6675,210.5938,80.9551
243.8922,119.5704,219.7889,141.9417,180.9711,100.1185,205.0745,77.7472
243.5435,114.9718,219.5037,141.8284,179.8293,106.3152,203.8691,79.4586
243.3810,120.5790,214.0024,144.8240,178.6524,101.9891,208.0310,77.7441
241.6459,125.9689,206.0051,146.5450,178.3188,98.5882,213.9596,78.0121
241.0368,128.4045,204.0072,148.0755,178.0926,99.2927,215.1222,79.6217
238.2402,132.9220,199.2755,148.0157,178.7735,95.0890,217.7382,79.9953
238.0036,135.5888,201.4855,146.8077,184.1556,90.3977,220.6736,79.1789
236.5096,137.5577,196.7186,147.2907,182.6668,89.8434,222.4578,80.1104
238.2238,139.1911,200.1426,148.3355,185.6838,88.1227,223.7650,78.9783
235.7708,143.9657,209.2233,146.3221,204.0589,88.1397,230.6065,85.7833
234.8372,147.8163,208.1423,147.9427,207.8776,92.0317,234.5725,91.9053
211.5626,95.8551,239.6326,99.0566,233.7467,150.6621,205.6768,147.4606
209.4919,93.6482,236.9591,94.5808,235.0968,149.4292,207.6297,148.4966
209.7397,95.1225,238.3424,97.4258,234.0946,150.1750,205.4919,147.8717
209.3460,92.3911,236.9386,93.9385,233.7010,151.6678,206.1085,150.1204
207.8813,92.4313,236.8396,93.7708,234.1678,151.5290,205.2095,150.1895
208.9568,93.5129,239.5864,97.1392,233.0188,152.6118,202.3892,148.9855
209.1068,95.3717,240.4454,99.3011,233.6178,153.7547,202.2791,149.8253
208.6064,94.9336,241.2282,99.7465,233.2181,154.0388,200.5963,149.2259
208.5175,95.1746,240.2411,99.4611,232.7614,154.8180,201.0378,150.5316
211.4636,96.1366,243.0362,103.6995,230.2519,157.0697,198.6793,149.5067
212.2973,98.4700,243.1980,105.6579,231.0128,158.0418,200.1121,150.8538
212.0746,96.0944,243.7709,103.7407,230.4413,158.9957,198.7451,151.3493
215.5567,96.7005,245.6355,107.3291,226.3716,161.8456,196.2929,151.2171
215.1487,97.1945,246.3872,109.2519,225.5669,163.1932,194.3284,151.1358
216.0273,98.2522,246.3984,111.7229,222.9555,164.5773,192.5845,151.1066
215.2680,97.7777,246.2176,112.7449,220.6181,165.6799,189.6686,150.7126
218.8666,99.6297,248.2269,118.0809,217.4613,167.0363,188.1010,148.5851
222.1523,100.7684,248.8624,120.7435,214.2342,167.0473,187.5241,147.0722
224.2015,101.9231,249.7728,125.6523,211.1095,167.3169,185.5382,143.5877
226.1872,104.4670,249.3264,128.0768,208.0320,168.5480,184.8928,144.9382
231.0838,106.5888,250.6278,133.8034,201.2188,169.2862,181.6748,142.0717
230.3066,106.5077,249.2337,133.8680,199.2777,168.4263,180.3505,141.0659
234.2554,108.4059,250.2646,138.5591,196.6809,167.0083,180.6716,136.8550
234.8611,108.2474,250.2290,137.4879,195.3144,166.3493,179.9465,137.1088
235.0454,109.5994,248.6533,138.2597,192.6271,164.8610,179.0192,136.2007
234.0800,114.9787,242.4758,146.0906,187.6013,160.8988,179.2056,129.7869
234.1988,115.5068,241.2529,147.1250,187.0452,159.2190,179.9910,127.6008
233.1318,114.8578,238.5536,148.0940,183.8098,157.0244,178.3880,123.7882
232.5801,116.2922,236.9436,148.4669,182.2788,155.8804,177.9154,123.7057
234.3567,117.2329,237.0659,149.4593,180.2088,154.2392,177.4996,122.0129
234.7406,118.7796,237.0875,149.4140,179.1603,153.8518,176.8134,123.2174
235.8891,119.5401,236.7931,151.0372,177.0903,152.7507,176.1863,121.2536
234.1528,119.5195,234.2946,153.0609,176.2230,153.3066,176.0811,119.7651
235.2851,121.3196,233.7562,152.6852,176.2712,149.8830,177.8001,118.5175
234.8807,118.8009,236.1136,152.6642,176.1084,154.8489,174.8754,120.9856
233.3405,115.3758,235.2383,151.7269,176.0238,154.8183,174.1260,118.4673
232.1437,114.5575,233.8043,153.4268,175.0579,155.9366,173.3973,117.0672
232.3171,117.7553,232.9357,151.8402,175.3212,152.8859,174.7026,118.8009
232.7108,116.8794,233.7165,152.0682,174.9405,153.7481,173.9348,118.5592
233.0989,120.4313,230.0737,155.4102,171.4923,150.3437,174.5175,115.3648
231.3538,119.3685,228.8530,154.4207,169.2246,150.1666,171.7253,115.1144
230.5474,119.8885,224.9123,158.7156,167.6918,150.4111,173.3269,111.5839
230.8994,118.7127,225.5774,158.9786,166.3129,151.1455,171.6349,110.8796
229.6005,118.5749,223.1728,160.8482,164.0721,151.8619,170.4998,109.5886
228.9081,119.9162,223.4122,157.4529,163.2932,148.6505,168.7891,111.1138
228.5234,119.0055,224.1656,156.8742,162.8304,149.8160,167.1882,111.9473
227.6775,117.3559,224.3198,154.9055,160.8730,149.2321,164.2307,111.6825
227.6713,117.7347,223.4920,155.5424,159.2036,148.4359,163.3829,110.6282
226.5664,115.3458,222.9540,154.9700,157.5652,149.0088,161.1776,109.3846
225.8961,116.7863,222.2204,152.5595,159.1660,146.0806,162.8417,110.3074
224.7900,116.3134,220.9156,152.3731,157.1235,145.5190,160.9978,109.4594
222.7259,115.3252,219.0520,153.5017,154.6695,147.3059,158.3433,109.1294
222.2833,114.0932,219.9252,149.7435,155.3862,145.4745,157.7444,109.8242
220.6983,113.9311,218.2497,149.7122,152.9956,145.2467,155.4442,109.4656
220.6885,113.8038,218.2305,149.8193,152.7229,145.3486,155.1808,109.3331
219.8810,114.2279,216.4836,150.3630,151.4632,144.2499,154.8605,108.1148
220.1382,115.0314,215.5150,150.8192,149.8975,142.3425,154.5208,106.5547
220.3885,116.1972,213.6322,152.9822,145.2871,140.4292,152.0435,103.6442
219.2267,116.5211,211.0405,151.9105,145.6461,136.7836,153.8323,101.3942
219.5539,116.5509,211.6596,150.8193,148.0193,136.1587,155.9135,101.8904
219.6358,114.6478,212.7753,151.5607,148.2207,139.5628,155.0813,102.6499
219.1440,112.9825,212.1797,149.9261,148.6192,137.9441,155.5835,101.0005
218.7463,112.4181,210.7318,149.7243,148.4527,136.3448,156.4672,99.0386
219.0148,110.8523,212.6290,147.9537,148.8863,136.9824,155.2721,99.8810
218.9575,111.2850,209.8335,150.0623,145.9001,135.0191,155.0242,96.2419
219.0154,111.3528,209.8525,149.4583,146.0397,134.1138,155.2026,96.0083
219.0699,109.9672,209.1828,149.7338,145.8232,133.9808,155.7103,94.2142
218.9535,111.0994,210.3163,147.9610,145.0408,132.6659,153.6780,95.8043
218.2293,109.3357,211.0509,145.4161,146.3867,132.5508,153.5651,96.4704
218.5257,109.1312,208.2477,146.0918,147.5907,129.2242,157.8688,92.2637
216.6366,105.6155,211.1143,143.7657,147.9773,134.6266,153.4996,96.4763
216.1962,106.0486,208.6723,144.2551,149.2779,132.5587,156.8018,94.3522
216.0147,105.8072,206.9311,142.9405,148.1215,128.5545,157.2051,91.4211
215.4794,101.4613,206.2458,141.8313,149.5129,128.8551,158.7465,88.4851
211.2833,95.4039,208.9739,136.5709,152.9129,133.4260,155.2223,92.2590
199.5395,89.6470,211.0790,126.3873,160.6281,142.2331,149.0885,105.4928
201.2189,92.3476,211.4014,129.7011,159.3228,143.8977,149.1403,106.5442
211.6246,96.8590,213.1185,134.6466,152.8953,137.0273,151.4014,99.2398
196.4888,91.0492,206.5617,126.0803,157.9483,140.0587,147.8754,105.0276
205.8023,96.4459,209.6870,131.0488,151.7597,137.5522,147.8750,102.9492
191.2742,92.6043,202.9959,119.8059,154.3167,140.7828,142.5950,113.5812
192.6970,94.1801,201.8350,124.5115,150.6776,139.9238,141.5396,109.5924
187.7472,92.4018,199.6617,119.4301,151.5522,140.6376,139.6377,113.6092
185.7556,94.0201,196.8602,122.7948,149.6788,141.0028,138.5742,112.2281
184.4306,94.9242,194.4060,126.2659,148.0627,141.0160,138.0873,109.6744
184.1757,96.0644,194.2183,126.6658,147.4099,142.0271,137.3673,111.4256
180.9314,94.3694,192.8130,127.2292,145.4184,144.3664,133.5368,111.5066
180.6310,93.8172,190.8164,127.0400,139.8046,142.6790,129.6192,109.4562
174.4274,92.2707,190.3974,118.8487,147.7263,144.4886,131.7563,117.9106
176.2096,87.0779,196.4585,117.5683,150.2692,148.2431,130.0202,117.7527
171.5638,88.2953,194.2589,116.2349,151.4643,150.9964,128.7693,123.0568
176.6619,86.7292,194.3932,112.0610,145.0045,146.6311,127.2732,121.2994
174.0490,88.3130,190.1538,107.8324,144.4749,145.5206,128.3701,126.0012
168.3797,87.5459,187.1770,107.7881,146.2828,145.7631,127.4856,125.5210
167.6055,87.3424,186.0505,105.4708,145.3282,146.9041,126.8833,128.7757
170.0176,88.5856,187.6958,110.2320,142.7160,146.9662,125.0378,125.3197
163.7139,88.1845,184.4365,107.6586,145.7641,148.8105,125.0415,129.3364
161.6242,88.8104,179.5834,102.8257,144.6139,147.6355,126.6547,133.6201
158.5717,88.6737,176.1298,101.3144,143.4926,146.6481,125.9345,134.0075
156.3817,88.8298,175.4230,102.2322,143.8353,147.1102,124.7940,133.7078
154.4271,88.4297,172.6024,100.6560,141.9709,146.1920,123.7956,133.9657
158.6109,90.3195,175.2440,105.8124,138.5067,145.2533,121.8736,129.7604
151.6271,91.1913,171.6326,105.5772,143.0253,145.3594,123.0198,130.9735
148.3553,91.2637,175.3718,109.4326,149.1100,148.4828,122.0935,130.3140
143.9352,91.7345,171.8728,106.2975,149.7472,148.7432,121.8096,134.1802
140.7649,91.4326,168.5784,102.6745,151.3104,145.3973,123.4969,134.1554
142.5144,92.3235,165.0705,104.6047,143.0264,145.0917,120.4703,132.8104
139.2293,91.6769,164.3223,103.2972,146.1455,142.5483,121.0525,130.9280
138.7832,91.1421,162.5148,102.3750,143.6143,142.3061,119.8826,131.0733
140.0548,91.5252,168.4967,107.3998,146.9656,145.9763,118.5236,130.1016
133.7522,91.0763,164.3080,101.8107,149.8961,142.8346,119.3403,132.1003
137.2491,90.7452,165.6012,106.1931,143.5638,146.6391,115.2118,131.1912
135.4463,90.6649,164.5278,105.5948,143.9125,145.7509,114.8310,130.8211
135.1461,91.5579,163.9104,107.3506,141.9056,147.4295,113.1412,131.6367
136.6811,93.0566,162.3822,109.3871,139.2045,145.8644,113.5034,129.5339
135.4953,92.4118,161.5601,109.9267,136.9496,146.5507,110.8848,129.0358
134.2920,92.1389,159.9748,110.1608,134.3500,146.6785,108.6673,128.6566
133.0414,89.4617,159.6368,103.8466,136.7914,146.0841,110.1960,131.6993
128.3800,88.2645,156.6516,100.0479,137.0466,147.0858,108.7749,135.3024
124.6818,88.9884,155.3208,100.6956,136.7817,149.2143,106.1427,137.5071
124.1164,89.9966,155.3221,102.2581,136.4061,150.3994,105.2005,138.1380
122.7590,87.7931,155.8878,103.0333,134.5902,149.3295,101.4614,134.0892
120.8322,88.1726,156.2165,102.6291,136.9651,149.7494,101.5808,135.2928
134.9254,88.9318,160.2283,118.8844,119.4252,153.3533,94.1224,123.4008
139.6753,90.0598,160.5137,121.5921,111.7076,153.8461,90.8692,122.3138
138.0909,88.1835,159.2638,124.2406,108.3143,154.1584,87.1414,118.1013
130.8272,84.8598,160.6344,114.1299,121.3417,154.1436,91.5345,124.8735
132.5444,82.8724,161.6033,116.2686,116.4020,155.5994,87.3431,122.2032
137.1095,85.4439,162.3628,124.4810,110.6252,157.9502,85.3720,118.9132
142.1718,88.0361,161.5829,128.7837,103.8070,156.3067,84.3958,115.5591
147.4782,92.9587,156.3084,135.6034,87.6402,149.8221,78.8100,107.1774
145.5270,92.1270,153.9519,138.1988,87.5240,150.3461,79.0991,104.2743
144.1077,91.5172,152.7112,137.3959,82.6680,150.5308,74.0646,104.6521
138.7486,89.1637,151.5410,136.1446,86.3401,153.8981,73.5477,106.9172
137.1874,93.2793,148.7888,134.8324,83.4186,153.0835,71.8171,111.5305
140.0900,93.7846,148.2309,137.8298,80.1526,150.4127,72.0117,106.3675
140.6405,95.1275,147.7255,138.1083,79.5362,149.3487,72.4512,106.3679
139.0813,94.0808,148.3131,136.8769,80.4030,151.5262,71.1712,108.7301
139.4316,95.2814,147.6134,138.1503,79.4716,151.1557,71.2897,108.2869
130.3732,91.5944,144.5728,132.4786,80.5206,154.7249,66.3210,113.8407
128.8288,88.8703,144.4562,132.3563,80.7905,155.2355,65.1631,111.7496
126.2109,90.7568,142.9593,130.2544,80.4080,156.7784,63.6596,117.2808
122.3635,93.1234,136.1146,133.9599,76.5888,154.0045,62.8376,113.1679
118.5090,93.2100,133.1423,133.8266,76.2219,154.3339,61.5886,113.7173
116.7094,94.0245,130.7820,132.2394,73.8649,153.1991,59.7922,114.9842
115.0852,93.4855,129.8668,133.4786,72.6994,154.6079,57.9178,114.6148
115.0390,94.6431,128.5091,134.4732,70.1036,154.2252,56.6335,114.3951
112.0323,94.9073,126.6887,133.9863,68.9723,155.6326,54.3159,116.5535
106.3138,92.0007,123.7039,132.2545,67.9445,156.3432,50.5544,116.0893
107.2442,93.2470,124.0286,131.2446,67.7166,156.1188,50.9323,118.1212
103.8333,94.6993,120.7780,132.7210,65.0408,157.5607,48.0961,119.5390
96.7556,96.3133,114.9959,131.5603,64.8281,157.5221,46.5878,122.2751
100.0446,96.1975,115.2365,133.9247,59.6601,156.3041,44.4682,118.5769
92.5380,93.3692,114.6568,127.7750,64.6560,159.9196,42.5372,125.5138
95.4608,96.7724,112.9884,135.4040,59.2017,159.8076,41.6742,121.1760
92.8534,97.9732,111.6740,136.4869,59.9262,161.7746,41.1056,123.2609
94.3582,97.8012,111.7961,137.7053,55.9466,162.1112,38.5087,122.2071
91.5979,95.2941,112.3896,137.3557,56.5448,164.9606,35.7531,122.8990
85.7280,94.2500,111.7392,130.6095,60.0958,167.5546,34.0846,131.1951
65.3373,86.7186,110.6875,115.8688,77.4587,167.5642,32.1086,138.4140
83.2502,94.7997,108.3420,134.0854,56.4790,167.2103,31.3872,127.9245
86.8918,92.1983,102.4405,140.9124,45.1570,159.1963,29.6083,110.4822
70.4451,88.7078,105.9897,123.3150,63.0430,167.4250,27.4984,132.8179
76.0951,90.3809,104.2116,127.2325,55.0705,164.7256,26.9540,127.8740
51.4772,88.3509,93.8755,104.4870,72.4497,160.7840,30.0515,144.6479
51.8005,87.3013,93.8202,105.1963,69.8497,161.4822,27.8300,143.5872
52.9015,87.8579,96.1683,109.3901,69.6388,162.6984,26.3721,141.1662
50.8696,86.9513,94.5101,103.9476,72.4597,160.5652,28.8192,143.5690
72.3541,83.4206,102.9914,121.2238,54.1701,160.7905,23.5329,122.9873
86.7376,87.2405,104.0716,132.8130,43.8532,155.7178,26.5191,110.1453
78.5048,85.7808,104.4467,129.0721,52.5228,160.1871,26.5808,116.8958
61.8007,88.5882,100.7347,115.1196,68.9669,161.7378,30.0329,135.2063
57.9000,90.8847,96.3743,110.3891,70.9830,160.4757,32.5087,140.9713
54.7645,91.9903,90.3521,104.3074,70.9541,160.3537,35.3665,148.0367
54.3704,93.8851,89.2508,104.8410,71.4188,161.6135,36.5383,150.6576
51.0034,93.5064,86.3438,100.7354,73.5659,163.2024,38.2256,155.9733
48.9821,91.0576,82.0951,95.7607,72.5864,162.7088,39.4735,158.0058
47.1413,93.3217,77.7289,94.8522,74.3005,163.3665,43.7130,161.8360
48.5950,95.1748,79.1285,97.0768,74.8025,166.5222,44.2690,164.6202
46.1861,98.1095,77.3008,98.8214,75.7606,166.1366,44.6459,165.4247
46.1360,103.6630,80.4205,104.3615,79.1490,166.7745,44.8646,166.0760
50.3678,95.1076,84.0204,97.0708,80.0253,165.5543,46.3727,163.5911
51.6003,100.5845,87.1248,103.9288,80.9707,169.2998,45.4462,165.9555
48.5569,109.4693,86.2929,110.6352,84.4470,170.3866,46.7110,169.2208
48.4342,104.7071,88.2450,107.5003,83.8759,169.7732,44.0651,166.9800
50.3672,111.1114,89.0420,115.5838,81.9495,176.9151,43.2748,172.4426
50.0581,113.7381,87.9084,119.4447,78.5429,181.5629,40.6927,175.8563
58.0859,114.0506,93.7163,126.5616,72.4443,187.1431,36.8138,174.6322
59.0693,115.8198,93.4628,130.3620,68.4361,189.5521,34.0426,175.0099
55.7342,117.5946,86.4496,128.9126,63.7474,190.5231,33.0319,179.2050
59.8763,118.3370,91.9983,134.4708,61.5673,195.0579,29.4453,178.9240
55.7997,125.1037,89.6865,144.1513,60.3793,196.2902,26.4926,177.2425
57.4748,129.8279,90.2358,153.2195,57.3443,199.2856,24.5833,175.8940
55.2090,134.5690,86.9697,161.6537,53.5041,200.8967,21.7435,173.8120
56.1081,136.7785,83.1553,168.3595,44.7997,201.2086,17.7526,169.6276
48.9690,132.2245,83.4134,153.9834,53.0280,202.0835,18.5836,180.3245
49.3105,135.5182,82.3418,163.5058,47.1464,205.0438,14.1151,177.0563
49.0355,137.0231,81.1522,160.2354,47.7436,206.4596,15.6270,183.2472
45.9111,140.1096,78.4005,171.7815,42.6383,208.4668,10.1489,176.7948
33.5418,140.7192,70.7080,156.3811,49.8166,205.9570,12.6504,190.2951
37.4479,145.6008,71.8210,163.7986,47.8687,209.0409,13.4957,190.8431
42.6545,147.4940,72.7381,174.0861,40.2812,210.8046,10.1976,184.2125
31.6068,154.4490,62.2773,166.7421,45.5821,208.3954,14.9116,196.1023
26.8036,156.8631,60.7829,166.5067,48.8812,208.4430,14.9019,198.7995
28.2242,156.7643,59.5369,165.2706,47.6884,208.8860,16.3757,200.3796
24.2250,157.4439,54.7220,161.1385,49.3004,205.8913,18.8033,202.1967
29.5038,159.8858,59.2451,168.0242,48.3814,207.7247,18.6402,199.5863
39.0458,158.9159,64.1973,176.3101,40.4977,210.5791,15.3462,193.1849
34.2439,157.3191,64.0636,170.3957,47.0541,209.1837,17.2344,196.1071
35.8337,160.3316,63.4523,173.3313,46.5615,209.2167,18.9429,196.2170
39.3087,158.9617,66.2481,174.4768,45.9936,209.6454,19.0542,194.1303
38.7352,157.7993,67.4899,173.1652,47.9276,209.7727,19.1729,194.4068
44.3701,159.7047,67.0763,179.4586,40.8093,209.6514,18.1030,189.8975
44.3600,157.4667,68.3478,174.5754,44.6968,207.7359,20.7090,190.6271
48.9749,156.1991,72.4620,177.7168,43.1494,209.7122,19.6623,188.1945
52.6832,158.1457,71.6691,180.7995,38.5623,208.5461,19.5763,185.8923
50.3117,157.7491,71.1645,177.2714,43.0344,207.3187,22.1816,187.7964
49.4665,156.7301,74.6657,178.6735,47.4709,209.9034,22.2717,187.9600
57.7506,156.5367,74.4517,186.6431,37.4094,207.1918,20.7083,177.0854
54.9121,157.7102,74.2440,181.6056,41.2385,208.3076,21.9067,184.4122
54.0307,157.0503,74.7279,180.5284,43.1963,208.3252,22.4991,184.8470
54.8110,156.8740,76.2539,180.4341,45.1962,208.7007,23.7534,185.1407
65.8539,159.2945,74.7545,197.9926,36.1092,206.8811,27.2086,168.1830
53.0907,155.9629,77.3261,175.1003,50.1332,209.5370,25.8978,190.3996
55.3515,155.8011,81.1527,179.1160,52.5645,210.7528,26.7633,187.4379
43.0745,156.3719,78.0413,168.1424,64.3475,208.8231,29.3807,197.0527
57.3036,156.9325,75.9763,174.2911,46.6174,205.8726,27.9447,188.5139
54.1579,157.9018,73.9148,173.9062,49.2403,204.3661,29.4834,188.3618
57.7098,157.0134,75.8950,172.5403,48.4558,204.6774,30.2706,189.1505
58.4609,157.4050,77.9548,176.8125,50.2978,204.5926,30.8039,185.1850
62.6732,156.1919,80.2632,175.0657,48.7188,204.4644,31.1288,185.5906
58.5535,157.6142,77.9178,174.2111,52.4075,203.9747,33.0433,187.3777
61.2442,157.3708,80.0019,174.7429,51.3682,205.6604,32.6106,188.2883
52.6238,158.1454,83.0058,171.8775,65.6013,210.3845,35.2193,196.6524
56.4297,158.2973,84.9292,173.7020,66.7554,207.3246,38.2559,191.9199
65.7668,158.6099,85.7429,177.4574,59.3795,205.3995,39.4034,186.5520
66.4321,157.5109,87.2866,174.6296,62.4151,204.9289,41.5605,187.8101
70.0002,158.0349,88.6963,177.0677,60.8741,204.3976,42.1780,185.3648
71.6925,157.5879,90.7864,176.1003,63.3770,204.3708,44.2830,185.8584
76.2778,158.1864,98.1135,183.0009,67.8315,209.6478,45.9958,184.8333
84.1445,159.4716,99.4215,186.5507,63.5730,206.7751,48.2960,179.6961
89.2801,162.5322,101.2278,190.1657,62.7782,206.7897,50.8306,179.1562
87.8129,158.9323,105.3266,184.6876,70.1571,208.6028,52.6435,182.8475
80.8008,156.9914,103.1872,174.6450,77.0935,207.7343,54.7071,190.0806
87.2593,158.8165,109.4099,183.5479,78.7924,210.9703,56.6418,186.2389
91.6829,159.6508,110.2549,183.0340,77.4352,209.1009,58.8632,185.7177
88.7648,158.3078,111.7969,176.9568,82.6712,212.9279,59.6391,194.2789
89.1022,160.0357,111.5372,176.3016,87.0773,210.0383,64.6423,193.7724
84.2081,158.9111,110.7475,171.0555,94.0286,207.5919,67.4891,195.4475
82.3428,158.9928,111.5033,172.3835,93.6396,211.2847,64.4792,197.8940
92.0887,159.4607,116.4054,175.8365,92.0004,212.0756,67.6837,195.6998
88.6418,158.8532,115.2140,172.3083,97.0628,208.1547,70.4906,194.6996
95.3596,159.1103,124.5481,174.8270,104.9083,211.3013,75.7198,195.5846
99.5018,156.3655,126.1572,175.1002,100.9547,210.9579,74.2993,192.2232
98.8389,157.3085,125.5005,174.6373,102.9246,209.3717,76.2631,192.0429
105.5411,155.6862,130.7689,173.6637,104.6076,210.3760,79.3798,192.3985
110.8321,154.1913,135.6074,173.4472,105.5376,212.1358,80.7624,192.8799
113.1432,152.7648,137.6709,170.5050,107.8059,211.7967,83.2782,194.0565
116.9723,154.5998,140.0764,178.5237,105.5900,211.8282,82.4860,187.9043
118.0964,152.0939,142.6170,174.1096,109.2911,211.2272,84.7705,189.2115
116.4688,151.7779,141.9289,171.8453,111.1616,210.8808,85.7014,190.8135
118.2021,152.4306,142.0822,172.2344,109.7016,211.2802,85.8214,191.4763
120.0221,151.5887,142.8889,171.2538,109.6995,209.8466,86.8328,190.1814
118.6153,151.4783,141.6786,171.0186,110.6497,207.6420,87.5863,188.1017
122.4775,148.3929,144.5982,166.7478,110.3406,208.0337,88.2200,189.6788
130.9996,152.1375,153.7480,182.6791,112.4041,213.4735,89.6557,182.9320
123.6155,154.3406,147.9355,179.4475,111.8943,214.3591,87.5743,189.2523
141.7017,159.2408,149.9624,200.2174,95.4565,211.2056,87.1957,170.2290
153.1287,180.0138,131.1332,218.9168,87.6257,194.3180,109.6212,155.4150
159.4773,172.2213,145.8036,213.1243,94.0308,195.8169,107.7045,154.9139
166.5601,176.2578,152.6615,216.0036,101.7826,198.2118,115.6812,158.4660
173.1443,183.5877,157.1954,217.1934,108.2225,193.9514,124.1715,160.3456
180.0650,187.6732,158.5380,223.1826,113.1739,195.6812,134.7009,160.1719
188.1814,186.6019,168.0544,226.2024,119.4330,201.4905,139.5601,161.8900
189.7973,207.8348,151.7384,227.4966,127.7902,181.1409,165.8491,161.4791
197.7509,192.6731,176.2707,228.1798,132.1997,201.5185,153.6799,166.0118
203.7323,190.9211,186.1831,229.4229,137.9747,207.4494,155.5239,168.9476
209.3739,192.2163,195.0498,228.5806,143.0022,208.0787,157.3263,171.7145
216.1739,191.3620,205.4185,226.9337,152.9986,211.0842,163.7540,175.5124
220.2777,193.1857,206.0014,230.7860,155.5446,211.6283,169.8210,174.0280
228.4357,195.0930,215.4144,230.3116,160.0671,209.8482,173.0885,174.6296
234.1718,191.4892,224.4750,228.9352,168.6910,214.4896,178.3879,177.0436
237.8740,191.7926,228.9945,229.1909,174.5117,216.2551,183.3912,178.8567
241.1829,192.0748,231.5375,228.9517,176.6070,214.5843,186.2524,177.7074
248.5939,194.5297,237.9645,232.2449,181.3643,216.2931,191.9937,178.5779
255.3656,190.9424,244.9629,231.3761,190.0801,217.2561,200.4828,176.8224
259.9602,191.5903,254.2163,227.4781,188.2155,216.9146,193.9594,181.0268
262.0866,191.8522,255.2304,229.4805,200.1014,219.4355,206.9577,181.8072
264.1915,189.4667,260.8105,229.0741,197.7366,223.6901,201.1175,184.0827
270.5070,190.7580,263.1825,231.3283,205.8755,220.9821,213.2000,180.4118
274.7386,192.1087,267.6446,232.2059,213.7846,222.6769,220.8787,182.5797
278.4742,188.4604,273.7319,231.1759,212.3253,224.3586,217.0675,181.6431
285.0797,194.3268,277.4047,232.5699,215.1597,220.0780,222.8346,181.8350
296.6507,191.3661,293.3779,230.0009,225.4329,224.2453,228.7056,185.6105
297.6539,191.4290,294.2678,232.4544,227.2676,226.9244,230.6537,185.8990
295.2515,187.3779,294.4514,229.1776,232.0686,227.9836,232.8686,186.1839
298.3983,189.7640,296.4203,229.2710,234.0521,226.1484,236.0302,186.6413
307.0290,191.1037,299.9638,231.7796,247.1020,222.5977,254.1672,181.9218
312.8744,188.1987,309.4571,228.8266,251.3085,223.9356,254.7258,183.3078
317.5636,187.9455,317.6875,224.8346,250.0678,225.0617,249.9440,188.1726
321.2156,188.2488,319.8011,227.6384,252.2247,225.2117,253.6392,185.8221
320.2952,187.8931,319.0382,228.1831,260.0353,226.3423,261.2923,186.0523
323.4417,187.6223,322.3296,227.5779,261.3169,225.8796,262.4290,185.9241
329.3940,193.4954,322.4687,232.1541,264.2006,221.7159,271.1259,183.0573
331.4288,190.6739,328.2444,231.5067,267.4488,226.7656,270.6331,185.9327
334.0532,185.5943,334.6249,226.7503,271.9110,227.6216,271.3392,186.4655
339.5258,191.3229,336.0835,230.1923,278.6638,225.1072,282.1061,186.2378
344.7111,193.8198,339.4502,232.3546,280.1895,224.2642,285.4503,185.7294
350.1333,195.2088,342.3303,232.5649,288.7167,221.3661,296.5196,184.0099
353.1947,195.2239,344.8930,232.0985,289.7551,219.6852,298.0568,182.8106
356.6789,196.2343,347.3938,235.3461,293.8964,222.6458,303.1815,183.5340
360.5958,196.9790,351.0313,233.6780,295.9453,219.3214,305.5098,182.6224
364.5807,196.1724,356.6994,229.7404,301.3226,216.7387,309.2039,183.1707
364.6744,185.4280,365.8775,228.2233,305.0315,229.9339,303.8284,187.1386
364.3722,179.8241,371.4700,223.0269,311.1017,232.9447,304.0040,189.7420
367.3239,180.9306,373.8525,227.6132,312.3325,236.2168,305.8039,189.5343
373.0893,181.8041,377.0194,227.8511,312.4229,233.3645,308.4928,187.3175
