1
480.9566,335.0545,489.5648,367.5475,448.7274,378.3664,440.1192,345.8733
479.2867,332.6270,491.6547,360.7602,449.3157,379.3733,436.9478,351.2401
482.5635,335.4634,487.2513,368.4520,444.0815,374.5866,439.3937,341.5980
478.3640,332.8687,487.2008,366.2947,446.2169,377.1296,437.3801,343.7036
477.6493,332.5227,486.6504,365.9040,446.2273,376.8040,437.2262,343.4226
477.1004,332.2072,487.0148,365.3296,447.0236,377.3000,437.1092,344.1776
476.5025,331.4409,488.0039,365.4208,447.7766,379.0367,436.2753,345.0569
476.6460,332.4236,486.0190,366.5540,445.3062,377.7347,435.9331,343.6043
477.4736,332.0750,485.4041,366.4521,443.3408,376.1556,435.4104,341.7785
476.1704,331.4524,484.6961,365.6868,442.3654,376.2288,433.8397,341.9944
473.3554,330.1066,482.3989,362.4812,439.6876,374.4121,430.6441,342.0375
473.6666,329.9618,482.9012,362.2825,439.4726,374.6907,430.2380,342.3701
471.8173,330.9423,479.7775,366.5588,436.5781,376.2137,428.6180,340.5972
478.6879,332.6141,481.7928,362.8935,430.4756,368.1555,427.3708,337.8761
470.2607,328.3320,474.9697,359.9708,429.2580,366.7742,424.5491,335.1354
454.7439,324.6361,471.9113,353.1608,436.9663,374.1921,419.7990,345.6674
478.7188,324.7122,482.7314,358.8809,421.9437,366.0195,417.9310,331.8508
481.2733,323.3216,487.7729,359.5694,434.7187,369.0826,428.2191,332.8348
480.3564,323.7660,469.1500,366.2809,423.6447,354.2863,434.8510,311.7714
474.1611,333.7507,464.7054,367.7400,423.9938,356.4140,433.4496,322.4248
459.7056,323.1385,467.6075,358.9844,422.5935,368.9074,414.6915,333.0616
456.0913,321.1409,468.5623,357.0023,424.0611,372.4777,411.5901,336.6164
455.4201,319.2768,466.6181,355.0193,420.2859,369.5350,409.0879,333.7925
452.7649,318.9526,466.3939,355.7071,422.2327,372.0826,408.6037,335.3281
454.0130,318.0613,466.4347,353.3323,420.6026,369.4733,408.1810,334.2023
452.0296,316.8130,465.2866,352.8487,421.8141,368.8416,408.5571,332.8059
454.2486,314.4852,468.8177,349.4510,423.9919,368.1284,409.4229,333.1625
463.3392,314.1326,473.1611,349.2813,424.6498,362.8371,414.8280,327.6884
467.6392,313.8914,476.2401,349.1165,426.9557,361.1503,418.3548,325.9252
467.7289,313.7318,475.6586,349.1141,426.8693,360.0485,418.9397,324.6661
468.3201,309.6369,481.1729,348.5208,433.4296,364.3019,420.5768,325.4181
474.5374,308.9205,485.3243,348.6419,436.4275,361.9205,425.6406,322.1991
472.8275,306.1568,489.2505,347.5848,443.4130,365.7560,426.9899,324.3279
475.5677,305.0748,493.3470,344.4663,447.6332,365.0993,429.8538,325.7078
476.5592,303.6429,496.0337,342.4729,451.1217,364.9976,431.6473,326.1677
476.6730,303.3439,496.2947,342.5363,452.3384,364.5431,432.7167,325.3506
487.2842,305.2786,499.0727,343.8543,449.0281,359.1476,437.2396,320.5719
491.6928,304.6054,502.1745,343.5566,450.1411,357.5586,439.6595,318.6074
494.9474,311.6514,499.7461,345.4400,447.5630,352.8510,442.7643,319.0624
486.9232,295.4466,496.7703,339.7997,427.8876,355.0928,418.0405,310.7397
524.5182,295.7850,526.5107,331.0725,460.5881,334.7949,458.5956,299.5073
513.5874,292.5788,516.8714,331.3385,465.3079,335.7073,462.0240,296.9475
507.5388,299.5720,509.7662,335.5188,458.0039,338.7263,455.7765,302.7795
510.9152,299.6516,514.3085,337.7207,459.0676,342.6447,455.6742,304.5756
502.5041,294.0362,517.2073,330.7301,469.5706,349.8181,454.8674,313.1242
505.1562,289.9663,521.6649,326.7701,473.3076,348.4611,456.7990,311.6572
510.5277,287.5254,524.1039,325.5089,473.9353,343.4403,460.3592,305.4568
509.7478,287.5348,524.2344,325.1805,473.6979,344.6276,459.2113,306.9819
511.2151,283.2858,526.9149,320.4419,478.0246,341.0998,462.3248,303.9437
512.6281,281.1205,528.2828,317.2512,479.2120,338.5127,463.5572,302.3820
513.9521,275.6865,529.7443,312.8034,479.8585,334.0284,464.0663,296.9115
513.9519,271.0882,531.0474,308.6808,481.4166,331.2508,464.3210,293.6582
515.7958,265.6232,532.7896,303.2619,482.6429,325.9030,465.6491,288.2643
513.6526,265.0081,532.5839,302.8096,483.9408,327.1703,465.0096,289.3688
516.2515,260.4966,533.0775,299.2598,481.8167,321.5106,464.9907,282.7473
517.3400,254.9780,533.0752,294.1968,479.9276,315.5204,464.1924,276.3017
513.1407,250.2498,528.5445,289.5999,475.5764,310.3345,460.1726,270.9845
509.5340,245.1746,526.3041,286.0463,474.3002,307.3840,457.5302,266.5123
509.4077,240.6877,525.8461,280.6573,473.5753,302.1549,457.1368,262.1852
509.9500,240.4311,526.7448,281.2926,473.5496,303.1567,456.7549,262.2951
511.8761,236.7590,527.0280,276.0808,471.9052,297.3211,456.7534,257.9993
506.7961,230.9764,526.4129,271.6297,475.3761,296.2570,455.7592,255.6037
511.1621,227.1796,528.8653,267.5703,476.4027,290.5645,458.6996,250.1738
509.0589,222.9035,530.1337,261.7967,478.6500,289.6938,457.5752,250.8006
512.0465,219.5826,530.0760,258.8602,477.0987,283.1783,459.0692,243.9007
513.4163,220.1523,530.1494,259.9995,476.3685,282.5837,459.6355,242.7365
513.6153,217.1677,527.9213,258.8828,472.9669,277.7291,458.6609,236.0140
501.4555,212.1428,524.2311,251.1144,474.7044,280.0586,451.9288,241.0871
502.6425,209.0552,522.6360,250.5495,470.7924,275.5298,450.7989,234.0354
501.9922,206.3644,520.7715,248.4222,467.0845,272.3941,448.3051,230.3363
500.6699,204.7689,517.8777,249.5998,462.7371,270.7649,445.5293,225.9340
497.9724,203.8531,517.6805,245.5484,464.4086,270.7285,444.7005,229.0331
492.6219,201.6931,516.2301,241.2797,465.3576,271.6185,441.7494,232.0320
489.3727,200.3054,517.0208,239.6349,470.8997,272.0573,443.2517,232.7279
492.1675,198.4028,519.7283,239.5831,471.7334,271.7046,444.1726,230.5244
495.3051,198.6817,521.6127,239.5157,472.7201,271.0151,446.4125,230.1811
507.5527,198.1463,532.8615,242.1422,480.7619,272.1127,455.4531,228.1168
501.9791,197.3590,533.6006,239.8305,486.5630,274.8517,454.9414,232.3802
514.3681,198.1371,546.8054,240.6320,500.0214,276.3432,467.5841,233.8483
526.1308,201.8060,557.4468,245.4368,510.0896,279.4275,478.7736,235.7967
533.2585,203.7257,573.7164,240.1311,534.0655,284.1958,493.6076,247.7904
551.5219,206.0627,588.3666,244.2531,546.4195,284.7221,509.5748,246.5318
563.5482,211.5240,604.8701,248.0325,566.1381,291.8713,524.8161,255.3629
559.6026,213.0927,605.2299,242.7274,572.6840,292.8368,527.0568,263.2021
576.1591,218.4803,615.9231,253.3417,577.0717,297.6568,537.3077,262.7954
596.5328,223.5544,619.9466,269.9177,567.0081,296.6521,543.5942,250.2888
589.7072,228.9425,629.2172,265.3148,589.9412,307.9791,550.4312,271.6068
593.9153,235.2038,631.9684,274.6522,590.4427,314.7091,552.3896,275.2607
592.5676,242.4805,635.4975,273.1157,601.1954,321.1840,558.2655,290.5488
592.6368,242.4636,635.3311,275.6151,598.3513,323.2394,555.6571,290.0879
596.8492,247.8732,641.3252,272.9188,610.3757,327.8788,565.8998,302.8332
606.4276,256.0588,649.7225,284.7721,616.3049,335.1602,573.0100,306.4468
617.1831,262.3674,659.6063,294.8000,622.8066,342.9355,580.3834,310.5029
644.7424,269.6492,659.2126,319.2336,600.7215,336.3031,586.2512,286.7188
629.8413,272.4629,672.2500,303.6368,635.6083,353.4838,593.1996,322.3099
631.2653,273.0005,673.2437,306.2156,634.5931,355.0636,592.6146,321.8485
630.9063,279.4194,677.5316,305.4706,646.7485,360.5646,600.1233,334.5134
636.5034,284.4377,683.0790,311.0560,651.5999,366.1367,605.0244,339.5184
637.3590,288.1364,686.7537,309.9742,660.6229,369.0790,611.2282,347.2412
648.1800,289.1926,693.7679,318.3385,658.4048,373.6510,612.8168,344.5051
652.0585,287.0478,680.4397,302.8693,642.4216,371.0675,614.0405,355.2460
650.2375,287.7551,679.4263,303.7950,643.3705,369.4081,614.1817,353.3683
676.0010,284.4792,692.9146,349.2557,612.9077,370.1460,595.9941,305.3694
703.2900,312.7135,661.9141,376.0531,599.1983,335.0846,640.5742,271.7451
684.3834,304.5135,688.8308,355.2791,627.3982,360.6609,622.9508,309.8954
652.8482,299.3384,700.2130,321.1607,672.0963,382.1871,624.7316,360.3647
652.8449,303.2573,701.4156,325.3451,674.6865,384.1220,626.1158,362.0342
656.2801,301.7413,702.0800,328.3826,669.3242,384.6940,623.5243,358.0527
662.0326,300.2224,705.2870,332.1407,664.9104,386.8575,621.6560,354.9392
660.3547,302.5596,703.8126,334.0942,666.2516,385.8569,622.7938,354.3223
662.6693,302.7481,704.4415,340.6150,662.9055,386.4347,621.1334,348.5678
663.5253,303.6782,704.5166,336.5822,665.6187,385.0407,624.6273,352.1367
665.8251,304.2185,705.5862,341.1741,664.0276,385.8875,624.2665,348.9319
665.0468,303.9436,705.1705,338.2673,665.3314,384.8384,625.2076,350.5147
668.5109,303.9053,708.8128,339.3853,668.8575,384.7707,628.5556,349.2907
668.1133,303.9046,709.6666,339.6324,670.7455,384.8997,629.1921,349.1720
661.8496,304.0958,709.6792,327.3246,682.4651,383.3604,634.6355,360.1316
667.0176,301.8774,705.6335,338.5686,665.1541,381.1716,626.5381,344.4804
664.6733,300.0382,700.1843,340.5957,657.6110,377.8717,622.1000,337.3142
664.5318,300.7462,700.0587,339.6025,658.2496,377.8291,622.7227,338.9727
673.5880,300.6935,692.5182,346.6291,640.7840,367.9489,621.8539,322.0133
696.0284,334.2472,671.5344,366.6553,627.0958,333.0687,651.5898,300.6606
651.0060,299.8365,694.2795,334.0215,658.3595,379.4913,615.0861,345.3063
652.0801,300.0436,693.0059,335.5142,654.3611,380.1024,613.4353,344.6319
656.2737,301.3264,686.6146,343.3258,642.2684,375.3621,611.9275,333.3628
653.5026,299.6138,687.0137,340.1428,644.7065,375.1240,611.1956,334.5950
659.8005,290.3128,680.3152,311.4776,627.7534,362.4249,607.2387,341.2601
689.5007,331.6778,665.5182,363.3083,618.2689,327.4836,642.2514,295.8531
674.9921,306.1583,676.7863,356.1061,618.0242,358.2169,616.2300,308.2692
637.4390,301.2739,683.2627,332.6114,651.5083,379.0447,605.6846,347.7072
639.8325,301.1773,682.4122,336.9072,646.5446,379.6510,603.9649,343.9211
639.3159,301.8827,682.8593,335.3046,648.5687,379.9797,605.0253,346.5578
650.7683,300.8695,680.3405,348.2597,633.5746,377.4423,604.0024,330.0522
644.3140,301.9441,679.8394,346.3145,637.0152,380.6019,601.4898,336.2315
637.5829,304.4150,678.9995,341.7672,642.5497,382.1833,601.1331,344.8311
635.3026,305.1238,675.6539,340.6801,639.2423,382.0021,598.8910,346.4459
631.2483,304.6520,672.7073,341.0232,636.5562,382.2314,595.0971,345.8603
643.2991,303.0817,669.6499,350.1014,621.4359,377.1215,595.0851,330.1018
628.9141,304.3805,666.9335,342.0176,628.6696,380.6700,590.6502,343.0329
632.8707,302.1378,661.7611,348.6364,613.5531,378.5889,584.6627,332.0903
617.0887,303.8742,659.0916,339.0000,623.8091,381.1904,581.8062,346.0646
607.1339,304.7839,653.9681,333.1274,624.9087,381.1446,578.0745,352.8011
614.6088,301.2946,648.3187,343.8007,604.1874,378.7995,570.4775,336.2934
608.3162,303.2997,649.0207,340.0928,612.2204,380.8052,571.5159,344.0121
608.8652,301.7064,644.9044,341.9925,603.7509,378.8075,567.7119,338.5213
590.5212,307.0475,640.0123,324.5710,621.7224,376.2267,572.2313,358.7032
601.8975,301.7063,636.0865,342.3927,594.3321,377.4791,560.1431,336.7927
583.3065,304.3538,633.4111,322.6642,613.7391,376.4947,563.6344,358.1842
590.8879,300.7693,630.7338,339.6213,592.7565,378.5701,552.9106,339.7181
583.8145,302.1273,631.7894,326.1053,606.3030,377.0984,558.3281,353.1205
581.0555,302.0706,630.0817,324.8495,606.1791,376.2941,557.1529,353.5151
626.6730,328.7823,600.7759,376.1809,552.7360,349.9334,578.6330,302.5349
625.3028,335.4301,595.3885,377.1850,549.9072,344.6011,579.8214,302.8461
604.0134,303.8986,618.5159,353.6912,564.7452,369.3523,550.2427,319.5597
594.9786,301.9462,616.0267,348.2917,566.0777,370.9763,545.0296,324.6308
592.0259,301.9404,615.9536,347.9522,568.3100,372.7284,544.3824,326.7165
592.3373,300.2664,612.7539,348.0255,562.4576,369.5268,542.0410,321.7677
595.3840,301.1269,608.7858,351.3081,554.1642,365.8958,540.7625,315.7145
577.0366,296.6074,604.9722,342.1779,558.4822,370.6772,530.5466,325.1066
604.2411,328.1636,576.6443,374.0157,528.0956,344.7961,555.6924,298.9439
591.3599,304.0193,593.8423,356.8810,538.0438,359.5015,535.5613,306.6397
593.5317,305.2909,591.2237,360.1224,536.5294,357.8201,538.8373,302.9887
594.0209,312.5354,581.2637,365.4945,529.8154,353.1012,542.5726,300.1421
588.3504,306.6586,581.0822,360.6840,527.9133,353.5310,535.1815,299.5056
586.8787,312.9379,572.0083,364.1086,519.5878,348.8750,534.4581,297.7043
575.4572,299.2930,576.5901,352.2008,522.7025,353.3548,521.5695,300.4469
560.7022,289.2896,576.6121,336.6698,524.1071,354.3005,508.1972,306.9204
563.0483,290.2599,575.2965,339.7261,522.4437,352.8129,510.1955,303.3467
567.3115,295.5311,564.1757,350.3215,510.3638,347.2418,513.4995,292.4514
556.8319,288.1152,563.4797,340.6159,507.2650,347.7341,500.6172,295.2333
551.0291,285.9696,555.7554,338.6782,500.4470,343.6376,495.7207,290.9291
540.4052,280.3026,550.3583,331.2801,495.5655,341.9781,485.6124,291.0007
544.8889,311.8608,506.2328,346.9940,469.6181,306.7078,508.2742,271.5746
542.7963,317.1943,498.1512,341.5878,472.9069,295.3854,517.5520,270.9919
484.9579,273.2830,536.9370,285.3518,524.1843,340.2760,472.2052,328.2072
478.8692,269.5843,530.4560,281.1590,517.9728,336.7949,466.3860,325.2202
469.0891,266.8896,519.2441,271.9517,513.5059,328.8063,463.3508,323.7442
468.7197,261.1691,516.9837,280.6769,496.1903,332.1215,447.9263,312.6136
501.3111,315.4719,450.7889,318.1045,447.9161,262.9731,498.4383,260.3404
503.0386,310.6470,454.1929,318.1569,445.9992,264.8636,494.8449,257.3537
454.7159,251.9379,502.0041,277.6988,475.2222,326.8614,427.9340,301.1005
443.9426,249.7569,492.3152,273.7107,467.9425,322.9293,419.5699,298.9756
430.3502,246.6169,480.1113,255.1697,470.3090,312.2008,420.5479,303.6481
424.6818,242.9252,473.9487,256.5967,458.4085,312.5975,409.1416,298.9260
426.6545,237.0974,465.2767,275.1878,427.8514,313.1355,389.2292,275.0451
421.0154,239.0679,465.5969,263.0368,439.3117,311.9264,394.7302,287.9574
416.0096,235.5915,459.3575,266.9322,426.4492,312.4482,383.1013,281.1076
409.9595,235.7131,449.2301,268.8811,413.9861,310.6097,374.7155,277.4417
395.2607,237.5689,440.5626,258.8199,417.2966,308.4175,371.9947,287.1666
388.8418,236.5229,433.4507,252.5916,413.6847,307.4648,369.0757,291.3961
383.2855,237.3804,426.8028,254.4779,406.0227,307.3685,362.5053,290.2711
374.7527,237.8634,418.7613,252.4854,400.5947,307.1623,356.5862,292.5403
375.0637,236.8192,418.5048,251.3619,400.0087,306.6122,356.5676,292.0695
369.8962,237.3271,412.8337,254.4767,391.1283,308.8205,348.1908,291.6708
361.7363,238.5147,405.7666,250.7061,389.3870,309.8623,345.3567,297.6708
358.6357,241.9600,401.5542,257.0186,381.8699,313.1207,338.9514,298.0621
355.9102,245.9022,397.9035,260.9861,377.7433,317.1118,335.7500,302.0280
354.2276,252.4587,395.7098,266.5657,376.6917,322.4893,335.2095,308.3823
356.2873,251.7731,396.7533,268.5736,373.9555,323.4847,333.4895,306.6843
352.6959,256.6410,393.8561,269.4316,375.6418,328.0453,334.4816,315.2546
352.0018,264.8141,392.7026,276.9045,375.7335,334.0287,335.0327,321.9382
350.9498,271.7657,392.3950,283.6885,376.1390,340.1967,334.6938,328.2740
346.7395,281.1223,390.3388,288.0863,381.2190,345.1826,337.6197,338.2185
352.3240,286.1899,392.8257,296.9645,377.2706,355.4360,336.7689,344.6614
353.4796,285.7679,393.8143,298.0728,376.2748,355.5664,335.9401,343.2615
350.0848,293.6763,390.4381,299.3648,381.9568,359.5299,341.6035,353.8414
350.8354,300.2762,391.8645,307.0162,382.1742,366.0056,341.1451,359.2656
356.1940,305.3181,394.8298,315.7521,378.8857,374.7906,340.2500,364.3566
359.7792,311.6481,399.4229,324.3317,381.2066,381.2686,341.5629,368.5850
359.7352,317.4843,400.4565,326.6242,387.7939,383.0406,347.0725,373.9007
362.0942,316.1748,401.8557,326.7827,386.4460,384.5425,346.6846,373.9346
365.0965,320.7818,405.5727,332.5831,388.5656,390.9143,348.0894,379.1130
370.2321,324.1465,409.1558,339.1452,387.2634,395.9591,348.3397,380.9604
376.2435,326.4389,414.1834,347.8235,385.1261,399.3764,347.1862,377.9919
375.5388,331.2670,413.3959,345.8034,391.9705,401.6014,354.1134,387.0649
376.7603,330.6656,414.2468,343.8257,394.5587,399.9073,357.0721,386.7472
377.1702,330.6243,414.4662,344.2294,393.6439,401.3101,356.3479,387.7050
378.2461,331.6543,416.2711,344.4585,397.5754,399.9797,359.5504,387.1755
382.1021,333.2196,418.5427,349.9414,394.2858,402.8025,357.8453,386.0806
384.2176,331.6491,420.1168,346.5523,397.2493,401.6361,361.3501,386.7329
382.6982,332.3468,420.0592,346.1267,400.4511,399.2895,363.0901,385.5096
384.8427,331.3017,421.9312,345.9072,400.6483,399.9516,363.5598,385.3461
384.7606,332.2709,421.5499,347.0861,400.1496,400.2275,363.3604,385.4123
386.1886,332.1588,422.7425,347.5563,400.3227,400.7815,363.7687,385.3840
388.3422,330.1897,424.2871,346.5305,399.9815,399.9956,364.0366,383.6548
390.6744,330.2666,425.4619,346.6601,400.8292,398.9313,366.0417,382.5378
387.5065,328.5042,425.5200,344.4589,403.4426,397.0602,365.4291,381.1054
389.3791,327.2278,426.0219,341.6537,405.5592,393.6307,368.9164,379.2049
389.6985,326.8696,426.5212,342.9024,404.3009,393.9361,367.4782,377.9033
392.0947,326.1109,427.5869,342.4056,403.8712,394.0617,368.3790,377.7670
392.9696,324.2685,428.7783,339.1056,407.4559,390.5663,371.6472,375.7292
392.7000,323.2665,429.8177,338.7240,408.6931,389.4501,371.5754,373.9927
397.2804,321.1570,430.8281,339.5349,403.5194,389.3849,369.9717,371.0070
393.8913,319.0201,429.1551,334.9010,406.6198,384.9408,371.3560,369.0598
393.2488,319.1408,428.8431,334.2988,407.3408,384.7910,371.7465,369.6331
389.9300,316.2702,427.9124,330.4827,407.9924,383.7178,370.0101,369.5053
392.6614,315.9292,428.1698,332.8004,403.7766,384.1400,368.2682,367.2689
391.3806,313.7177,427.4785,331.2536,402.6418,382.3802,366.5439,364.8442
392.2316,310.9243,426.6939,328.8485,400.4661,379.2756,366.0039,361.3514
382.2346,311.0658,422.0070,322.9415,406.1612,376.0099,366.3888,364.1342
379.7558,310.4500,419.4112,320.2721,406.0956,374.0312,366.4403,364.2091
390.6726,308.0226,423.5139,327.4111,394.3156,376.8685,361.4744,357.4800
387.9106,307.1332,420.6403,326.0116,391.8309,375.9586,359.1013,357.0802
386.5847,305.1673,418.4434,325.1088,388.5413,372.8805,356.6826,352.9390
380.7931,303.9126,414.0585,321.9019,387.9143,370.2472,354.6490,352.2580
379.8253,301.5924,411.1054,319.5849,382.7646,368.8554,351.4845,350.8629
379.1742,301.3772,411.3051,319.9568,383.4209,368.1784,351.2901,349.5988
377.5623,299.3849,409.0333,318.5148,379.7206,366.7376,348.2496,347.6076
367.5735,297.4615,403.2591,313.5078,381.0305,362.9420,345.3450,346.8956
368.5338,297.0425,400.4804,315.8989,373.5642,361.5006,341.6176,342.6442
366.9672,295.2553,397.6933,314.8134,367.6699,361.9805,336.9438,342.4223
363.5582,294.3312,394.1230,313.8924,364.9274,359.5114,334.3625,339.9502
364.3222,294.1501,394.9785,314.5056,364.9594,359.7156,334.3031,339.3602
362.4282,293.7299,394.1241,314.8731,364.5270,359.2422,332.8311,338.0989
366.0849,290.9335,396.7342,314.4265,361.4607,360.4448,330.8114,336.9518
357.0798,293.9928,391.3110,310.6194,368.1990,358.2029,333.9678,341.5763
354.4852,294.0188,388.8877,310.2277,366.3638,358.0337,331.9612,341.8249
354.0604,295.3441,386.8846,310.9828,364.9660,356.9882,332.1418,341.3495
354.5520,295.3959,386.9410,311.3392,364.1335,357.6727,331.7445,341.7293
350.4740,295.4800,384.8071,309.3221,365.7520,356.5854,331.4189,342.7433
351.3548,295.0946,385.2986,311.3839,362.8268,358.2110,328.8829,341.9217
348.7715,295.0586,383.5302,310.8790,362.4196,357.2607,327.6608,341.4403
350.6360,295.0119,383.7416,313.3357,358.5888,358.7791,325.4833,340.4553
341.9852,296.9287,377.6976,308.3104,362.8184,354.9967,327.1060,343.6150
341.8831,296.0874,377.8473,306.8409,363.5294,354.7262,327.5652,343.9727
342.2000,296.7831,377.7142,308.5544,362.6061,354.1358,327.0919,342.3645
343.1994,297.3657,377.9685,311.0934,359.6140,357.5811,324.8449,343.8535
350.1783,297.0259,381.5418,316.4371,354.1903,360.6303,322.8267,341.2192
341.2506,298.5827,376.6611,311.2756,359.6234,358.8067,324.2130,346.1138
336.8921,298.6331,374.5835,310.3257,360.2935,356.3902,322.6020,344.6976
335.3163,299.5815,373.2480,308.2050,362.6663,354.7498,324.7346,346.1263
340.9027,299.1281,375.3633,314.2122,356.0883,358.2469,321.6278,343.1627
337.6248,298.2159,371.9844,308.7405,357.3463,356.5288,322.9868,346.0042
340.5537,298.4000,373.4491,312.8041,354.5731,355.9121,321.6777,341.5080
333.7465,299.3049,371.1406,309.2216,359.4310,353.3767,322.0368,343.4600
343.9480,299.3014,374.3376,316.3241,350.4034,359.0526,320.0138,342.0300
343.0972,298.2846,374.0633,314.8741,350.0392,359.7176,319.0731,343.1281
370.1349,342.3158,340.0328,350.5961,328.5350,308.7974,358.6370,300.5170
337.6989,300.3772,373.3420,313.4128,357.5081,356.7074,321.8650,343.6718
342.8905,299.5390,375.6942,317.8381,353.0308,358.4653,320.2272,340.1662
342.8135,298.3307,376.8313,316.2661,354.8313,357.9931,320.8135,340.0576
342.4256,300.0259,376.2630,316.0900,356.4925,357.7345,322.6551,341.6703
343.6111,299.1806,376.9464,315.2940,356.4662,357.6634,323.1309,341.5500
348.6129,299.0300,378.0692,319.5100,350.5587,359.0783,321.1024,338.5983
345.4518,298.8473,377.4300,316.2775,355.2054,357.0515,323.2272,339.6213
340.1292,298.5198,375.2154,307.6171,363.6550,352.2028,328.5688,343.1054
342.9584,297.7650,377.4817,309.6803,362.7550,352.3492,328.2318,340.4339
348.3907,297.1633,379.4140,313.5601,357.7142,354.6166,326.6910,338.2198
348.6039,298.1605,379.6949,314.4267,358.5724,354.7999,327.4814,338.5337
343.6548,296.9445,377.7917,308.2478,363.6031,351.0987,329.4661,339.7953
341.3377,294.3976,376.7090,303.7909,365.3700,346.4893,329.9986,337.0960
342.9670,291.3731,376.2725,305.1499,358.6666,347.7123,325.3611,333.9355
343.1025,289.1549,375.1959,300.5176,359.8103,343.9735,327.7168,332.6108
345.2523,286.6012,376.4889,300.8825,357.3370,342.7720,326.1005,328.4907
346.4065,286.4866,377.4265,301.6248,357.0331,343.4135,326.0130,328.2753
344.3079,282.6873,376.3050,296.4915,358.0438,338.8196,326.0466,325.0153
341.1016,277.7155,372.2079,290.8841,354.2362,333.3359,323.1300,320.1673
339.8192,273.0298,370.2145,290.2635,347.8299,329.7433,317.4346,312.5095
333.6079,269.9032,365.3908,282.1003,349.9065,322.4491,318.1236,310.2520
330.3493,264.8286,361.1292,277.7414,344.0384,318.4800,313.2585,305.5672
330.3020,264.0894,360.9413,276.1140,344.4506,318.1327,313.8114,306.1081
328.3895,260.1801,357.9896,273.4491,339.5253,314.6387,309.9252,301.3697
324.5154,254.6512,354.4738,270.6425,331.9595,312.8213,302.0011,296.8300
315.6361,250.8751,348.6402,262.5005,333.3245,305.9811,300.3204,294.3557
311.0023,248.1209,343.3914,259.0150,328.7074,302.6717,296.3182,291.7775
308.0625,244.1136,339.6608,254.9411,325.3399,296.7340,293.7417,285.9064
307.6730,243.8976,339.7496,255.0496,325.2420,296.7780,293.1654,285.6260
305.1586,240.2249,336.6639,250.9488,321.8094,294.5892,290.3040,283.8652
301.0405,237.6244,333.7981,249.4066,318.8723,290.9039,286.1147,279.1217
297.1976,235.0862,329.0913,246.2478,314.8156,287.0400,282.9219,275.8784
294.9713,232.0711,325.5816,243.9081,309.6477,285.1130,279.0374,273.2760
290.8487,230.2188,321.9478,244.9061,303.1151,284.7827,272.0161,270.0953
291.7915,229.6474,321.8981,244.0002,302.8867,283.8788,272.7802,269.5260
282.4440,228.2310,314.2862,237.9843,301.9446,278.2765,270.1024,268.5232
283.4858,223.7878,312.9972,237.9596,293.0584,279.4803,263.5469,265.3084
277.0956,223.6187,306.5046,238.0317,287.0626,277.7021,257.6536,263.2890
270.1382,222.8879,299.3317,235.7782,281.5188,276.1206,252.3252,263.2303
270.5851,220.6148,295.5950,236.3527,270.5419,276.1660,245.5319,260.4281
269.7307,220.5698,295.0886,235.6295,271.5493,275.2658,246.1914,260.2061
268.2780,221.0955,290.6479,238.4555,262.0209,275.3439,239.6510,257.9839
253.9635,221.5327,283.5868,231.5615,269.1311,274.2609,239.5079,264.2321
255.8181,222.3720,281.9233,236.1117,261.3473,275.2059,235.2421,261.4662
253.9328,224.4029,278.4141,240.6555,252.9170,279.0617,228.4357,262.8091
250.9687,227.6568,274.9656,242.7080,250.9811,280.9475,226.9843,265.8962
251.8358,229.1357,274.2229,244.6335,248.5305,281.7470,226.1434,266.2492
252.8080,231.1950,274.6772,249.5874,243.9896,286.0762,222.1203,267.6837
251.3189,235.8255,274.0858,253.3384,245.5111,290.4857,222.7442,272.9728
253.2584,241.4509,274.0146,260.6099,243.2289,293.9622,222.4726,274.8031
255.0712,245.9930,275.6751,263.9334,244.3683,299.8881,223.7644,281.9477
257.2793,251.3232,276.5999,271.2015,243.5423,303.3315,224.2217,283.4531
257.8265,252.4559,276.8494,274.5106,241.9712,304.5944,222.9482,282.5397
259.7658,259.7441,279.4593,281.0559,245.9230,312.0457,226.2295,290.7340
260.1557,265.4441,281.8612,286.7844,249.8421,319.3515,228.1366,298.0112
268.8333,272.3622,287.6389,292.2087,253.6761,324.3904,234.8705,304.5439
277.7252,281.2551,293.0456,304.8683,254.0104,330.1947,238.6900,306.5815
281.3359,290.0446,298.3617,310.8828,262.4582,340.2176,245.4324,319.3795
280.5842,290.5462,298.1420,312.2803,262.4196,341.1386,244.8618,319.4045
285.7099,296.4071,302.9492,317.8560,267.5687,346.2928,250.3293,324.8439
294.9824,304.0076,308.5036,328.9474,267.5597,351.1451,254.0385,326.2053
295.8504,308.6183,309.6048,330.4431,270.7371,354.9382,256.9827,333.1134
300.1464,312.0954,311.6384,334.6369,270.4497,355.6356,258.9577,333.0940
302.0113,316.3514,312.9843,339.1529,271.4772,359.1279,260.5042,336.3264
300.9452,317.4841,311.8572,340.6767,271.6933,359.5738,260.7812,336.3812
304.1880,317.7829,314.5997,341.9294,272.7109,359.9915,262.2992,335.8450
301.4088,320.2153,310.0907,346.1265,268.5512,360.0450,259.8693,334.1338
298.1396,318.8421,305.8547,343.2698,262.2996,357.0260,254.5845,332.5983
291.2249,317.1021,298.4700,342.4781,254.8281,354.9382,247.5831,329.5622
285.3594,316.4160,292.1894,344.3286,249.2619,354.8327,242.4319,326.9200
285.2524,317.4683,290.8097,344.3727,247.9855,353.2182,242.4282,326.3138
281.2975,312.7078,288.7319,339.2676,242.6945,352.1540,235.2601,325.5941
274.0481,313.2939,279.9655,340.2316,234.3239,350.2577,228.4065,323.3200
268.3568,311.3954,274.4958,336.0144,229.3164,347.2802,223.1774,322.6612
261.8898,310.3496,266.9421,336.7693,222.5221,345.2638,217.4699,318.8440
254.6954,306.8155,261.1927,332.6706,217.2710,343.7079,210.7737,317.8528
254.2677,305.8259,260.7911,329.5695,216.3728,341.7733,209.8493,318.0298
251.9643,306.8687,253.6078,335.7731,207.7627,338.3799,206.1192,309.4755
243.8914,303.7665,249.0831,328.9906,203.0281,338.4696,197.8364,313.2455
238.8933,302.7685,243.1343,330.6056,194.6404,337.9935,190.3995,310.1565
228.3240,301.3289,231.7985,331.4477,186.8641,336.6312,183.3897,306.5125
223.6103,299.7890,227.9855,325.9893,179.5058,334.0851,175.1305,307.8847
219.9279,301.1194,223.9764,323.7353,179.0390,331.7795,174.9906,309.1637
213.5958,299.4977,215.2328,326.2815,170.6179,329.0083,168.9809,302.2245
206.4703,297.9922,208.6651,325.5644,163.9610,329.1228,161.7663,301.5505
198.2917,296.0844,201.8941,323.3468,156.7354,329.3140,153.1329,302.0516
192.8050,295.7591,194.0627,323.7624,148.9123,325.7902,147.6546,297.7869
185.1855,293.2764,188.8044,319.8217,142.5028,326.1339,138.8839,299.5887
183.9851,292.3924,187.6660,318.6544,141.4646,325.1299,137.7838,298.8679
177.9949,291.7493,182.0044,316.4992,134.1076,324.2584,130.0981,299.5085
175.4029,291.9761,178.6923,316.2895,130.1213,322.8607,126.8319,298.5474
167.0753,292.7585,169.7493,317.2844,124.4229,322.2263,121.7489,297.7004
164.1952,293.0750,167.5312,317.5591,121.8927,323.7774,118.5567,299.2932
163.0148,295.2458,167.1631,319.8902,119.8654,327.8517,115.7171,303.2074
162.8571,296.6530,166.0030,321.1452,120.4434,326.9971,117.2975,302.5049
169.9179,302.0075,171.4830,326.2352,125.5852,329.2000,124.0202,304.9723
179.2633,307.3503,180.8687,331.4866,134.7421,334.5546,133.1367,310.4183
191.7712,314.0009,193.6006,337.8674,143.0689,341.7407,141.2395,317.8743
213.8191,320.8407,215.4630,346.5064,161.7447,349.9471,160.1008,324.2813
228.3394,329.1782,230.8256,357.3351,181.5771,361.6837,179.0909,333.5268
228.1591,328.8805,230.6351,357.2681,183.6723,361.3642,181.1963,332.9766
240.0945,334.6522,245.0840,359.7095,194.1595,369.8498,189.1700,344.7924
250.7459,342.4769,255.4121,365.4321,211.1218,374.4350,206.4556,351.4798
261.7184,346.3859,265.6466,372.5275,220.9852,379.2384,217.0570,353.0969
267.9488,351.7679,271.2328,377.1866,226.9256,382.9109,223.6416,357.4922
272.1552,355.6002,273.7002,383.0119,232.5815,385.3296,231.0365,357.9179
271.3624,355.8110,273.6809,382.5178,232.8361,386.0637,230.5176,359.3569
276.0140,357.7529,278.9754,384.1009,236.1692,388.9121,233.2078,362.5641
278.7041,359.7431,282.4634,385.6715,241.6739,391.5854,237.9146,365.6570
284.1012,362.2348,287.2331,388.5833,244.3074,393.6857,241.1754,367.3372
287.9124,364.9352,291.0464,391.2664,249.2261,396.2440,246.0921,369.9128
293.9549,366.8064,298.0938,392.0685,254.9294,399.1404,250.7905,373.8783
301.0047,370.0624,305.5584,396.7616,263.6965,403.9015,259.1427,377.2024
300.9420,369.8801,305.5212,396.0856,265.3808,403.0997,260.8017,376.8942
311.2646,371.6332,316.9479,397.1182,274.1843,406.6546,268.5011,381.1695
321.2779,374.8939,327.1742,401.8022,285.5716,410.9184,279.6753,384.0102
331.2956,379.4222,336.1153,405.8597,293.9229,413.5515,289.1032,387.1140
340.9633,381.2183,347.4199,408.8616,305.3077,418.6976,298.8511,391.0543
350.1378,383.0554,356.5831,411.7462,314.7647,421.1406,308.3193,392.4498
350.9996,383.9751,356.3586,413.2827,314.5599,420.9256,309.2010,391.6180
359.4633,386.7343,364.9139,415.6359,321.7563,423.7750,316.3057,394.8734
366.0240,389.0339,371.3707,419.1076,328.8928,426.6597,323.5460,396.5859
371.4474,390.9914,378.3603,418.7789,334.2578,429.7505,327.3449,401.9630
381.6085,395.1166,381.8987,425.5533,336.7235,425.9840,336.4333,395.5473
384.2685,397.5464,390.0427,428.1843,347.8583,436.1345,342.0842,405.4967
385.4898,396.0554,390.8725,427.5489,348.5604,434.7806,343.1777,403.2871
392.6015,399.2106,398.2855,430.1286,356.1749,437.8702,350.4909,406.9522
400.0430,399.0635,408.3652,431.4109,367.3394,441.9658,359.0173,409.6184
407.9529,401.2130,416.4810,432.1181,374.8834,443.5969,366.3552,412.6918
417.2568,402.8531,427.3137,434.5500,385.6904,447.7564,375.6335,416.0596
429.2372,405.6364,431.2917,440.6261,383.7191,443.4195,381.6645,408.4298
431.3404,405.5826,432.7310,441.0901,384.7478,442.9694,383.3571,407.4619
431.9727,406.5925,441.5804,439.5295,400.1242,451.6222,390.5165,418.6852
442.7811,409.0692,450.7209,445.1835,408.5766,454.4490,400.6368,418.3347
451.7549,410.5431,459.7272,445.0926,417.4138,454.8564,409.4414,420.3069
460.8478,412.5232,471.9071,445.5509,431.6219,459.0404,420.5626,426.0127
472.6834,414.9445,481.8965,448.2866,439.7292,459.9383,430.5161,426.5963
472.6026,417.1520,481.8021,449.9218,440.1613,461.6116,430.9618,428.8419
486.0599,418.1459,492.8834,452.2159,448.6330,461.0783,441.8095,427.0083
493.5502,419.3661,503.1981,454.2790,461.2682,465.8660,451.6203,430.9530
499.1156,418.7136,511.2153,454.2107,471.4892,467.7519,459.3895,432.2548
508.1840,420.1764,518.5779,455.5354,477.1375,467.7171,466.7435,432.3581
513.0009,419.8364,523.8973,455.7302,483.2485,468.0701,472.3521,432.1763
512.0340,419.7143,523.9589,456.0679,484.6937,468.9478,472.7688,432.5942
523.9747,419.8596,529.7531,462.5907,486.2976,468.4669,480.5193,425.7359
542.9738,427.7348,533.3032,465.2729,491.7403,454.5654,501.4109,417.0273
542.3492,419.9020,548.3224,455.6901,505.5638,462.8266,499.5906,427.0385
559.0691,420.3129,560.0698,455.5787,514.5167,456.8713,513.5159,421.6055
571.3345,418.2298,573.7148,454.6473,529.9485,457.5079,527.5682,421.0905
570.0430,417.2520,574.5228,454.6322,531.9576,459.7335,527.4777,422.3533
579.4211,415.9778,589.5348,452.4934,548.0175,463.9923,537.9039,427.4767
590.9277,413.9706,601.6573,449.6407,560.0273,462.1629,549.2978,426.4929
609.5584,414.9560,614.7212,451.0842,569.3641,457.5658,564.2013,421.4376
618.3953,413.4641,626.0989,450.1190,582.2255,459.3397,574.5219,422.6849
635.0992,411.9962,640.4297,449.0706,592.3936,455.9772,587.0630,418.9028
634.9050,411.4544,640.6683,449.4356,594.8076,456.3946,589.0442,418.4134
643.7664,410.9797,650.3312,446.8796,604.6408,455.2348,598.0759,419.3349
653.9011,409.2006,660.2042,445.9033,615.2376,453.6257,608.9344,416.9230
658.0626,405.7220,666.1781,442.2878,622.3923,452.0058,614.2769,415.4399
657.3820,402.9104,668.7310,439.7082,627.9005,452.3009,616.5515,415.5032
660.9536,401.9933,670.1944,438.1455,627.3309,449.1017,618.0901,412.9496
661.1509,400.4657,671.3089,437.6655,628.3868,449.3861,618.2287,412.1864
659.2639,399.6816,670.0470,437.5028,628.0905,449.4649,617.3074,411.6437
662.1409,398.3107,668.6387,436.3486,625.0635,443.7923,618.5657,405.7544
655.9767,395.9338,667.0275,433.7263,625.1422,445.9739,614.0913,408.1814
655.3683,394.8782,664.5326,432.1851,621.5172,442.7515,612.3530,405.4446
653.7582,394.0087,661.6767,432.5807,619.3016,441.2799,611.3831,402.7079
651.6719,392.8820,662.3839,430.7733,621.1553,442.4288,610.4433,404.5374
650.0357,393.4045,657.6736,432.0331,615.8350,440.3057,608.1971,401.6772
645.2467,391.4543,654.1412,428.8264,611.9042,438.8788,603.0097,401.5066
636.8654,387.8957,650.9498,425.7510,611.0427,440.5988,596.9583,402.7436
629.4539,386.6830,646.9041,423.6233,608.9641,441.5459,591.5138,404.6056
629.1960,387.7341,639.0438,425.8241,598.2896,436.3607,588.4418,398.2707
625.9330,385.6194,641.0694,423.1745,601.7907,439.0055,586.6544,401.4504
621.0759,384.3757,636.0110,422.1451,598.2820,437.0642,583.3469,399.2948
616.0499,383.3176,631.7980,422.8362,593.7270,438.0075,577.9788,398.4889
608.4136,381.4875,630.7329,415.1059,595.3944,438.5672,573.0751,404.9488
607.9922,380.7160,620.9840,417.9685,581.5961,431.7051,568.6043,394.4526
604.3272,380.9951,616.4524,418.9765,577.5583,431.3931,565.4332,393.4116
600.8487,379.7686,617.5506,415.7058,580.9532,432.7145,564.2513,396.7774
595.6910,379.3508,615.6556,412.7556,580.0176,434.0550,560.0530,400.6502
594.1874,378.3383,611.5820,413.5357,573.4193,432.3958,556.0247,397.1984
590.6691,378.1335,609.7623,412.6089,572.9699,432.9853,553.8768,398.5099
592.2521,378.9247,605.2271,415.2176,564.9965,429.6003,552.0215,393.3074
587.8972,378.2823,599.6142,415.7549,559.3838,428.3343,547.6667,390.8617
586.2759,377.5103,600.7057,414.0692,561.4105,429.5789,546.9807,393.0201
586.2263,378.6922,595.8927,416.8436,554.2870,427.3852,544.6207,389.2338
580.8066,376.7638,594.3916,414.3389,554.6959,428.6905,541.1110,391.1155
582.7966,377.5715,590.7767,415.5120,548.2269,424.4615,540.2468,386.5211
577.6083,376.8531,588.2393,413.0567,548.1305,424.8345,537.4995,388.6309
575.3682,376.4807,587.4100,412.4478,548.1154,425.6037,536.0735,389.6365
575.4087,375.8729,586.9821,411.6657,547.6718,424.3764,536.0984,388.5836
575.8823,375.5353,586.7477,411.8204,544.3259,424.5234,533.4605,388.2384
575.6675,370.7187,590.2322,408.7434,541.0034,427.5997,526.4387,389.5750
566.1383,373.3935,584.2295,411.0227,545.4142,429.6841,527.3231,392.0548
568.9178,374.9152,580.2451,411.6948,538.3494,424.5977,527.0222,387.8182
567.9621,375.2798,578.4635,410.3200,536.1375,423.0049,525.6361,387.9647
569.4543,375.5977,578.4042,412.1160,533.9514,423.0105,525.0015,386.4922
566.5181,375.5907,577.3203,412.4654,535.2916,424.7774,524.4894,387.9027
567.9506,375.2663,577.3143,413.6541,533.5938,424.3186,524.2300,385.9309
568.4359,376.1712,577.2540,414.1162,532.1980,424.5869,523.3799,386.6419
569.7211,375.2297,580.0626,413.1555,535.5682,425.2881,525.2267,387.3623
571.5139,377.5485,578.8740,415.4290,535.1406,423.9263,527.7805,386.0458
569.5444,376.2785,580.2223,415.0817,537.6645,426.7927,526.9866,387.9896
573.4374,377.3441,582.0563,416.1008,538.4321,425.8022,529.8132,387.0455
574.9786,378.2581,583.8980,415.0408,540.9599,425.4528,532.0405,388.6702
577.8026,377.7449,586.4741,414.3570,541.5261,425.0027,532.8546,388.3907
579.9243,377.8017,589.5704,413.0769,545.9133,425.0150,536.2672,389.7398
583.1428,377.5184,593.4987,413.8442,549.1740,426.4804,538.8181,390.1545
583.4661,378.1227,593.7426,414.0837,549.4697,426.7354,539.1932,390.7744
588.1480,379.6975,596.6111,414.8504,552.3115,425.5157,543.8483,390.3628
595.7931,379.4368,602.6791,414.0887,556.8268,423.2005,549.9408,388.5486
600.4833,378.3157,608.3277,414.8716,562.5912,424.6860,554.7469,388.1301
606.2626,378.9829,614.6792,414.9229,569.8336,425.4252,561.4169,389.4852
612.1841,378.4083,620.4798,415.1002,576.2540,425.0993,567.9583,388.4074
611.9351,379.5768,620.5162,414.6680,577.3501,425.2238,568.7689,390.1326
619.6573,379.0226,626.3900,413.7733,581.5275,422.4651,574.7947,387.7143
626.6317,377.1994,634.7938,413.0362,589.2220,423.4156,581.0599,387.5788
637.2396,377.0595,641.6848,411.7314,594.1356,417.8276,589.6903,383.1557
646.0613,375.8615,651.6498,410.0031,603.6592,417.8586,598.0707,383.7169
654.5208,374.4541,659.2746,409.6695,610.1389,416.3025,605.3850,381.0871
650.9990,374.0617,658.6426,410.1827,612.7213,419.9003,605.0776,383.7793
661.9053,374.0976,666.9940,410.3788,616.6177,417.4444,611.5289,381.1632
665.9764,372.1883,673.0392,408.4816,625.9420,417.6469,618.8792,381.3536
673.1879,371.1771,680.6693,405.3038,632.4655,415.8712,624.9841,381.7445
676.2265,369.0471,684.4952,402.7073,638.6610,413.9666,630.3923,380.3064
679.5121,366.3057,686.8740,401.4284,641.6274,410.9123,634.2655,375.7896
680.0554,366.4751,687.1883,401.2572,641.5511,410.6163,634.4182,375.8342
683.0961,366.5475,689.3899,399.5620,644.5348,408.1131,638.2410,375.0986
684.8176,362.3340,693.1297,397.1606,649.1312,407.6618,640.8191,372.8352
690.2693,360.2757,696.1453,395.3296,650.2817,403.0175,644.4058,367.9636
692.2107,359.0103,698.3909,394.0084,652.2578,402.1549,646.0776,367.1569
692.7529,356.6810,702.6332,392.0891,656.7044,404.9051,646.8241,369.4970
691.0609,356.7611,701.0244,391.1566,656.7846,403.9718,646.8211,369.5763
696.2580,354.9249,703.3563,389.7777,655.8102,399.4612,648.7119,364.6084
695.5602,352.9225,703.9359,386.1401,659.0087,397.4684,650.6329,364.2507
695.8411,349.8709,704.6117,384.3103,660.0062,395.6698,651.2357,361.2303
695.3575,348.1516,705.4715,381.1708,659.7100,395.1879,649.5960,362.1687
693.8984,345.6874,703.8975,380.9542,658.7131,393.7652,648.7141,358.4984
694.7193,345.8562,704.6205,379.9158,659.3235,393.0838,649.4223,359.0243
690.7487,344.0566,700.6219,377.2698,656.3085,390.4427,646.4353,357.2295
689.9538,343.0688,698.4888,377.5436,653.3420,388.7206,644.8070,354.2458
687.8855,341.6451,694.7921,375.5168,648.9531,384.8635,642.0465,350.9918
683.8489,339.2500,691.8850,373.1935,646.2318,384.0019,638.1957,350.0584
679.3880,338.5572,687.8954,371.3437,642.9310,383.0109,634.4237,350.2244
678.4617,337.6351,688.7980,370.9434,644.7625,384.6087,634.4261,351.3004
677.5768,337.4749,683.6242,371.2953,636.8011,379.6676,630.7538,345.8471
673.8651,335.8147,680.1172,370.5546,634.3661,378.7885,628.1140,344.0486
669.4500,334.0613,675.6746,367.3491,629.2855,376.0235,623.0609,342.7358
665.1766,332.7050,671.2794,366.0049,624.8696,374.5103,618.7668,341.2104
660.4787,330.9007,667.8764,362.5677,621.6562,373.3652,614.2585,341.6982
661.3208,330.1546,668.7858,363.2273,622.0399,373.7785,614.5749,340.7058
658.9360,329.4715,665.1442,361.2493,618.5976,370.3428,612.3894,338.5650
656.8475,328.0332,663.0624,361.2548,617.3445,369.8075,611.1296,336.5859
657.0636,327.4229,662.6415,358.3646,615.5831,366.8480,610.0051,335.9063
654.7435,328.0413,660.3665,359.6402,614.3937,367.8210,608.7708,336.2220
656.7573,326.3972,661.9640,357.4107,613.6177,365.5273,608.4110,334.5138
655.2902,326.9947,660.7604,358.9840,613.9675,366.9859,608.4971,334.9965
654.1870,326.1058,660.8140,356.9247,615.1647,366.7408,608.5376,335.9219
657.5037,324.7872,663.7155,356.8563,615.1799,366.2576,608.9680,334.1885
659.0103,326.4379,664.2050,357.3620,615.1268,365.6063,609.9321,334.6823
659.5357,324.8474,665.5425,356.7276,617.3627,365.8056,611.3559,333.9254
660.5119,325.0775,668.0145,357.5418,621.6642,368.2536,614.1615,335.7892
660.7009,326.2927,667.6945,359.0251,621.3498,368.9272,614.3562,336.1947
665.1915,325.7220,671.7109,358.5070,622.9727,368.1988,616.4532,335.4138
666.6568,326.0015,672.6006,358.7870,624.1670,367.5677,618.2231,334.7822
668.7533,324.5335,675.3780,357.7562,626.9683,367.4092,620.3436,334.1866
670.1931,324.4014,677.4943,357.3527,629.5410,367.9780,622.2398,335.0267
672.5666,324.8223,678.1525,358.1901,628.8652,366.4409,623.2793,333.0732
673.8049,325.4405,679.1671,357.4275,629.2730,365.7917,623.9108,333.8047
672.4352,323.6310,678.5858,356.5060,630.0579,365.5850,623.9074,332.7101
673.0230,322.7573,679.6370,355.7147,630.0402,365.6678,623.4262,332.7104
673.6724,321.6674,679.4319,353.7609,630.2337,362.5900,624.4742,330.4965
675.0411,319.4249,680.3297,351.8838,629.3099,360.1966,624.0213,327.7377
673.0046,318.7980,677.9481,350.0886,628.4003,357.9165,623.4568,326.6259
673.7193,317.8206,678.6941,348.9478,628.7641,356.9277,623.7892,325.8006
673.5710,317.7355,677.3271,349.2928,627.6039,355.2112,623.8477,323.6539
672.3480,315.0070,676.4003,347.6253,627.0117,353.7610,622.9594,321.1428
671.2579,311.6127,676.5472,344.7413,627.0002,352.6520,621.7109,319.5234
