1
259.2386,134.0657,162.6683,125.4816,168.5164,59.6904,265.0867,68.2744
205.3593,171.3736,119.5755,134.0763,145.1717,75.2051,230.9555,112.5024
167.5425,189.1534,94.2151,129.7932,131.5918,83.6219,204.9192,142.9822
133.8049,194.7561,74.8780,121.0976,132.5610,74.9512,191.4878,148.6098
82.3780,192.8993,62.6418,102.4418,127.8122,88.2228,147.5484,178.6803
128.9354,201.2300,54.9106,199.0844,57.4944,109.9419,131.5192,112.0875
89.3274,220.9354,58.5991,133.1403,108.9332,115.5234,139.6615,203.3185
90.2827,235.9281,59.3967,141.3398,135.9672,116.3372,166.8532,210.9255
191.7601,220.9572,92.4299,217.5320,95.1128,139.7280,194.4430,143.1532
151.3448,221.8621,125.8276,158.0690,202.8966,127.2414,228.4138,191.0345
231.8767,212.3288,164.0411,186.8904,195.3561,103.3836,263.1917,128.8219
219.3607,207.9672,211.2459,118.7049,284.6393,112.0328,292.7541,201.2951
245.0000,213.0000,245.0000,120.0000,319.0000,120.0000,319.0000,213.0000
317.8190,230.2107,252.2047,193.3027,298.0326,111.8309,363.6469,148.7389
292.0219,214.6409,275.7509,143.6404,373.0177,121.3501,389.2887,192.3505
384.5891,223.0959,289.3561,187.3836,315.2466,118.3425,410.4795,154.0548
354.3600,250.4800,281.6400,153.5200,355.0800,98.4400,427.8000,195.4000
320.6200,238.3400,304.8400,127.8800,386.0400,116.2800,401.8200,226.7400
398.2436,235.1232,326.5530,215.2092,352.5129,121.7536,424.2035,141.6676
397.6353,244.2588,348.0588,201.7647,409.4706,130.1176,459.0471,172.6117
389.9376,244.4707,361.0648,190.1219,443.0267,146.5796,471.8995,200.9284
387.9732,249.2677,370.5330,193.8693,453.4116,167.7778,470.8518,223.1763
390.0608,252.8453,374.6884,197.1205,453.4531,175.3923,468.8254,231.1171
399.9676,258.0256,368.2526,217.8532,439.9727,161.2321,471.6877,201.4044
402.5125,251.1602,356.6605,207.0064,420.2264,140.9957,466.0783,185.1495
410.0769,232.6154,349.5000,220.5000,368.2692,126.6538,428.8461,138.7692
337.7370,218.4641,324.3663,130.2172,387.3447,120.6750,400.7155,208.9219
318.2000,208.4000,282.8000,137.6000,341.2000,108.4000,376.6000,179.2000
337.1965,230.6287,262.1341,158.5687,312.1124,106.5079,387.1749,178.5679
333.4717,209.8193,260.1697,190.0842,283.2842,104.2303,356.5862,123.9655
339.6084,209.1352,260.9336,203.4134,265.0533,146.7675,343.7281,152.4893
239.2933,209.5665,233.1015,155.3884,313.8751,146.1571,320.0669,200.3352
234.2229,221.2421,209.9936,176.8217,284.0509,136.4268,308.2802,180.8471
233.4949,221.6427,200.0803,185.7529,258.4682,131.3917,291.8828,167.2815
231.6033,219.7221,189.4763,193.2422,231.7384,126.0070,273.8654,152.4868
230.4462,213.0308,182.4692,199.9462,201.3692,130.6462,249.3461,143.7308
180.2919,206.1290,177.0883,138.8530,227.8304,136.4367,231.0340,203.7127
179.9416,208.8470,171.4290,137.9086,224.8202,131.5016,233.3328,202.4401
176.0000,202.0000,176.0000,128.0000,228.0000,128.0000,228.0000,202.0000
180.0000,199.0000,180.0000,117.0000,238.0000,117.0000,238.0000,199.0000
239.3846,185.0769,186.8846,174.5769,197.3077,122.4615,249.8077,132.9615
210.8839,197.8782,184.5722,141.9660,241.3031,115.2691,267.6147,171.1813
214.7027,206.1988,194.4590,161.3734,257.3967,132.9499,277.6405,177.7753
227.2097,202.7088,207.0514,161.2723,270.8889,130.2162,291.0472,171.6527
249.0769,196.3846,239.5769,148.8846,296.5000,137.5000,306.0000,185.0000
260.3547,197.5585,250.3132,144.0038,311.3547,132.5585,321.3962,186.1132
285.8135,210.4062,283.5771,143.3141,330.2919,141.7569,332.5283,208.8491
336.2000,207.6000,286.2000,182.6000,311.4000,132.2000,361.4000,157.2000
327.9945,209.1479,297.2575,176.0466,338.4137,137.8301,369.1507,170.9315
335.1556,208.1848,302.9481,169.9384,343.7812,135.5527,375.9886,173.7990
339.2030,204.5297,301.0297,173.2970,333.7772,133.2723,371.9505,164.5049
339.5000,193.5000,316.0000,170.0000,353.0000,133.0000,376.5000,156.5000
350.0000,152.0000,350.0000,118.0000,398.0000,118.0000,398.0000,152.0000
392.3571,161.5737,335.7873,159.8059,336.8468,125.9015,393.4166,127.6693
409.3063,170.4263,338.1718,164.3290,341.3055,127.7690,412.4401,133.8663
348.0000,166.0000,348.0000,131.0000,401.0000,131.0000,401.0000,166.0000
356.0000,169.0000,356.0000,135.0000,405.0000,135.0000,405.0000,169.0000
400.8323,169.5896,353.5665,162.3179,359.0115,126.9248,406.2774,134.1965
400.3540,167.6903,355.2877,164.6859,357.5974,130.0399,402.6638,133.0443
357.1022,164.9420,355.3453,131.5608,399.6961,129.2265,401.4530,162.6077
360.9917,162.8425,359.3315,131.2983,396.9641,129.3177,398.6243,160.8619
357.0000,161.0000,357.0000,130.0000,398.0000,130.0000,398.0000,161.0000
357.0000,163.0000,357.0000,132.0000,391.0000,132.0000,391.0000,163.0000
357.0000,165.0000,357.0000,134.0000,390.0000,134.0000,390.0000,165.0000
2
0
0
0
0
1
345.7000,221.1000,335.2268,217.2415,350.8488,174.8390,361.3219,178.6976
357.4865,219.0811,345.1621,217.0270,351.5405,178.7568,363.8648,180.8108
348.7444,208.7260,336.9109,207.6167,341.1452,162.4511,352.9787,163.5605
349.8286,208.8277,338.0262,207.7212,342.0833,164.4453,353.8858,165.5518
350.3589,209.0904,338.9589,207.8904,343.4521,165.2055,354.8521,166.4055
348.0697,209.8633,336.6308,206.6461,348.9050,163.0045,360.3439,166.2217
352.4312,211.2294,342.0642,208.1193,353.5963,169.6789,363.9633,172.7890
345.4803,211.0619,332.4372,206.9118,343.8368,171.0844,356.8799,175.2345
2
0
0
0
0
1
266.5255,218.2134,234.2038,208.7070,248.6147,159.7102,280.9363,169.2166
283.1570,215.6655,249.3310,211.6860,255.5290,159.0034,289.3549,162.9829
269.3529,212.5882,246.4118,184.3529,291.3247,147.8612,314.2659,176.0965
324.5375,204.0420,270.5522,190.1103,280.5112,151.5190,334.4966,165.4507
301.0000,213.0000,301.0000,155.0000,345.0000,155.0000,345.0000,213.0000
343.4683,224.9854,307.7024,208.4780,329.9463,160.2829,365.7122,176.7902
357.8074,221.6422,321.7523,210.8257,336.4221,161.9266,372.4771,172.7431
362.1472,219.9391,328.6244,181.2589,359.5000,154.5000,393.0228,193.1802
388.3231,200.4154,340.6924,194.4616,345.5385,155.6924,393.1692,161.6462
353.9809,206.4650,336.7070,174.7962,384.6306,148.6561,401.9044,180.3248
368.1081,218.6487,338.9730,197.8378,375.9325,146.0946,405.0676,166.9054
374.0000,220.0000,374.0000,164.0000,402.0000,164.0000,402.0000,220.0000
387.9433,193.3595,357.2865,188.5189,367.2595,125.3568,397.9162,130.1973
2
0
0
0
0
1
2
0
0
0
0
1
165.0000,264.0000,165.0000,192.0000,210.0000,192.0000,210.0000,264.0000
164.0000,270.0000,164.0000,197.0000,214.0000,197.0000,214.0000,270.0000
172.0000,274.0000,172.0000,202.0000,226.0000,202.0000,226.0000,274.0000
192.0000,280.0000,192.0000,207.0000,235.0000,207.0000,235.0000,280.0000
219.6166,286.4153,216.6757,212.8930,271.5479,210.6981,274.4888,284.2205
244.0000,292.0000,244.0000,216.0000,290.0000,216.0000,290.0000,292.0000
316.7959,293.5110,273.4109,291.9041,276.2328,215.7123,319.6178,217.3192
301.9590,293.5492,295.0082,217.0901,353.5246,211.7704,360.4754,288.2295
317.0000,276.0000,317.0000,211.0000,378.0000,211.0000,378.0000,276.0000
315.1965,279.1078,312.5466,210.2098,376.2984,207.7578,378.9483,276.6558
330.1311,293.5724,322.9449,207.3379,358.2000,204.4000,365.3863,290.6345
341.7617,289.2877,289.3925,283.8326,297.2950,207.9682,349.6642,213.4234
353.3221,294.7851,307.0547,290.4203,314.7664,208.6761,361.0339,213.0409
373.7524,276.7993,335.9344,264.3815,362.0620,184.8114,399.8799,197.2292
2
0
0
0
0
1
377.1831,288.6588,265.3296,278.1065,274.7879,177.8479,386.6415,188.4001
283.5739,310.3388,265.3275,204.1781,360.4700,187.8255,378.7164,293.9862
282.5399,295.6772,264.7465,194.2550,371.9555,175.4464,389.7489,276.8687
290.3177,297.3469,267.0459,206.8454,372.6355,179.6937,395.9073,270.1953
298.4731,295.2739,273.2614,200.7303,378.3237,172.7137,403.5353,267.2573
296.1449,284.3996,278.6301,184.3147,394.5063,164.0364,412.0212,264.1213
303.6949,284.1808,288.2773,185.0680,398.7378,167.8853,414.1553,266.9981
292.4279,271.1143,290.1124,178.4972,405.9400,175.6015,408.2554,268.2186
398.9032,270.5511,286.6136,268.1620,288.6027,174.6724,400.8923,177.0615
288.5935,267.8703,284.2120,180.2394,392.9901,174.8005,397.3716,262.4314
290.7052,264.5134,286.6021,174.2454,391.8846,169.4598,395.9876,259.7278
361.2112,289.8285,263.6480,268.6191,288.2419,155.4874,385.8051,176.6968
275.9395,274.0644,272.3649,159.6761,367.6780,156.6976,371.2527,271.0859
272.0000,237.0000,272.0000,158.0000,365.0000,158.0000,365.0000,237.0000
303.6385,260.9923,222.6108,188.4939,288.9893,114.3062,370.0170,186.8046
290.3472,262.0251,216.8050,193.9306,289.5894,115.3235,363.1315,183.4180
247.3974,244.8801,245.3262,151.6816,339.3909,149.5913,341.4620,242.7897
281.4855,250.4998,218.9404,186.1151,294.6439,112.5746,357.1890,176.9593
294.0669,246.5130,216.0186,186.4758,276.8736,107.3643,354.9219,167.4015
307.8350,229.3673,218.5273,196.1958,245.9821,122.2791,335.2898,155.4505
298.5220,257.0352,270.4172,141.4931,343.2690,123.7724,371.3738,239.3145
282.8579,249.7418,271.0894,145.5060,340.3517,137.6861,352.1202,241.9219
277.3838,249.0973,262.5703,155.2784,331.9460,144.3243,346.7595,238.1432
340.5462,244.0606,254.8567,242.0204,257.1207,146.9315,342.8102,148.9717
288.1846,243.3738,281.8792,150.8946,351.9625,146.1162,358.2679,238.5954
250.0000,242.0000,250.0000,136.0000,351.0000,136.0000,351.0000,242.0000
373.3005,241.4414,296.1313,174.7952,358.6852,102.3645,435.8544,169.0106
320.0000,239.0000,320.0000,133.0000,397.0000,133.0000,397.0000,239.0000
363.0488,253.4390,351.8171,152.3536,449.7195,141.4756,460.9512,242.5610
428.7182,218.0067,352.7909,198.2656,371.9037,124.7549,447.8310,144.4960
453.8105,215.4795,362.0542,197.7202,376.3230,123.9980,468.0793,141.7573
376.2809,212.5463,370.1420,143.7909,470.2015,134.8570,476.3404,203.6125
386.6316,227.8287,370.8328,169.5708,454.3990,146.9088,470.1978,205.1667
376.3440,243.3920,366.1200,187.1600,454.8240,171.0320,465.0480,227.2640
369.0655,240.9913,360.5590,177.1921,453.7031,164.7729,462.2096,228.5720
469.3173,230.3562,365.8384,227.9497,367.2324,168.0054,470.7114,170.4119
450.2340,237.4189,353.6906,219.3170,365.2943,157.4302,461.8377,175.5321
450.9954,240.6887,347.4287,219.2612,360.5234,155.9704,464.0901,177.3980
354.0748,239.3100,349.5622,160.3393,458.5492,154.1115,463.0618,233.0822
466.1550,241.5158,355.2266,236.0604,359.1869,155.5338,470.1153,160.9893
437.6923,247.5385,347.8277,215.8216,373.6369,142.6954,463.5015,174.4123
371.1208,238.9483,339.7759,165.8104,437.4138,123.9655,468.7587,197.1035
356.2931,228.0101,352.3347,146.8617,466.5508,141.2902,470.5092,222.4386
449.5069,258.3151,355.0411,222.8904,386.3151,139.4932,480.7809,174.9178
458.3698,261.9863,373.3836,223.3562,410.6781,141.3082,495.6643,179.9383
