1
192.1153,210.1787,228.6654,211.8129,223.8524,319.4606,187.3023,317.8264
191.3118,209.8381,228.2923,212.2744,221.2598,319.0218,184.2793,316.5855
190.6720,212.4582,230.1318,215.9630,220.8705,320.2361,181.4107,316.7313
193.6818,215.0633,232.2813,222.6603,216.9855,300.3766,178.3860,292.7796
191.8921,218.9014,232.1814,226.9518,217.9038,298.4064,177.6144,290.3560
182.4613,223.1505,226.7999,227.1075,219.7003,306.6589,175.3616,302.7018
222.1801,309.7595,176.3868,310.8741,174.4230,230.1850,220.2164,229.0705
220.0286,309.8823,174.0425,310.5573,172.9046,233.0271,218.8907,232.3521
221.5492,326.9063,179.7643,327.7060,177.9635,233.6040,219.7484,232.8044
217.3234,329.7946,182.4422,329.8828,182.1969,232.8632,217.0780,232.7750
189.4503,231.3033,222.8378,232.7273,218.6335,331.3031,185.2460,329.8792
189.5896,229.7016,225.4601,232.6175,217.2778,333.2754,181.4072,330.3595
188.7246,226.4020,230.7418,232.6846,216.4411,328.3264,174.4239,322.0438
187.7021,225.0041,228.9644,229.5011,217.7491,332.4066,176.4869,327.9096
192.6550,223.9715,229.9355,227.3534,220.5959,330.3070,183.3154,326.9250
196.8155,220.5260,233.8186,224.3162,223.1221,328.7436,186.1190,324.9534
198.2747,223.8216,236.6196,226.4544,230.1613,320.5155,191.8165,317.8827
214.5847,208.8096,254.3655,217.3947,231.0476,325.4437,191.2667,316.8586
215.0535,211.6178,255.2263,217.0069,240.8812,323.9418,200.7084,318.5527
211.4495,210.4829,248.0172,211.9454,243.4490,326.1601,206.8813,324.6975
255.4377,322.9874,210.3201,324.5986,206.3335,212.9585,251.4510,211.3474
248.3823,324.7274,201.0103,324.8809,200.6445,211.9384,248.0165,211.7850
256.0968,322.4499,209.0210,327.4055,197.4585,217.5664,244.5344,212.6108
261.6118,326.3009,218.9256,330.5800,208.4374,225.9544,251.1236,221.6753
221.8562,226.6606,280.8649,235.1403,267.2709,329.7390,208.2623,321.2593
230.7699,225.5776,272.2082,235.6999,247.1937,338.1038,205.7554,327.9816
236.2880,225.1067,277.3595,234.4341,252.6360,343.2998,211.5645,333.9724
237.1449,226.4277,279.9191,233.3127,264.5063,329.0672,221.7321,322.1822
239.4530,226.8449,286.0763,232.3364,275.5069,322.0720,228.8836,316.5805
238.5868,228.7642,287.1211,229.2565,286.2416,315.9547,237.7074,315.4624
292.6399,327.6684,243.3380,328.0183,242.6331,228.7118,291.9350,228.3618
250.3082,226.2233,298.8405,227.9792,295.4506,321.6754,246.9183,319.9195
253.0630,224.1080,304.6243,228.4088,296.0184,331.5816,244.4571,327.2808
254.3735,223.8618,302.8989,224.1385,302.2730,333.8967,253.7477,333.6200
306.4391,332.0978,260.3810,333.3002,257.5622,225.3293,303.6203,224.1269
314.3273,331.2343,264.1963,334.6571,256.8819,227.5304,307.0129,224.1075
323.3484,329.3951,270.8252,335.7138,258.4162,232.5657,310.9394,226.2470
327.3476,324.7988,276.9615,331.5328,264.0066,234.5998,314.3926,227.8658
328.5738,320.9606,275.1125,324.3902,269.4350,235.8889,322.8963,232.4593
331.9002,320.0008,279.0299,323.0070,274.1352,236.9216,327.0055,233.9154
334.4756,318.4710,280.5425,320.3575,277.6621,238.0123,331.5952,236.1257
335.2471,322.6334,282.3336,323.4615,281.0016,238.3581,333.9152,237.5300
338.3596,326.2215,287.5724,330.7156,279.5261,239.7854,330.3132,235.2913
338.5235,323.7025,293.9862,331.4796,278.1115,240.5697,322.6488,232.7926
340.4006,322.6075,291.2037,330.0770,277.5584,240.2037,326.7553,232.7342
333.7701,322.5239,289.7582,327.7043,279.1046,237.1939,323.1164,232.0134
334.4866,321.7151,290.7390,328.2885,276.9570,236.5662,320.7046,229.9928
340.9520,320.0704,300.0540,331.7853,273.6579,239.6338,314.5559,227.9188
341.6655,322.4199,303.5883,334.3029,273.8095,238.8816,311.8867,226.9986
340.8283,320.8169,306.1109,332.0554,275.9396,238.8521,310.6570,227.6136
343.1125,320.9174,304.7309,334.0345,271.6149,237.1346,309.9964,224.0175
340.2491,318.3876,299.4099,331.2404,268.7973,233.9697,309.6366,221.1170
339.7887,317.9735,300.3790,331.6562,266.9874,235.4802,306.3971,221.7975
341.0563,321.4802,300.5873,335.3886,266.1870,235.2951,306.6561,221.3866
336.6047,323.0807,297.8248,335.1256,266.4306,234.0489,305.2104,222.0039
330.0293,320.2233,292.2148,330.6903,265.3596,233.6694,303.1741,223.2024
326.1874,318.9759,288.3476,329.1687,263.3448,236.3475,301.1846,226.1548
325.9083,321.8708,283.3333,330.7693,263.8569,237.5847,306.4319,228.6861
327.7052,317.9770,278.7707,333.5968,251.2472,247.3702,300.1818,231.7503
325.5546,325.2607,272.6835,338.0016,250.7648,247.0451,303.6359,234.3043
319.5722,325.9025,266.9465,337.2213,247.6569,247.5356,300.2827,236.2169
316.2247,324.8900,262.7460,336.5380,243.1332,246.4913,296.6120,234.8433
313.4481,326.7063,262.7171,341.1284,235.6535,245.9298,286.3844,231.5077
313.5868,321.0198,264.5311,341.1793,227.8668,251.9611,276.9225,231.8016
308.6573,331.4405,264.1843,346.8273,229.4110,246.3205,273.8841,230.9338
303.6265,328.7826,262.2948,345.4783,222.6227,247.2662,263.9543,230.5705
298.4206,328.5917,258.7667,346.0387,216.2189,249.3351,255.8729,231.8882
295.1147,323.6266,259.4351,342.2557,212.0081,251.4207,247.6877,232.7916
293.5768,320.6869,260.3552,340.0321,208.6886,251.3051,241.9102,231.9599
285.8650,313.6062,249.9336,334.0672,202.8244,251.3392,238.7558,230.8781
273.7284,318.6073,236.6485,335.6310,195.5402,246.0921,232.6201,229.0683
265.9740,321.9893,227.7747,337.0407,190.9031,243.4635,229.1024,228.4121
257.9552,312.5474,216.8893,331.8448,177.8632,248.7947,218.9291,229.4974
251.4095,304.1528,206.6083,325.4233,169.3329,246.9119,214.1341,225.6413
246.6524,308.9167,204.8605,330.4384,162.6988,248.5663,204.4907,227.0447
233.1926,306.0735,193.3756,323.9297,158.1906,245.4717,198.0076,227.6155
225.5914,329.2609,185.3669,338.6124,161.2146,234.7245,201.4391,225.3730
225.0562,308.3464,185.9662,328.9055,145.3265,251.6351,184.4165,231.0760
224.1150,309.7450,184.9680,331.2949,141.0268,251.4726,180.1738,229.9226
225.7600,302.6097,183.4310,330.3394,134.3906,255.4798,176.7196,227.7501
220.7208,299.0680,185.6776,327.5550,128.0553,256.6710,163.0985,228.1840
203.1426,321.4406,166.9383,333.2803,134.6649,234.5925,170.8692,222.7527
198.0285,320.2959,151.5272,331.5587,127.6344,232.9109,174.1356,221.6481
195.9645,315.0323,146.4995,329.7124,117.8696,233.2430,167.3346,218.5629
193.6563,313.4377,141.8739,330.0052,111.5903,235.3531,163.3726,218.7855
186.0454,307.5670,137.9167,323.8021,108.2570,235.8765,156.3858,219.6414
171.4560,329.3322,133.7751,332.8399,123.2757,220.0504,160.9567,216.5428
167.0727,325.1022,127.8882,328.9086,117.3391,220.3127,156.5236,216.5063
168.0377,321.7789,131.4338,329.8564,107.7971,222.7445,144.4010,214.6670
170.0578,320.8380,135.0672,330.9307,103.5420,221.6351,138.5326,211.5424
168.6970,324.9659,133.4660,335.2475,101.0408,224.1390,136.2718,213.8574
171.0176,326.3706,135.6013,338.2829,97.9940,226.4728,133.4102,214.5605
166.7289,314.1817,123.2440,327.1855,92.9944,226.0309,136.4792,213.0271
169.0260,309.6052,118.8873,324.6693,89.3407,226.3275,139.4794,211.2634
168.5568,298.1281,112.1934,315.2736,86.4136,230.5265,142.7770,213.3809
171.6336,294.0822,110.6855,312.3256,85.3254,227.6022,146.2735,209.3588
157.6288,294.7393,110.3610,309.4320,84.8396,227.3271,132.1074,212.6344
157.9135,290.4162,113.6339,305.2988,87.2197,226.7096,131.4993,211.8270
164.7368,309.5148,122.5599,322.8186,90.7420,221.9465,132.9189,208.6427
164.3913,313.7665,116.5339,324.9642,91.8338,219.3995,139.6911,208.2018
165.5922,312.8752,124.7145,322.7396,97.8926,211.5914,138.7703,201.7269
166.2305,302.1373,128.3343,312.2870,100.8459,209.6526,138.7422,199.5030
161.9818,298.6340,121.8885,304.8842,105.8877,202.2439,145.9810,195.9937
159.8964,302.2043,120.5149,304.9988,113.0236,199.4242,152.4050,196.6298
117.0994,196.1092,161.4539,196.3329,160.9085,304.4724,116.5540,304.2487
167.0708,301.0817,120.3473,303.3883,115.0154,195.3846,161.7389,193.0780
166.2933,297.6484,120.7304,297.9133,120.1322,195.0150,165.6951,194.7501
167.1570,282.6560,124.3344,283.2062,123.1989,194.8362,166.0215,194.2860
177.2328,300.6820,140.8438,305.8513,125.9677,201.1323,162.3567,195.9630
185.4606,303.4030,144.6131,310.7325,125.1397,202.2065,165.9872,194.8770
188.0852,302.8246,150.8093,309.8740,129.3213,196.2490,166.5973,189.1996
193.4048,301.6213,157.8832,309.9575,131.5305,197.6651,167.0521,189.3289
197.9046,298.3719,158.6581,308.6299,129.9618,198.8388,169.2083,188.5809
204.0952,291.2906,158.6784,304.7643,127.9807,201.2892,173.3975,187.8156
206.6641,285.3697,154.6010,296.7250,132.6588,196.1214,184.7220,184.7661
198.2478,266.9946,152.9980,274.0242,140.5490,193.8894,185.7989,186.8599
201.8353,269.8903,156.1281,276.1369,144.6510,192.1570,190.3582,185.9104
163.1562,184.4167,202.7111,186.5123,196.8557,297.0327,157.3008,294.9370
167.3816,183.5361,206.8795,185.1017,202.6295,292.3230,163.1316,290.7574
224.4039,282.5110,181.8699,295.3047,152.4968,197.6506,195.0308,184.8569
228.9666,284.6369,187.7988,295.5934,160.5740,193.3001,201.7417,182.3435
229.7432,283.4712,192.8559,293.0242,165.3183,186.6919,202.2056,177.1389
232.4126,274.9748,194.8148,285.4895,166.5481,184.4157,204.1459,173.9010
235.0135,275.5633,196.6391,285.6640,169.7561,183.5307,208.1304,173.4300
237.2513,275.1461,195.5376,284.1389,173.1278,180.1900,214.8415,171.1972
238.5846,272.8416,192.3872,280.3140,176.1053,179.6524,222.3027,172.1800
238.0244,266.4738,191.2541,272.7370,178.9999,181.2290,225.7702,174.9658
240.0111,262.1186,192.6190,267.5896,182.6063,180.8551,229.9984,175.3840
237.4219,278.8904,197.9311,281.3835,191.4008,177.9464,230.8916,175.4532
254.4426,270.7792,208.3697,280.2891,188.2478,182.8045,234.3207,173.2946
251.8665,275.6207,213.7140,282.3358,195.3929,178.2433,233.5453,171.5282
249.1827,274.8257,213.2116,280.6136,196.3507,175.8250,232.3219,170.0371
249.0592,277.3284,212.3806,282.0626,198.4724,174.3076,235.1510,169.5734
256.7244,273.4803,216.4899,281.4662,195.3180,174.7975,235.5525,166.8117
257.9704,265.0697,215.2061,274.3194,193.9603,176.0933,236.7246,166.8436
260.6790,254.5870,210.8986,264.4308,193.3108,175.4881,243.0912,165.6443
256.6300,244.7010,208.6691,252.6686,195.6763,174.4578,243.6372,166.4903
256.0001,244.6604,207.8104,249.2853,200.2731,170.7486,248.4628,166.1237
260.1468,242.8327,210.0138,250.2839,198.3779,171.9960,248.5109,164.5447
259.3964,245.9194,210.2638,250.5748,202.5389,169.0474,251.6715,164.3920
264.5934,247.9764,217.3187,257.6545,199.5327,170.7748,246.8075,161.0968
261.4813,258.9884,220.1779,264.3224,207.5575,166.5982,248.8609,161.2641
267.1417,259.3767,227.6066,267.1503,207.8694,166.7710,247.4044,158.9974
268.1376,261.4528,232.5800,267.5969,214.8924,165.2338,250.4500,159.0897
272.0487,253.8441,236.8180,260.3759,219.1316,164.9816,254.3624,158.4498
268.5528,258.5016,234.8633,262.2100,223.8190,161.8760,257.5085,158.1676
267.4415,261.4000,232.4443,263.5664,226.0263,159.8848,261.0234,157.7184
265.4094,261.7269,232.1799,262.8514,228.6890,159.6943,261.9184,158.5698
266.2304,261.8754,232.3792,262.3436,230.9695,160.4334,264.8208,159.9651
269.0063,260.4696,234.6850,260.5259,234.5244,162.5260,268.8457,162.4698
237.3264,161.3350,273.1917,163.0897,268.3640,261.7649,232.4987,260.0102
240.6131,161.4246,275.1954,165.1091,264.8065,262.6190,230.2242,258.9345
244.0811,163.1836,280.5037,169.9856,264.0894,257.8793,227.6668,251.0773
241.4782,167.7237,281.7146,172.7628,270.9313,258.8665,230.6949,253.8275
238.1964,167.0053,281.1891,169.1006,277.0751,253.5156,234.0824,251.4203
238.4601,169.2979,282.3333,170.6270,279.8034,254.1434,235.9301,252.8144
240.1688,166.6122,284.1696,167.3528,282.7149,253.7766,238.7141,253.0359
285.0416,251.9390,239.6742,252.4509,238.6896,165.1744,284.0569,164.6626
289.3560,249.1897,242.7680,249.5757,242.0511,163.0406,288.6391,162.6546
294.2819,241.7720,245.0279,245.7485,238.4628,164.4323,287.7169,160.4558
295.6571,242.6316,250.0993,249.1590,237.8137,163.4115,283.3715,156.8841
292.7798,253.0898,254.0410,255.7122,247.6869,161.8470,286.4257,159.2246
298.5218,250.6222,259.8499,255.8875,247.6708,166.4352,286.3427,161.1699
297.6020,253.1842,259.9594,256.0771,252.8255,163.2509,290.4681,160.3580
297.1062,252.2319,263.8054,253.5406,260.1497,160.5124,293.4505,159.2038
298.6910,251.6303,266.5559,252.2957,264.6083,158.2358,296.7434,157.5704
301.9172,255.4759,268.3393,255.7384,267.5811,158.7413,301.1590,158.4789
272.5412,159.6335,306.7922,160.3730,304.7314,255.8180,270.4804,255.0785
274.9115,161.8853,309.6729,164.0334,304.0714,254.6785,269.3100,252.5304
275.7612,163.5479,313.2798,166.1225,307.2606,253.8374,269.7420,251.2628
277.9625,162.7155,316.6811,167.1627,306.7451,253.6687,268.0266,249.2215
282.4790,159.8763,320.2396,165.0461,307.3660,259.0754,269.6053,253.9056
281.9276,156.8733,323.7786,162.4021,311.2003,257.6141,269.3494,252.0853
279.0746,159.4604,322.9296,162.4508,316.7828,252.5959,272.9277,249.6055
276.2932,158.2023,323.2997,161.8485,316.3092,251.9698,269.3027,248.3237
323.6661,230.7224,276.6280,233.1221,272.9780,161.5739,320.0160,159.1743
325.9739,231.8911,275.2227,232.2695,274.6868,160.3992,325.4380,160.0208
320.8410,229.8592,269.3414,231.5542,267.0566,162.1322,318.5562,160.4372
320.5009,229.3207,269.0626,231.1461,266.5948,161.6033,318.0330,159.7780
321.9434,230.8027,272.3171,234.6972,266.6617,162.6306,316.2879,158.7362
322.8653,231.2598,275.4234,236.3589,267.4568,162.2377,314.8987,157.1386
324.9019,247.0489,280.5985,251.4887,271.5851,161.5471,315.8885,157.1073
321.8641,250.8748,283.0425,254.6306,273.7979,159.0751,312.6195,155.3193
319.4623,253.8288,284.1465,255.6604,278.6867,150.3883,314.0025,148.5567
316.8705,253.0589,282.7864,253.9093,280.1572,148.5285,314.2414,147.6782
315.7204,252.0620,281.7299,252.7280,279.7717,152.7872,313.7622,152.1212
280.1096,152.9015,315.6918,152.9935,315.4443,248.7203,279.8622,248.6283
282.4406,152.2473,316.8283,153.7717,312.5801,249.5978,278.1925,248.0733
284.5680,149.7264,319.4291,152.7444,310.9918,250.2025,276.1307,247.1845
284.7325,145.9969,317.8253,148.7606,309.2168,251.8393,276.1240,249.0756
282.6400,150.5181,314.9593,151.6753,311.4213,250.4872,279.1020,249.3300
281.6245,150.9072,314.2755,151.3219,313.0323,249.1979,280.3814,248.7832
313.9181,249.6579,281.9644,249.9063,281.1965,151.1051,313.1502,150.8567
283.4683,148.9946,315.9168,149.0051,315.8845,248.9651,283.4360,248.9546
286.2593,152.8490,315.3210,153.1422,314.3424,250.1373,285.2807,249.8441
284.7491,159.5106,318.3043,160.4811,315.7262,249.6238,282.1711,248.6534
287.1524,157.8710,320.7645,160.3654,314.0063,251.4295,280.3943,248.9350
288.3506,158.3088,322.3077,162.3151,310.9401,258.6669,276.9829,254.6606
290.8726,155.2715,320.3684,159.3989,306.2441,260.3355,276.7483,256.2081
291.0871,150.4242,317.9456,154.1756,303.1689,259.9687,276.3105,256.2172
291.6112,146.5077,317.8065,150.0315,303.2943,257.9117,277.0991,254.3878
293.0237,142.5674,321.5572,146.5562,305.6874,260.0786,277.1538,256.0897
292.4578,146.3150,323.5891,151.1805,306.7921,258.6558,275.6609,253.7904
293.0243,148.2598,324.9579,153.3835,307.7247,260.7898,275.7912,255.6661
293.9767,150.0502,328.6588,155.9813,310.3224,263.2047,275.6403,257.2737
294.1232,153.6631,331.0466,160.6760,311.6924,262.5775,274.7690,255.5646
293.9990,155.7758,331.8593,162.7409,313.4679,262.7120,275.6075,255.7469
292.4475,160.5701,331.8272,167.5057,314.3361,266.8192,274.9564,259.8836
290.9701,161.1468,329.6469,166.1969,317.3584,260.3097,278.6816,255.2596
287.7925,163.5137,326.4288,167.1075,317.8057,259.8112,279.1694,256.2173
284.9932,164.9121,322.6752,167.1335,316.8504,265.9419,279.1683,263.7205
284.5243,165.3843,321.6830,166.6132,318.4440,264.5596,281.2852,263.3308
280.8597,166.9875,319.5436,167.0111,319.4834,265.9911,280.7995,265.9675
318.2861,265.4189,280.1635,265.7922,279.1779,165.1382,317.3005,164.7649
313.4540,266.1602,279.8740,266.4906,278.8242,159.7643,312.4042,159.4339
311.4920,267.8615,280.2608,268.2623,278.8647,159.4913,310.0959,159.0904
279.1875,158.2243,312.1636,158.3329,311.7955,270.0523,278.8194,269.9437
280.2310,158.0388,311.9168,158.7214,309.4554,272.9825,277.7696,272.2999
281.0232,156.6551,313.8768,158.3456,307.7452,277.5090,274.8915,275.8185
283.7473,159.5725,315.6007,161.5968,308.1595,278.6883,276.3062,276.6640
283.1557,159.5046,314.8076,161.7137,306.3765,282.5161,274.7246,280.3070
281.9237,159.8155,313.2663,162.3988,303.4972,280.9276,272.1547,278.3443
282.1136,164.6767,313.8893,167.7562,302.7034,283.1789,270.9276,280.0994
280.5971,165.7554,312.7169,168.6883,302.0880,285.0901,269.9681,282.1571
277.4485,166.9603,309.4776,169.2539,301.1274,285.8593,269.0983,283.5656
275.2801,168.1829,306.6302,169.8849,300.3286,285.9539,268.9785,284.2519
273.4529,170.4152,305.6782,171.6233,301.4193,285.2235,269.1940,284.0154
303.3879,284.8847,268.6656,285.6764,266.0385,170.4583,300.7609,169.6666
303.7192,284.6581,270.8578,286.0569,265.9565,170.9132,298.8178,169.5143
302.6773,283.6905,271.1228,285.6121,264.0592,169.6185,295.6138,167.6970
296.4213,284.1543,266.9419,284.9180,263.9321,168.7486,293.4116,167.9848
293.4675,284.2595,263.7997,284.6874,262.1178,168.0796,291.7856,167.6516
260.1934,166.3382,291.8864,166.4506,291.4698,283.8709,259.7769,283.7585
258.6031,165.9917,289.4987,166.8787,286.0779,286.0247,255.1823,285.1376
257.3376,168.1229,287.1591,168.8332,284.2663,290.2781,254.4448,289.5678
258.4966,168.7012,287.2556,170.4476,279.8444,292.4952,251.0854,290.7488
256.7568,169.3817,287.2831,171.8899,277.4612,291.4267,246.9348,288.9185
256.1988,169.5072,285.5815,171.9355,275.5252,293.6178,246.1425,291.1895
253.6773,170.5610,284.9862,173.6208,273.7259,288.8385,242.4170,285.7786
251.9124,174.2669,283.2538,176.7957,274.1664,289.4198,242.8251,286.8910
246.5010,178.8274,278.8202,180.0029,274.8641,288.7705,242.5450,287.5950
240.9218,182.8724,276.1597,183.1487,275.3205,290.1402,240.0826,289.8638
238.0710,183.7891,272.0794,184.2204,270.6302,298.4988,236.6217,298.0675
236.2158,181.4835,271.4561,182.5459,267.9121,300.0925,232.6718,299.0301
231.4572,182.9886,266.0281,183.0099,265.9563,299.6299,231.3853,299.6086
229.9025,181.8618,263.3033,182.1164,262.3745,303.9516,228.9736,303.6970
261.0557,305.5367,228.5069,305.8832,227.1746,180.7472,259.7234,180.4006
262.4076,299.7126,228.3924,301.2598,222.9813,182.2932,256.9965,180.7460
262.8797,298.1845,227.7788,300.5568,219.6840,180.7800,254.7849,178.4078
258.2450,293.9240,221.6402,295.2703,217.3538,178.7291,253.9586,177.3828
255.2634,294.4738,217.4465,295.1689,215.2854,177.5888,253.1022,176.8937
216.0032,176.3395,253.8989,176.5965,253.0796,297.4037,215.1839,297.1467
215.2618,176.9762,252.9620,178.0605,249.4556,299.9750,211.7554,298.8907
216.8193,177.1861,253.0681,179.4220,245.3919,303.8698,209.1430,301.6339
216.6927,176.4444,253.3311,179.6442,241.9182,310.3219,205.2798,307.1221
214.5118,183.0192,251.8996,186.8755,239.2956,309.0720,201.9079,305.2157
211.8913,182.4534,251.6657,186.4278,239.2401,310.7815,199.4656,306.8071
208.2182,186.0364,249.8365,189.6591,239.5984,307.2774,197.9801,303.6548
202.9764,186.9551,249.5143,190.5879,240.8665,301.3709,194.3286,297.7381
200.2024,187.7728,247.6240,190.8658,240.7967,295.5392,193.3751,292.4461
192.6389,190.3171,241.7384,190.7554,240.7931,296.6372,191.6936,296.1989
241.9413,293.1619,194.0925,295.5383,188.9096,191.1834,236.7585,188.8070
243.3935,303.7557,193.7393,307.6993,184.5626,192.1556,234.2168,188.2120
244.3347,302.0427,196.6424,307.4058,183.9411,194.4578,231.6335,189.0947
242.4165,298.7581,196.6538,304.1107,183.3337,190.2270,229.0964,184.8745
240.3633,297.5204,193.8772,302.9832,180.4950,189.1068,226.9811,183.6440
239.2584,299.2168,196.2255,303.9134,183.3601,186.0334,226.3931,181.3368
237.2154,294.9013,195.8102,298.7415,185.1309,183.5956,226.5360,179.7555
235.9612,294.7825,194.6801,297.8260,186.1777,182.4989,227.4588,179.4555
234.2404,296.6155,192.9018,298.8548,186.4877,180.4484,227.8263,178.2091
233.9490,297.9584,190.1994,299.7598,185.3209,181.2802,229.0704,179.4788
231.7582,296.2992,188.4980,296.8772,186.9456,180.6791,230.2058,180.1012
189.4422,183.1658,233.5578,183.6755,232.2538,296.5244,188.1382,296.0146
190.4253,184.1772,232.9991,184.6500,231.6914,302.4202,189.1175,301.9475
234.7548,297.7842,190.1251,298.0413,189.4783,185.7596,234.1080,185.5026
192.2381,184.5044,236.7847,185.6124,233.8894,302.0156,189.3428,300.9076
188.8779,184.6753,237.3987,185.3836,235.7064,301.3020,187.1857,300.5937
193.7875,183.0374,240.3541,188.0675,227.6194,305.9617,181.0528,300.9316
188.8734,181.9892,236.5398,184.2259,230.9524,303.2993,183.2861,301.0626
187.5797,180.7900,234.4705,181.2359,233.3150,302.7504,186.4241,302.3045
233.4686,294.4720,185.2648,294.7545,184.5782,177.6056,232.7820,177.3231
236.4309,290.9621,183.7330,295.4848,172.4457,163.9682,225.1436,159.4454
234.0948,295.5287,181.1835,297.6668,175.4779,156.4726,228.3892,154.3345
232.4672,317.6262,179.1403,317.7577,178.7776,170.7765,232.1046,170.6449
182.2914,184.2946,236.0858,184.6622,235.1811,317.0648,181.3867,316.6972
189.4139,186.0074,238.0003,188.8013,230.8029,313.9628,182.2166,311.1689
188.2790,183.5236,241.6919,185.9605,235.4831,322.0477,182.0701,319.6108
188.7941,179.3840,231.5025,180.0788,229.3488,312.4582,186.6405,311.7634
188.0190,178.5924,229.5448,178.7635,229.0047,309.8539,187.4789,309.6829
190.9014,176.7010,230.4779,178.8051,223.5982,308.2045,184.0217,306.1003
192.7536,176.6418,231.6694,178.8265,224.5267,306.0551,185.6109,303.8703
193.2505,175.3112,232.2763,178.4597,221.9642,306.2779,182.9384,303.1293
191.9926,177.3429,230.9467,180.2497,221.5642,305.9863,182.6101,303.0796
189.2413,179.0685,230.1521,181.5774,222.5310,305.8487,181.6201,303.3398
190.1101,182.0258,229.3667,184.9924,219.7474,312.2838,180.4909,309.3173
189.2750,180.3635,230.4340,183.8411,219.7953,309.7569,178.6363,306.2794
189.5846,181.2091,234.3707,186.0796,220.4302,314.2671,175.6441,309.3966
188.1836,182.8620,234.5022,188.8057,218.3012,315.0573,171.9827,309.1135
186.7080,183.5848,233.5451,190.2858,215.8780,313.7695,169.0410,307.0684
179.3306,185.8024,228.1473,191.0025,215.3862,310.7993,166.5695,305.5992
173.9855,191.4696,224.7171,194.9583,215.8219,324.3069,165.0904,320.8181
170.8301,192.6322,223.3684,195.7940,216.6223,307.8919,164.0841,304.7301
167.0903,192.7739,220.5802,195.5646,213.7893,325.7276,160.2993,322.9369
210.7898,325.0469,161.1083,325.1516,160.8263,191.2259,210.5078,191.1212
160.2895,191.6469,207.1581,192.3177,205.2226,327.5439,158.3539,326.8730
158.8958,192.7857,207.6402,193.2287,206.4290,326.5032,157.6846,326.0602
160.5038,194.2826,207.3423,195.8964,202.7867,328.1180,155.9482,326.5042
159.1908,189.4150,200.5951,190.6515,196.4704,328.7699,155.0660,327.5334
159.5792,188.8384,200.0871,191.4585,191.1682,329.3503,150.6603,326.7303
160.5530,185.7040,202.0447,191.1928,183.5300,331.1523,142.0382,325.6635
163.1122,187.7411,199.8878,193.3798,178.7793,331.0485,142.0037,325.4098
161.3709,190.5519,195.0468,195.9751,173.2018,331.6234,139.5259,326.2001
158.4920,190.7563,192.4257,195.8930,171.7180,332.6898,137.7843,327.5530
158.7112,192.2440,190.1234,198.0315,165.5557,331.3752,134.1435,325.5878
151.4359,197.2760,184.5814,201.4464,168.3101,330.7668,135.1646,326.5964
148.8144,200.4295,181.0668,204.2100,166.4196,329.1669,134.1672,325.3863
146.4434,201.2562,180.3136,205.3941,165.1730,329.3247,131.3027,325.1867
142.0210,201.9141,180.6682,206.6367,165.6406,329.6135,126.9934,324.8909
138.5455,202.8983,178.8009,207.4088,164.7240,333.0427,124.4686,328.5322
135.6508,204.0354,177.4019,208.1337,165.0517,333.9490,123.3007,329.8507
131.8459,204.4132,174.6223,207.5320,165.3581,334.5948,122.5816,331.4759
128.5425,205.6062,172.6010,208.1886,165.2038,334.3920,121.1453,331.8096
127.0210,206.0490,172.7639,207.8287,167.8110,335.1324,122.0680,333.3526
124.5230,205.5169,171.1990,206.3813,168.8694,332.1721,122.1934,331.3077
123.5923,205.8317,170.8008,206.1331,169.9813,334.5105,122.7727,334.2091
124.0930,205.9873,170.7997,206.0110,170.7340,335.3710,124.0273,335.3473
169.2550,333.8835,124.9997,334.0249,124.5864,204.7286,168.8416,204.5872
125.6673,205.7939,170.7857,206.1968,169.6305,335.5516,124.5121,335.1487
127.6676,206.7736,170.9974,207.2299,169.6351,336.5828,126.3053,336.1265
129.1894,205.6447,171.7429,206.3863,169.4376,338.6663,126.8840,337.9247
130.8722,203.4616,171.9805,204.6298,168.1667,338.8356,127.0585,337.6674
132.4962,203.3326,172.2696,204.8037,167.2711,339.9513,127.4977,338.4803
133.8123,203.2467,173.6117,204.8912,168.0282,340.0159,128.2288,338.3714
136.0798,206.9744,173.9184,208.7785,167.5604,342.1227,129.7218,340.3185
136.9236,207.0368,173.0665,208.6890,166.9265,343.0047,130.7836,341.3525
137.6127,206.0632,174.7231,207.6000,169.1996,340.9813,132.0891,339.4445
138.9211,208.9325,174.9920,210.1570,170.5532,340.9074,134.4823,339.6828
140.1729,207.8623,176.9016,209.2514,171.9572,339.9836,135.2284,338.5945
141.7950,206.9167,179.0688,208.1208,174.8751,337.9376,137.6013,336.7335
142.6563,206.9650,179.9325,208.0671,176.0941,337.8949,138.8178,336.7928
143.1340,209.8760,179.1067,210.7850,175.9210,336.8644,139.9483,335.9555
144.8614,206.8979,181.7511,208.0513,177.7217,336.9316,140.8320,335.7783
145.4944,204.1071,182.4086,205.4753,177.5350,336.9598,140.6208,335.5916
145.8330,208.4081,183.3950,209.7325,178.8713,338.0328,141.3093,336.7084
146.1127,208.3538,183.4451,209.7833,178.4953,339.0486,141.1629,337.6190
146.0305,207.3784,182.8659,208.7145,178.1409,338.9689,141.3055,337.6327
145.7824,209.6402,182.4338,210.4114,179.7333,338.7630,143.0819,337.9919
145.9117,208.6159,182.1311,209.4145,179.2798,338.7430,143.0604,337.9445
145.4217,211.7346,181.6025,212.2857,179.6620,339.6709,143.4812,339.1198
144.6049,209.7151,181.3628,210.2896,179.3156,341.2736,142.5577,340.6991
143.0235,211.8753,180.8557,212.1253,180.0139,339.5225,142.1816,339.2725
180.2306,339.6635,142.3497,339.8686,141.6532,211.2003,179.5341,210.9953
179.8448,342.1446,142.0130,343.0210,138.9892,212.4941,176.8210,211.6177
178.2221,338.9807,142.5399,340.1483,138.2699,209.6616,173.9521,208.4940
177.6780,339.3825,141.9960,340.6177,137.4367,208.9118,173.1188,207.6766
177.1536,336.6976,141.3944,338.3034,135.6558,210.5168,171.4150,208.9109
175.8729,333.2980,139.5896,334.5695,135.1831,208.8213,171.4664,207.5498
174.0677,335.5338,139.4526,336.1051,137.3030,205.8574,171.9180,205.2861
173.3410,339.0124,138.4840,339.4334,136.8440,203.6605,171.7010,203.2395
172.2916,338.4587,138.1211,338.4620,138.1081,204.0060,172.2786,204.0027
138.6611,208.4519,172.2215,208.7758,170.9317,342.4189,137.3713,342.0949
140.3470,205.4951,174.0124,206.1385,171.3721,344.2932,137.7067,343.6499
138.3725,206.7400,173.7350,206.9361,172.9636,346.0939,137.6011,345.8979
139.9621,206.6167,173.6511,207.0995,171.6832,344.4226,137.9941,343.9398
140.0086,206.5781,174.9374,207.1044,172.8827,343.4658,137.9539,342.9395
141.2337,207.5241,175.7024,208.1549,173.1559,347.2916,138.6872,346.6608
142.1707,207.5666,175.7164,208.1529,173.3164,345.4692,139.7707,344.8828
142.3090,207.5062,176.2662,208.1647,173.6220,344.5158,139.6649,343.8573
142.3395,211.4925,176.1271,211.6713,175.4103,347.0858,141.6227,346.9070
175.6736,346.6747,142.6870,346.8020,142.1537,208.6230,175.1403,208.4957
176.8977,348.4011,144.6242,348.6573,143.5194,209.5017,175.7929,209.2455
177.8793,349.0402,145.6007,349.4141,144.0004,211.2433,176.2790,210.8695
178.5396,345.3961,146.3806,345.7549,144.8612,209.5433,177.0202,209.1846
180.3815,347.0077,148.2910,347.4417,146.4470,211.0773,178.5374,210.6434
180.7346,346.3224,147.8892,346.8099,145.8819,211.5848,178.7274,211.0973
179.8203,346.0910,148.6956,346.4560,147.1100,211.2253,178.2347,210.8603
180.7914,343.6304,149.4142,343.9504,148.0624,211.4221,179.4396,211.1021
179.6251,346.0400,149.0458,346.1027,148.7721,212.6074,179.3515,212.5447
181.6618,344.4084,150.5912,344.4384,150.4656,214.5540,181.5363,214.5240
182.2917,347.0288,150.2023,347.0685,150.0385,214.5333,182.1279,214.4937
151.1039,214.4380,184.0709,214.4909,183.8583,347.0259,150.8913,346.9730
151.0997,215.4379,184.8664,215.4898,184.6626,348.0249,150.8960,347.9730
183.9682,349.0069,151.9348,349.0327,151.8256,213.7254,183.8589,213.6996
153.1641,214.6204,186.5212,214.7027,186.1892,349.2927,152.8321,349.2104
153.0817,215.5215,186.7070,215.5634,186.5425,347.3302,152.9172,347.2882
153.3374,215.4512,187.8630,215.6295,187.1824,347.3946,152.6568,347.2163
153.9673,214.6262,188.2345,214.8488,187.3623,349.1060,153.0951,348.8834
152.5204,217.3135,187.9441,217.5989,186.8976,347.4792,151.4740,347.1938
155.0926,213.3271,188.9521,214.1189,185.8364,347.3624,151.9769,346.5707
154.3417,215.3760,189.1707,216.0749,186.5308,347.6232,151.7018,346.9243
155.3748,213.5591,189.6522,214.4188,186.2858,348.6366,152.0084,347.7768
157.4414,213.3398,190.4296,214.6572,185.0722,348.8102,152.0840,347.4928
157.5546,217.0508,190.5844,218.9053,183.2778,349.0403,150.2480,347.1858
157.1292,216.7738,192.6323,219.2718,183.8466,344.1416,148.3435,341.6437
157.3369,216.7070,194.8331,219.5215,185.1505,348.5186,147.6543,345.7041
157.7406,217.7864,195.3672,220.4480,186.3084,348.5080,148.6818,345.8464
157.0609,220.6694,197.0580,223.7221,187.4371,349.7755,147.4400,346.7227
158.1784,221.5942,199.7554,224.8584,189.9374,349.9136,148.3604,346.6494
156.5948,221.9439,198.8224,224.2413,191.9547,350.4746,149.7271,348.1772
154.4907,218.7901,195.4868,219.2357,194.0808,348.5881,153.0847,348.1425
152.9143,217.6437,194.4332,217.7183,194.2022,346.4117,152.6834,346.3371
154.0137,216.5940,195.6541,216.7770,195.0886,345.4693,153.4482,345.2863
194.8178,344.9925,149.8539,345.4684,148.4816,215.8217,193.4455,215.3457
193.8389,345.9908,149.8823,345.9917,149.8795,217.2981,193.8361,217.2971
151.3663,214.8690,194.8872,215.1289,194.1396,340.3052,150.6188,340.0453
153.4336,216.2030,196.7800,217.1788,193.9416,343.2666,150.5952,342.2908
153.1605,216.2866,196.8065,217.0949,194.4236,345.7664,150.7776,344.9582
153.0909,215.3078,196.2959,216.0617,194.0956,342.1622,150.8906,341.4083
152.8974,216.0570,199.7404,217.3306,196.3127,343.4037,149.4697,342.1301
153.6000,216.1564,198.7993,217.2046,195.8155,345.8636,150.6162,344.8154
157.3281,215.3028,200.7021,216.7915,196.3533,343.4897,152.9793,342.0009
155.5329,216.5001,197.1797,216.8982,195.9403,346.5463,154.2934,346.1481
156.6529,215.4883,198.2986,215.9543,196.8372,346.5605,155.1915,346.0945
158.6930,217.1648,202.4262,218.8479,197.4513,348.1122,153.7181,346.4291
160.5779,215.2353,202.1989,216.8176,197.3098,345.4183,155.6888,343.8360
161.2379,218.0106,204.7522,220.0407,198.9625,344.1431,155.4482,342.1130
161.8726,215.1575,203.2723,216.9195,197.8409,344.5372,156.4412,342.7752
159.6279,218.1722,203.1636,219.7232,198.5580,349.0012,155.0223,347.4502
160.7076,219.0988,204.3961,220.7723,199.4445,350.0375,155.7560,348.3640
160.8560,218.0661,203.8481,219.8012,198.7358,346.4709,155.7437,344.7358
161.1691,217.9570,204.5124,219.8992,198.9510,344.0120,155.6077,342.0698
161.3377,218.8301,206.0734,221.0194,200.0469,344.1682,155.3112,341.9789
163.9822,218.0838,205.2784,219.8951,199.6102,349.1308,158.3139,347.3196
167.6918,217.9391,207.1887,220.1243,200.0969,348.3082,160.5999,346.1230
167.7846,216.9034,208.5015,219.1743,201.2978,348.3335,160.5810,346.0626
169.9200,218.6581,210.6231,221.6652,201.3087,347.7416,160.6055,344.7345
171.4128,219.5298,212.2810,222.8515,202.1189,347.8792,161.2507,344.5575
174.1843,219.4165,215.2168,223.2273,203.5262,349.1056,162.4938,345.2948
175.2153,220.4068,216.2258,224.2293,204.5842,349.1279,163.5737,345.3054
177.2618,221.2021,217.9369,225.6567,204.2807,350.3512,163.6057,345.8966
179.8565,221.1715,219.6744,225.8853,204.9270,350.4554,165.1092,345.7416
183.5203,221.1523,221.9326,226.1454,205.7631,350.5388,167.3508,345.5457
184.6258,220.2834,222.4761,224.8385,207.2541,351.3258,169.4037,346.7708
186.7574,220.4399,221.9924,224.2537,208.3882,349.9396,173.1532,346.1258
188.0471,218.5926,220.8179,221.7894,208.2586,350.5383,175.4878,347.3415
190.8528,217.4709,225.9156,221.2298,212.1266,349.8528,177.0638,346.0939
193.2607,216.4744,225.0679,220.0829,210.5610,347.9562,178.7538,344.3477
192.4011,218.4705,225.0295,221.1722,213.9762,354.6650,181.3478,351.9633
195.0137,216.6785,226.0705,218.9276,216.5446,350.4635,185.4878,348.2144
195.8444,216.7514,228.6121,218.7862,220.5210,349.0776,187.7533,347.0427
195.8741,216.8470,229.3457,218.4334,223.2687,346.6543,189.7971,345.0679
198.7492,217.5288,232.5635,219.6958,224.6768,342.7618,190.8625,340.5948
198.3051,219.4622,234.1923,220.8872,229.2572,345.1758,193.3701,343.7508
199.3004,216.5430,236.1571,218.5847,229.3768,340.9865,192.5201,338.9448
199.7555,216.6315,237.2657,218.3669,231.6363,340.0461,194.1261,338.3108
200.3554,216.1170,238.8342,216.9735,236.0560,341.7864,197.5772,340.9299
201.8622,216.3091,240.6337,216.8478,238.8771,343.2538,200.1056,342.7150
205.0109,213.6137,242.8960,214.4354,240.0569,345.3277,202.1718,344.5060
206.1586,212.3982,246.0543,213.6753,241.8426,345.2436,201.9469,343.9665
210.7971,211.4561,247.1573,212.6455,242.8870,343.1901,206.5267,342.0006
213.3787,213.3691,250.4563,214.8356,245.2664,346.0530,208.1887,344.5865
213.9838,215.4535,251.9645,216.6775,247.7977,345.9704,209.8170,344.7464
213.3800,218.5466,255.3595,219.5463,252.3966,343.9710,210.4171,342.9714
215.3246,220.5701,260.2379,221.5120,257.6695,343.9850,212.7562,343.0432
214.7738,222.7464,263.5800,223.2692,262.3044,342.3519,213.4983,341.8292
226.8317,224.1646,263.2899,228.2215,250.0673,347.0481,213.6091,342.9912
231.2697,226.1060,266.2392,230.2404,252.5470,346.0538,217.5774,341.9194
229.6245,229.6723,273.1471,232.4828,266.5255,335.0269,223.0028,332.2165
231.6480,231.6917,277.8365,234.3644,272.0539,334.2974,225.8653,331.6247
236.0071,232.4497,291.8515,236.1293,285.3477,334.8365,229.5033,331.1569
243.8945,230.2737,299.4821,236.9854,287.4103,336.9668,231.8227,330.2551
252.4425,227.0621,308.9224,237.7882,289.6963,339.0258,233.2164,328.2996
260.2566,225.8929,315.1572,238.8131,290.7934,342.3396,235.8928,329.4193
263.7772,225.6167,314.4928,234.2386,297.5677,333.7962,246.8521,325.1744
278.4709,223.7104,325.9855,236.7662,296.9769,342.3389,249.4623,329.2831
283.3758,212.4600,324.8780,221.0237,299.5284,343.8756,258.0262,335.3119
288.4914,210.7226,326.3936,216.1844,307.9013,344.5128,269.9991,339.0511
287.2726,211.5125,328.4540,217.0824,311.1073,345.3377,269.9259,339.7679
290.1945,215.2001,334.4919,222.0901,315.9183,341.5056,271.6209,334.6157
294.6921,217.1369,335.4567,220.9754,324.5390,336.9218,283.7744,333.0833
309.9464,216.2688,346.1066,222.6003,326.4378,334.9315,290.2776,328.5999
315.5824,216.9383,350.0627,221.1209,336.0210,336.8774,301.5406,332.6949
314.1386,218.7685,354.8302,222.0893,345.9636,330.7363,305.2720,327.4155
315.8212,215.6327,358.1870,218.4596,350.6042,332.0982,308.2385,329.2713
329.2615,219.6766,371.9863,222.8200,363.5733,337.1709,320.8486,334.0276
335.5770,225.5713,377.9308,229.1253,368.9168,336.5478,326.5631,332.9938
343.6752,226.3486,388.5799,230.7852,378.7706,330.0682,333.8658,325.6315
423.8697,303.4022,382.1716,308.9444,366.0309,187.5051,407.7289,181.9629
430.0158,298.1285,390.0014,306.5215,363.9002,182.0813,403.9146,173.6883
421.7939,297.1960,371.3610,300.9663,362.8281,186.8257,413.2610,183.0554
418.9349,303.1411,370.7459,304.2751,368.0898,191.4113,416.2788,190.2773
423.6163,308.4300,379.5078,312.7239,367.6083,190.4882,411.7167,186.1943
427.5227,306.0540,386.1232,312.8821,366.0521,191.1898,407.4516,184.3617
426.6505,308.8203,377.8243,311.4233,371.5517,193.7663,420.3778,191.1633
373.6298,197.2222,430.8267,200.5657,424.1755,314.3483,366.9787,311.0049
423.9782,319.0245,370.2942,319.5707,369.0533,197.6062,422.7374,197.0600
424.2428,316.6060,370.0658,319.1258,364.5561,200.6636,418.7331,198.1438
425.2124,316.0033,368.0274,318.1388,363.7424,203.3934,420.9274,201.2579
364.6380,205.8584,422.8297,206.1885,422.1989,317.3872,364.0071,317.0571
2
0
0
0
0
1
454.1519,316.2730,418.1302,320.9503,403.1137,205.3011,439.1353,200.6238
450.9934,314.8574,416.8485,319.8978,399.7781,204.2601,433.9229,199.2196
454.7856,315.8427,421.2554,323.0399,395.9580,205.1843,429.4882,197.9872
450.2232,311.4586,415.0009,318.5998,391.2361,201.3864,426.4584,194.2451
447.1918,308.6899,413.6237,315.5803,390.1161,201.0573,423.6842,194.1669
447.3424,310.5722,412.7253,318.1600,386.2873,197.5434,420.9045,189.9557
439.8865,305.1682,406.3161,311.8513,382.9777,194.6205,416.5482,187.9373
437.1830,300.8057,400.6196,307.5939,379.0228,191.2677,415.5862,184.4794
432.1606,298.9101,394.2330,304.6346,376.4460,186.7872,414.3736,181.0627
428.0624,298.2406,389.1114,303.3717,373.8123,187.2334,412.7634,182.1023
422.8728,296.7559,383.5702,300.9131,371.1655,183.6383,410.4681,179.4811
417.0104,295.6864,375.3710,298.7402,366.8974,183.1998,408.5368,180.1460
410.9356,297.2760,369.1905,299.4865,363.0222,182.9962,404.7673,180.7857
407.1783,294.8263,365.6851,296.4702,361.1880,182.9647,402.6812,181.3207
403.3058,292.7486,362.1066,293.3858,360.3955,182.7473,401.5947,182.1101
360.3359,184.8031,402.2508,185.2169,401.1323,298.5385,359.2173,298.1248
358.1063,183.2621,400.5979,184.8296,396.3711,299.4117,353.8795,297.8442
359.3514,183.5809,401.4156,186.7729,393.1310,295.9446,351.0668,292.7526
359.7607,183.2352,402.4787,187.6249,391.8242,291.3065,349.1062,286.9167
359.7999,181.6062,403.4518,187.7932,388.7614,291.4409,345.1094,285.2539
358.9216,180.5281,402.2693,186.8443,387.6131,287.4308,344.2653,281.1147
358.5606,179.2420,399.5621,186.2528,381.2280,293.4767,340.2264,286.4658
355.3857,177.0134,395.7896,183.7143,377.8480,291.8961,337.4440,285.1952
353.0974,175.3121,393.5861,181.1220,377.7282,291.6348,337.2395,285.8249
354.3154,173.1040,390.8224,177.4134,377.8734,287.1122,341.3664,282.8028
351.8231,171.5041,388.7711,174.9900,378.5070,283.7823,341.5590,280.2964
350.0927,170.6867,386.0340,173.7085,377.0685,280.3438,341.1272,277.3220
348.8292,169.2647,383.4788,170.8712,378.4250,279.8733,343.7753,278.2667
348.2403,170.8473,381.1835,171.1704,380.1165,279.9452,347.1733,279.6221
384.5158,273.5780,348.8453,275.4977,343.3744,173.8424,379.0449,171.9227
385.3174,275.2161,348.6532,277.4696,342.3033,174.1607,378.9675,171.9071
384.8571,277.2845,347.8253,278.9852,343.0840,175.7493,380.1159,174.0486
383.5404,276.9775,346.2254,277.2693,345.4214,174.4572,382.7364,174.1654
349.0037,174.8616,384.8168,175.1323,384.0464,277.0494,348.2333,276.7787
384.4751,276.2956,350.2612,277.3107,347.2679,176.4151,381.4818,175.4000
382.6069,277.1506,348.4283,277.6624,346.8907,174.9830,381.0692,174.4711
350.0177,177.1703,384.5566,178.9259,379.4823,278.7570,344.9435,277.0015
349.7608,175.0782,384.0244,177.0830,378.0713,278.8290,343.8077,276.8242
349.0586,173.7487,383.6812,176.5045,375.5167,279.0801,340.8941,276.3243
347.3481,174.8013,382.6090,177.3885,375.0791,280.0126,339.8182,277.4254
346.0487,176.5895,379.9584,179.4516,371.5746,278.7820,337.6649,275.9199
344.8603,174.9402,377.7371,177.5510,369.5411,280.7572,336.6644,278.1464
344.5140,175.0365,377.6175,177.5863,369.5943,281.7501,336.4908,279.2003
343.6235,176.0075,377.5717,178.6048,369.6357,282.3343,335.6875,279.7371
342.5545,176.0708,376.9091,178.6379,369.1004,283.1404,334.7458,280.5733
341.2778,177.1057,376.6082,179.5733,369.1766,285.9759,333.8462,283.5082
341.8791,175.7736,376.4391,178.6422,367.3420,288.2416,332.7821,285.3731
340.3420,175.8969,374.8264,178.4156,366.7698,288.7218,332.2853,286.2032
340.0150,180.1464,373.5068,182.4965,365.9245,290.5538,332.4326,288.2037
338.3695,180.0966,372.3169,182.5599,364.4827,290.5228,330.5353,288.0594
337.7259,180.2760,370.9641,182.3254,364.3421,289.7266,331.1039,287.6773
337.0588,180.2322,368.2295,181.8974,362.4399,290.2694,331.2693,288.6042
333.5203,180.2051,367.0719,181.7682,362.0443,289.6884,328.4927,288.1253
330.0679,179.2730,365.7024,180.6598,361.5813,286.5487,325.9468,285.1618
326.3394,179.4741,363.9516,180.4599,361.2620,283.0727,323.6499,282.0869
324.9925,178.5275,361.6902,179.4011,359.2663,281.2239,322.5686,280.3503
323.9534,178.1446,361.5059,179.7164,357.2392,281.6529,319.6867,280.0811
322.9041,180.0776,359.7846,180.3697,358.9721,282.9692,322.0916,282.6771
356.8284,280.9804,320.7919,281.3933,319.6016,177.5201,355.6381,177.1072
357.4591,281.9091,318.9086,282.7013,316.7138,175.9039,355.2643,175.1116
359.6915,281.5475,321.5213,284.0960,314.6114,180.6033,352.7816,178.0547
357.6528,281.8020,319.2875,283.6652,314.1630,178.1455,352.5284,176.2824
355.3820,284.7838,317.3436,286.1909,313.3318,177.7399,351.3702,176.3328
353.0815,287.9882,315.0380,288.6896,312.9603,176.0088,351.0038,175.3073
313.7481,177.7038,352.0717,177.7784,351.8566,288.2035,313.5330,288.1288
313.2124,181.8073,352.2250,182.2044,351.1301,289.7654,312.1176,289.3683
312.0493,182.0398,351.8914,182.9884,349.3375,290.2539,309.4953,289.3053
311.2914,179.8331,354.0296,182.3601,347.5673,291.6549,304.8291,289.1279
309.5935,180.7382,354.2269,183.4967,347.3958,294.0258,302.7624,291.2673
305.3729,180.7446,352.6487,183.3994,346.3849,294.9437,299.1091,292.2889
302.6040,181.6052,352.5372,184.6033,345.9178,294.8507,295.9846,291.8527
299.4036,182.0977,350.4961,184.0057,346.3387,295.3345,295.2462,293.4265
346.5078,288.6562,295.4213,289.0231,294.6713,184.6056,345.7579,184.2387
348.4093,286.2512,294.6497,288.4781,290.4555,187.2235,344.2151,184.9967
345.0084,291.2802,295.7511,295.2328,286.9379,185.4025,336.1951,181.4499
345.4960,289.1794,296.9676,293.7238,286.8014,185.1619,335.3299,180.6175
344.2194,290.6421,297.7520,295.3075,286.8790,187.0126,333.3464,182.3471
343.5572,288.6916,298.7997,293.9103,285.5635,180.3918,330.3210,175.1731
342.6934,287.0872,298.6434,292.2334,285.1111,176.4012,329.1611,171.2550
343.3776,285.4450,299.0901,291.2681,283.8875,175.6432,328.1750,169.8202
339.4043,288.7737,296.7094,292.3324,286.6968,172.2090,329.3917,168.6503
338.4800,286.5144,295.2030,289.0116,288.3719,170.6285,331.6489,168.1313
338.2454,287.0656,293.3016,288.9576,288.3554,171.4617,333.2992,169.5697
336.6283,284.6754,291.4443,285.4021,289.6682,174.9704,334.8522,174.2437
293.4814,176.7642,336.7716,177.3972,335.1533,288.0695,291.8631,287.4365
293.3288,174.4879,337.5651,176.3061,332.9504,288.5781,288.7141,286.7599
291.8932,180.1479,340.3227,183.4610,333.2089,287.4456,284.7794,284.1324
292.4922,177.3164,345.0497,181.7689,336.7494,279.7464,284.1920,275.2940
289.6470,180.1315,346.1007,185.1215,338.0991,275.6471,281.6454,270.6571
285.6976,182.7830,344.9656,186.1916,340.0002,272.5280,280.7322,269.1193
281.4732,183.1180,340.7519,183.5846,340.0981,266.6364,280.8195,266.1698
341.3865,265.9685,280.5905,267.5878,278.2590,180.0549,339.0550,178.4355
343.3007,264.3528,282.8446,268.7078,276.3821,178.9953,336.8382,174.6404
342.0732,263.8494,283.8307,268.7745,276.3087,179.8218,334.5512,174.8967
340.4289,266.5748,285.4195,271.4806,276.8230,175.0851,331.8324,170.1794
340.8064,277.3546,287.0588,280.7133,280.3684,173.6495,334.1160,170.2908
339.7845,278.9425,287.9225,281.1226,283.1646,167.9346,335.0266,165.7545
336.4211,277.1259,286.6821,277.6473,285.5105,165.8945,335.2496,165.3731
289.7536,165.1757,337.4345,166.5177,334.2304,280.3568,286.5495,279.0148
291.2937,163.1868,339.3270,165.8480,333.0270,279.5606,284.9937,276.8994
293.2626,163.5980,341.5101,167.8789,331.6261,279.2757,283.3786,274.9948
293.0229,164.2032,341.8319,168.3895,332.4782,277.4470,283.6692,273.2608
291.7600,165.5787,339.9554,168.7272,332.7857,278.4763,284.5904,275.3278
294.3727,165.7665,340.9826,168.5442,334.3820,279.2993,287.7722,276.5216
297.7278,164.0524,340.2097,166.2408,334.4623,277.8129,291.9805,275.6245
299.8513,161.7672,342.3042,164.6679,334.4214,280.0389,291.9684,277.1382
301.3137,161.2802,343.9980,163.7919,337.2282,278.8409,294.5439,276.3292
303.6948,160.0717,345.2921,162.1179,339.5755,278.3315,297.9782,276.2852
306.3826,161.4384,347.9993,163.4065,342.6029,277.5126,300.9863,275.5444
307.9619,160.2733,350.8781,161.8510,346.7446,274.2866,303.8284,272.7088
350.3427,268.0497,306.9364,268.0658,306.8974,162.4375,350.3037,162.4215
353.5425,266.0818,307.4557,267.2775,304.7127,161.5548,350.7996,160.3591
357.0547,262.7979,311.8594,264.5624,307.8963,163.0520,353.0916,161.2876
359.6346,259.1851,313.0605,260.7350,309.8725,164.9328,356.4465,163.3829
360.9758,263.7827,314.8990,265.3438,311.5276,165.8373,357.6044,164.2762
362.5784,263.3351,317.1555,264.2218,315.1836,163.2151,360.6065,162.3283
318.3215,164.1783,367.1744,164.4206,366.6692,266.2912,317.8163,266.0489
320.5978,164.6518,370.0611,165.9854,367.1438,274.1832,317.6805,272.8495
321.5707,162.7311,372.6411,164.0564,369.7368,275.9669,318.6665,274.6415
329.2645,160.9198,374.8026,161.9885,372.1401,275.4416,326.6021,274.3729
330.4055,163.5949,374.4734,164.0328,373.3619,275.8837,329.2941,275.4458
375.8824,270.4750,332.7728,271.4220,330.3632,161.7303,373.4728,160.7833
376.7757,267.9980,337.5603,270.4474,330.6029,159.0579,369.8184,156.6085
387.0418,255.1782,353.1681,263.7760,327.1294,161.1890,361.0032,152.5912
385.6412,252.5228,356.1168,261.0677,326.6924,159.4001,356.2168,150.8552
384.0392,251.4154,356.2509,259.5726,325.8506,156.0110,353.6389,147.8538
378.9701,256.1887,347.1194,262.6250,324.6648,151.5061,356.5155,145.0698
374.3590,261.6989,335.3330,264.2379,327.5477,144.5746,366.5737,142.0356
374.1847,270.5974,336.3798,273.2955,327.0132,142.0545,364.8181,139.3564
377.7845,266.4997,346.0949,271.6903,324.6715,140.8981,356.3611,135.7074
379.2653,257.1773,350.6133,263.7612,322.1578,139.9276,350.8098,133.3437
373.2648,248.0021,343.2896,252.8170,324.9494,138.6406,354.9246,133.8257
369.5414,247.7665,340.1550,250.9897,327.5467,136.0391,356.9330,132.8159
368.9015,251.4141,340.4892,254.4145,328.0352,136.4800,356.4476,133.4797
368.5114,253.4885,337.9336,256.7177,325.3258,137.3316,355.9036,134.1024
365.3880,255.6367,335.0263,257.8080,326.3578,136.5976,356.7195,134.4263
361.3123,256.0910,330.6708,256.9955,327.2276,140.3385,357.8691,139.4340
365.0433,260.9932,331.6682,262.7538,325.4954,145.7396,358.8705,143.9790
366.5056,262.4550,335.7163,265.1420,325.6995,150.3642,356.4888,147.6772
368.6735,263.0147,337.8347,266.8109,324.4329,157.9419,355.2717,154.1456
366.6540,264.1261,335.7967,267.4499,324.0913,158.7805,354.9486,155.4567
364.9025,269.0020,333.7167,271.1484,325.9353,158.0887,357.1210,155.9423
368.0987,265.1131,334.0378,268.5234,323.1823,160.1028,357.2432,156.6925
370.9005,258.7297,335.3449,263.7353,320.9746,161.6605,356.5302,156.6549
369.1388,256.4322,337.9396,260.2803,325.8568,162.3183,357.0560,158.4702
373.9599,259.8241,340.7342,265.4041,323.6106,163.4413,356.8363,157.8613
374.4145,261.1465,343.6860,266.5420,325.9360,165.4532,356.6644,160.0576
377.4841,260.3682,348.3739,267.3843,324.1353,166.8156,353.2455,159.7996
381.9995,260.2734,348.5975,269.3487,321.4835,169.5543,354.8855,160.4790
385.3108,260.8631,354.7508,271.3402,320.6008,171.7303,351.1609,161.2532
384.5312,261.1623,356.3428,270.2591,323.6574,168.9764,351.8459,159.8796
384.6054,264.3316,357.4017,273.6512,323.1630,173.7094,350.3667,164.3898
386.3209,264.1064,357.7822,274.6723,321.2809,176.0822,349.8196,165.5162
368.5265,277.6476,326.7315,281.8227,316.1641,176.0360,357.9591,171.8610
368.1796,281.5681,336.4988,284.0925,327.5958,172.3605,359.2766,169.8361
369.0458,287.5743,339.5566,289.7109,331.1583,173.7964,360.6475,171.6598
374.5396,288.4120,344.3253,292.4974,328.4966,175.4335,358.7110,171.3481
375.5422,291.3642,347.1678,295.2339,331.2473,178.4974,359.6218,174.6277
381.1602,318.8931,349.9164,322.5336,333.8719,184.8347,365.1157,181.1942
386.6387,331.9891,352.5161,336.2743,335.0445,197.1486,369.1672,192.8635
392.0635,351.0955,353.1010,354.3044,343.2487,234.6771,382.2113,231.4682
398.8737,353.0793,354.2516,357.4738,343.0421,243.6523,387.6642,239.2578
402.6025,361.2356,364.2870,365.1125,353.0070,253.6351,391.3225,249.7581
401.4851,378.2266,367.7320,379.3908,363.5604,258.4524,397.3135,257.2881
411.3995,372.3246,374.1738,376.7744,360.8411,265.2361,398.0668,260.7863
2
0
0
0
0
1
377.8231,323.8990,336.6982,324.3960,335.3647,214.0470,376.4896,213.5501
379.6759,324.8133,336.5774,325.9369,333.7105,215.9662,376.8090,214.8426
381.0592,307.9555,336.2634,310.9380,330.1733,219.4672,374.9691,216.4847
382.1461,308.4254,335.6749,312.0778,328.6372,222.5345,375.1085,218.8821
381.6096,307.6750,338.1931,310.3140,332.7293,220.4249,376.1457,217.7858
341.3115,219.1143,381.1752,221.2264,375.4716,328.8754,335.6079,326.7633
381.1205,311.5139,340.6211,315.1233,332.2012,220.6475,372.7007,217.0381
381.9986,325.0907,341.6532,327.9419,334.0331,220.1144,374.3784,217.2632
380.5104,326.4640,342.5084,328.1250,337.6245,216.3862,375.6265,214.7252
378.9218,328.8636,343.7463,329.6658,341.0580,211.7853,376.2335,210.9831
376.9836,328.4057,345.4523,328.8534,343.8026,212.6567,375.3338,212.2090
349.5312,212.0565,380.0893,212.7144,377.6578,325.6604,347.0998,325.0025
349.8928,208.7019,381.2671,209.4956,378.4002,322.8158,347.0259,322.0221
350.2638,208.8091,382.2879,209.3149,380.5000,322.4907,348.4759,321.9848
350.7852,209.9336,382.6808,210.1046,382.0758,322.9956,350.1802,322.8247
382.8950,320.7155,351.4533,321.3272,349.2991,210.6082,380.7407,209.9964
382.8831,324.2052,350.0795,324.6187,348.6591,211.9276,381.4627,211.5142
382.1244,325.6603,350.1635,326.0294,348.8354,211.0371,380.7964,210.6680
381.3807,324.9230,349.0879,325.0655,348.5819,210.4066,380.8748,210.2641
384.1174,321.7979,349.7264,322.6205,347.0553,210.9324,381.4463,210.1099
382.3089,323.1273,349.9925,323.2992,349.3878,209.6208,381.7043,209.4489
350.7264,208.7253,382.8481,209.3205,380.7352,323.3513,348.6136,322.7561
351.7147,207.9312,383.1123,208.7067,380.3800,319.3353,348.9823,318.5598
351.4174,208.5935,383.6841,210.0895,378.6053,319.6261,346.3387,318.1301
352.8636,207.4725,382.7239,209.3915,375.6827,318.9543,345.8224,317.0352
349.1378,207.7311,381.2115,208.8155,377.5037,318.4897,345.4301,317.4054
347.2039,209.0308,380.1417,209.5410,378.4153,321.0125,345.4775,320.5023
345.8638,209.6816,380.4178,210.8698,376.6882,319.3309,342.1342,318.1427
347.0553,208.5515,380.9455,210.0871,376.0765,317.5417,342.1863,316.0060
344.2798,207.7914,380.2373,208.8251,377.0909,318.2655,341.1334,317.2318
343.1334,207.3106,381.3617,208.7890,377.2051,316.2734,338.9769,314.7951
338.0871,209.9672,379.4995,210.0296,379.3357,318.8095,337.9232,318.7471
341.9070,209.6104,381.9781,210.4459,379.7958,315.1068,339.7247,314.2712
381.1548,317.5788,338.5118,318.1549,337.0342,208.7747,379.6772,208.1986
379.7081,318.2637,337.6257,318.9505,335.8354,209.2483,377.9178,208.5616
380.5826,320.0936,338.8399,321.5269,334.9579,208.4748,376.7005,207.0414
380.4041,319.1535,339.8896,321.0305,334.6451,207.8333,375.1595,205.9562
377.8779,315.1727,338.4932,316.6495,334.4086,207.7165,373.7933,206.2397
376.1597,316.9721,341.6114,318.8468,335.5709,207.5261,370.1192,205.6515
375.1700,309.1309,339.8293,309.8610,337.6894,206.2800,373.0301,205.5499
374.4706,305.7917,339.0046,306.3745,337.3029,202.8346,372.7689,202.2517
374.0582,305.5255,336.6364,305.7798,335.9612,206.4272,373.3830,206.1729
336.1698,208.0291,375.9735,210.2004,370.5311,309.9666,330.7274,307.7952
374.9104,304.9425,337.0527,306.4863,333.2953,214.3440,371.1529,212.8002
380.2441,304.6638,342.6493,310.2087,328.2770,212.7640,365.8719,207.2191
374.6475,312.9389,340.9807,313.9405,337.8434,208.4868,371.5101,207.4852
376.7300,313.1105,343.8767,314.2939,340.1270,210.1980,372.9803,209.0145
377.5205,311.9631,342.3770,313.4704,337.9140,209.4145,373.0575,207.9072
378.1758,310.0027,344.5333,312.1956,337.8401,209.5135,371.4827,207.3206
378.4693,307.3292,343.5587,310.3526,334.7948,209.1594,369.7054,206.1360
375.1849,307.2899,339.7048,309.0663,334.5591,206.2951,370.0391,204.5186
370.6818,305.9864,335.8672,306.7170,333.8546,210.8119,368.6692,210.0813
367.5891,304.6487,331.4653,304.8138,331.0396,211.6367,367.1634,211.4717
368.0324,301.1367,328.4119,303.5007,323.2479,216.9520,362.8684,214.5880
368.1028,298.5527,326.2319,302.2202,318.8159,217.5540,360.6868,213.8865
364.1983,298.5468,319.0795,300.8565,314.5506,212.3880,359.6694,210.0782
361.1886,286.6344,311.9203,288.2311,309.2483,205.7809,358.5166,204.1842
354.3630,276.2784,306.8321,278.6119,303.0190,200.9449,350.5500,198.6114
