1
103.2200,178.4600,79.8400,175.1200,84.4000,143.2000,107.7800,146.5400
99.2033,177.9876,79.0996,172.6266,87.8963,139.6390,108.0000,145.0000
95.8276,177.0690,76.5172,168.7931,89.7069,138.0172,109.0172,146.2931
85.6878,172.4435,71.8009,159.8190,96.5068,132.6425,110.3937,145.2670
85.2353,171.9412,72.7421,160.5837,96.5430,134.4027,109.0362,145.7602
85.3692,171.0462,71.8568,159.3763,95.1065,132.4556,108.6189,144.1254
84.6941,171.0235,71.0235,159.3059,95.3765,130.8941,109.0471,142.6118
84.2981,168.5844,71.3110,155.0069,98.5113,128.9892,111.4985,142.5666
83.0000,168.0000,69.0000,154.0000,96.5000,126.5000,110.5000,140.5000
83.4918,167.4098,68.2459,154.7049,93.3279,124.6066,108.5738,137.3115
83.8901,167.4546,65.8068,153.1387,90.8090,121.5571,108.8922,135.8730
83.3171,164.8537,62.8293,148.4634,87.6098,117.4878,108.0976,133.8781
82.1970,165.4150,65.6682,152.4795,91.0328,120.0692,107.5616,133.0047
81.9859,162.6846,64.3517,148.8840,89.4420,116.8242,107.0762,130.6249
97.8800,159.8400,71.1400,156.0200,75.9800,122.1400,102.7200,125.9600
82.9680,158.8240,63.5720,145.3960,86.2880,112.5840,105.6840,126.0120
81.7407,156.2637,61.4179,142.4442,84.6674,108.2538,104.9902,122.0733
82.2904,151.7547,62.1883,138.6446,85.0663,103.5650,105.1684,116.6751
83.8051,149.4909,62.8246,137.7418,82.6224,102.3885,103.6029,114.1376
83.4586,145.1592,63.0000,134.0000,81.9172,99.3185,102.3758,110.4777
83.5875,142.9555,62.8872,131.3116,82.6231,96.2255,103.3234,107.8694
82.7692,139.8461,63.8462,127.2308,87.0769,92.3846,106.0000,105.0000
84.4640,136.5520,65.7440,123.5920,89.3600,89.4800,108.0800,102.4400
84.7600,134.3200,65.8800,120.1600,90.9600,86.7200,109.8400,100.8800
84.3223,130.1718,67.1099,116.5453,93.3490,83.4013,110.5613,97.0277
86.7541,127.2951,69.2459,112.7049,95.6393,81.0328,113.1475,95.6229
88.7954,124.4761,69.7242,108.2656,96.1248,77.2061,115.1959,93.4165
89.5000,121.5000,72.5000,104.5000,101.5000,75.5000,118.5000,92.5000
84.2000,116.6000,76.1000,92.3000,114.8000,79.4000,122.9000,103.7000
91.4711,116.1879,76.7832,96.1590,108.1272,73.1734,122.8150,93.2023
89.1644,115.5119,75.0716,95.0133,107.7082,72.5756,121.8010,93.0743
91.8040,111.8280,77.5840,91.2880,109.6680,69.0760,123.8880,89.6160
93.2439,109.8049,77.3415,89.9268,105.1463,67.6829,121.0488,87.5610
92.9292,107.0620,76.3894,88.1593,103.8584,64.1239,120.3982,83.0266
93.1858,103.2124,77.2655,85.0177,102.1858,63.2124,118.1062,81.4071
92.5154,101.0523,75.9216,83.2732,100.3634,60.4608,116.9572,78.2399
91.6372,98.4425,76.0265,80.6018,100.2389,59.4159,115.8496,77.2566
93.0000,96.0000,76.0000,79.0000,98.5000,56.5000,115.5000,73.5000
88.4923,93.0615,73.5231,73.8154,99.2077,53.8385,114.1769,73.0846
88.0769,90.6154,74.8462,70.7692,100.9231,53.3846,114.1538,73.2308
90.0000,89.0000,74.5000,73.5000,96.0000,52.0000,111.5000,67.5000
89.5000,87.5000,74.5000,72.5000,96.0000,51.0000,111.0000,66.0000
88.0000,87.0000,73.5000,72.5000,96.5000,49.5000,111.0000,64.0000
87.6389,86.5297,72.5321,72.4299,93.4822,49.9834,108.5891,64.0831
79.0000,86.0000,79.0000,57.0000,106.0000,57.0000,106.0000,86.0000
79.0000,87.0000,79.0000,58.0000,106.0000,58.0000,106.0000,87.0000
80.0000,89.0000,80.0000,58.0000,104.0000,58.0000,104.0000,89.0000
80.0000,88.0000,80.0000,60.0000,103.0000,60.0000,103.0000,88.0000
83.2000,85.6000,76.4000,65.2000,100.4000,57.2000,107.2000,77.6000
83.1652,86.5505,77.2477,66.8257,101.9266,59.4220,107.8440,79.1468
87.9779,88.5801,74.1105,76.0994,93.6022,54.4420,107.4696,66.9227
87.7377,90.1148,73.0820,77.9016,92.7541,54.2951,107.4098,66.5082
81.0000,89.0000,81.0000,66.0000,104.0000,66.0000,104.0000,89.0000
80.0000,94.0000,80.0000,66.0000,105.0000,66.0000,105.0000,94.0000
95.0643,103.6917,75.4236,96.0536,88.6542,62.0322,108.2949,69.6702
95.6598,103.5155,75.9897,94.7732,89.9691,63.3196,109.6392,72.0619
101.8000,103.6000,80.5000,96.5000,90.3000,67.1000,111.6000,74.2000
89.8000,103.6000,77.9538,88.3692,104.6769,67.5846,116.5231,82.8154
104.9000,105.3000,83.9000,98.3000,92.8000,71.6000,113.8000,78.6000
111.3647,105.2588,86.5882,103.3529,88.6529,76.5118,113.4294,78.4176
90.6516,105.6346,81.9717,87.1898,111.3966,73.3428,120.0765,91.7875
108.4151,111.5472,86.7547,105.3585,95.3585,75.2453,117.0189,81.4340
110.3028,110.9908,89.5688,104.7706,98.7890,74.0367,119.5229,80.2569
112.8690,108.7481,91.8589,102.1133,101.5466,71.4358,122.5567,78.0705
115.3059,109.6235,92.7529,104.6117,99.4118,74.6470,121.9647,79.6588
100.9044,107.3248,91.9236,90.8599,120.7197,75.1529,129.7006,91.6178
121.0164,107.8197,96.4918,105.5902,98.9508,78.5410,123.4754,80.7705
102.4923,106.8615,93.5692,91.2461,123.1846,74.3231,132.1077,89.9385
100.0000,104.0000,100.0000,81.0000,127.0000,81.0000,127.0000,104.0000
116.5927,109.5341,95.6463,101.8171,105.9073,73.9659,126.8536,81.6829
116.4005,111.2317,95.1033,104.5063,104.1864,75.7431,125.4836,82.4685
115.6897,107.2759,95.0000,99.0000,104.9310,74.1724,125.6207,82.4483
103.2000,110.4000,93.0000,90.0000,120.2000,76.4000,130.4000,96.8000
115.4236,107.0536,95.3968,99.2654,105.3432,73.6890,125.3700,81.4772
116.1046,107.8740,95.7400,99.9544,105.6113,74.5710,125.9759,82.4906
110.5000,106.5000,96.5000,92.5000,115.0000,74.0000,129.0000,88.0000
110.5385,105.3077,95.7231,93.7846,112.2000,72.6000,127.0154,84.1231
111.1074,104.2752,96.2081,93.8456,111.0537,72.6376,125.9530,83.0671
115.4000,104.2000,97.0000,95.0000,108.2000,72.6000,126.6000,81.8000
112.1038,106.6132,95.2076,97.2264,108.8396,72.6887,125.7359,82.0755
111.2941,106.1765,94.8235,96.2941,109.2941,72.1765,125.7647,82.0588
113.0000,106.0000,95.0000,97.0000,107.6000,71.8000,125.6000,80.8000
105.8154,103.4769,94.9385,89.4923,117.7846,71.7231,128.6615,85.7077
109.6800,103.7600,91.4400,90.0800,108.3600,67.5200,126.6000,81.2000
112.7397,106.9726,93.1507,98.0685,105.8562,70.1164,125.4452,79.0205
125.6931,102.2173,99.7241,100.6897,101.2690,74.4276,127.2379,75.9552
115.7000,108.9000,93.8000,101.6000,104.2000,70.4000,126.1000,77.7000
104.4590,104.9508,89.6230,87.1475,115.6885,65.4262,130.5246,83.2295
111.3918,108.6186,92.9278,100.4124,107.1134,68.4948,125.5773,76.7010
114.2160,106.6183,91.9852,97.4645,104.3905,67.3373,126.6213,76.4911
110.4330,110.5258,90.0206,101.4536,104.7423,68.3299,125.1546,77.4021
114.6000,110.2000,92.7000,102.9000,103.8000,69.6000,125.7000,76.9000
118.2941,105.8235,94.0588,99.7647,101.4706,70.1177,125.7059,76.1765
116.2453,108.6415,94.5849,102.4528,103.8679,69.9623,125.5283,76.1510
116.4706,112.1177,93.8823,106.4706,102.8823,70.4706,125.4706,76.1177
116.3090,113.0056,94.2820,107.6888,103.2641,70.4775,125.2910,75.7944
115.7866,113.5373,92.8470,107.5900,102.5463,70.1787,125.4859,76.1260
116.3381,112.0243,95.1569,106.1812,105.0044,70.4840,126.1856,76.3271
117.1765,113.2941,97.4118,108.3530,106.7059,71.1765,126.4706,76.1177
104.0000,110.0000,104.0000,75.0000,127.0000,75.0000,127.0000,110.0000
100.0000,105.0000,100.0000,73.0000,129.0000,73.0000,129.0000,105.0000
122.7308,108.3462,101.0000,104.0000,108.0000,69.0000,129.7308,73.3462
101.6991,106.4867,99.5575,74.3628,129.6903,72.3540,131.8319,104.4779
109.8520,103.5640,97.3240,85.4680,126.3400,65.3800,138.8680,83.4760
109.5000,106.5000,93.5000,90.5000,121.0000,63.0000,137.0000,79.0000
109.6145,109.7930,91.8836,96.0919,116.8228,63.8176,134.5537,77.5188
112.9231,111.6154,96.3077,100.5385,119.0769,66.3846,135.6923,77.4615
119.2453,106.3585,101.2453,96.3585,118.6038,65.1132,136.6038,75.1132
109.2779,107.0594,94.6698,93.4252,121.7055,64.4584,136.3135,78.0926
108.8400,109.8800,94.9200,99.4400,119.5200,66.6400,133.4400,77.0800
120.5172,106.2069,98.7931,97.5172,111.9655,64.5862,133.6897,73.2759
130.3865,100.2189,105.0189,96.2135,110.2243,63.2459,135.5919,67.2514
123.3031,98.7309,103.9915,89.6431,118.3371,59.1586,137.6487,68.2465
123.1443,102.8131,103.8393,94.3672,119.1016,59.4820,138.4066,67.9279
120.2000,106.6000,103.4000,98.2000,120.0000,65.0000,136.8000,73.4000
120.1303,103.9686,102.3730,93.1169,120.6157,63.2652,138.3730,74.1169
123.6000,103.8000,104.4000,94.2000,118.8000,65.4000,138.0000,75.0000
120.8989,105.5618,103.1011,94.4382,119.2247,68.6404,137.0225,79.7640
105.5371,100.5284,92.0262,90.1965,110.4192,66.1441,123.9301,76.4760
103.6700,101.3159,92.6262,85.1185,121.8872,65.1678,132.9309,81.3653
132.6216,106.2703,111.0541,102.6757,116.2162,71.7027,137.7838,75.2973
111.0000,102.0000,111.0000,76.0000,136.0000,76.0000,136.0000,102.0000
106.3919,99.2952,98.4411,87.0633,126.6309,68.7399,134.5817,80.9719
109.5200,102.3600,99.5600,89.0800,125.9600,69.2800,135.9200,82.5600
119.5000,107.5000,102.0000,90.0000,123.0000,69.0000,140.5000,86.5000
115.3624,105.9463,102.4430,87.4899,127.0738,70.2483,139.9933,88.7047
113.8462,106.2308,108.5385,79.6923,132.5769,74.8846,137.8846,101.4231
113.9765,107.5335,109.1544,80.2080,133.3993,75.9295,138.2215,103.2550
98.2197,99.4277,95.4798,81.6185,128.0173,76.6127,130.7572,94.4220
110.1348,105.5843,93.4157,95.1348,108.0787,71.6742,124.7978,82.1236
129.2075,115.7736,110.3208,110.3774,119.1510,79.4717,138.0377,84.8679
117.0076,114.6066,102.2741,101.8376,122.1371,78.9188,136.8706,91.6878
129.0638,116.3054,111.5503,113.2148,117.0772,81.8960,134.5906,84.9866
105.2962,109.2070,99.8185,90.5828,127.8631,82.3344,133.3408,100.9586
131.9862,108.1655,103.6000,105.8000,105.1448,87.2621,133.5310,89.6276
108.9623,110.8679,103.9811,93.4340,130.1321,85.9623,135.1132,103.3962
112.0000,114.0000,103.8000,97.6000,128.6000,85.2000,136.8000,101.6000
110.8793,114.0517,103.7931,97.5173,130.7069,85.9828,137.7931,102.5173
114.7705,116.5246,102.9672,102.3606,125.4918,83.5902,137.2951,97.7541
109.0000,111.0000,109.0000,91.0000,136.0000,91.0000,136.0000,111.0000
108.4528,122.5849,92.6604,113.8113,106.8585,88.2547,122.6509,97.0283
101.7353,122.4412,87.3235,113.7941,100.9118,91.1470,115.3235,99.7941
97.1200,122.1600,82.6000,102.8000,99.8800,89.8400,114.4000,109.2000
102.2069,118.5173,83.9828,110.7069,92.5690,90.6724,110.7931,98.4828
113.8235,118.7059,103.1176,109.5294,122.0353,87.4588,132.7412,96.6353
117.4802,116.3020,105.3366,106.3663,124.2277,83.2772,136.3713,93.2129
118.2000,116.6000,106.1539,107.2308,124.8385,83.2077,136.8846,92.5769
116.5000,110.5000,108.0000,102.0000,128.5000,81.5000,137.0000,90.0000
116.5310,110.9724,107.7034,101.0414,129.8621,81.3448,138.6897,91.2758
120.8562,109.4058,109.8083,99.2077,129.8978,77.4441,140.9457,87.6422
117.8824,106.5294,110.1824,94.4294,134.5118,78.9471,142.2118,91.0471
117.9412,104.7647,113.1177,85.4706,140.1765,78.7059,145.0000,98.0000
124.6481,108.6781,113.3863,90.3777,137.4335,75.5794,148.6953,93.8798
124.0000,107.0000,114.6000,88.2000,138.6000,76.2000,148.0000,95.0000
123.3276,106.4310,115.3621,87.8448,139.9828,77.2931,147.9483,95.8793
122.4483,106.6207,114.7931,87.4828,141.3448,76.8621,149.0000,96.0000
124.0274,103.7397,117.0822,85.2192,141.4110,76.0959,148.3562,94.6164
124.4794,102.9452,117.5342,84.4247,141.5342,75.4247,148.4794,93.9452
124.5862,101.9655,117.4138,84.0345,141.0345,74.5862,148.2069,92.5172
124.8000,101.6000,116.4000,84.8000,140.0000,73.0000,148.4000,89.8000
124.6644,101.2457,115.5571,84.1696,139.3287,71.4913,148.4360,88.5675
125.1484,101.0415,116.0949,84.9466,139.2166,71.9407,148.2700,88.0356
124.8000,100.6000,116.6000,84.2000,139.8000,72.6000,148.0000,89.0000
125.2629,99.2835,118.4072,81.4588,142.1289,72.3351,148.9845,90.1598
126.1856,99.0825,119.3814,81.3917,141.9639,72.7062,148.7681,90.3969
126.5917,98.4201,119.4911,81.3787,142.8521,71.6450,149.9527,88.6864
128.4000,98.8000,120.2000,82.4000,143.0000,71.0000,151.2000,87.4000
128.9080,98.6142,119.9881,82.7567,142.7774,69.9377,151.6973,85.7952
128.9077,98.3385,119.8615,82.5077,142.6923,69.4615,151.7385,85.2923
130.8160,98.2285,121.2819,81.2789,143.8338,68.5935,153.3680,85.5430
130.6000,97.2000,122.2000,80.4000,145.0000,69.0000,153.4000,85.8000
132.2661,97.6824,122.4464,81.7253,145.1545,67.7511,154.9742,83.7082
133.6843,96.9045,123.4138,81.9655,145.6525,66.6764,155.9231,81.6154
136.0488,97.5610,124.4390,83.0488,146.0244,65.7805,157.6341,80.2927
135.6585,96.0732,124.7317,82.4146,146.9268,64.6585,157.8537,78.3171
137.5000,97.5000,125.0000,85.0000,145.0000,65.0000,157.5000,77.5000
136.1763,96.6040,125.3035,81.7775,147.1532,65.7543,158.0260,80.5809
137.2847,96.5812,125.8447,82.5012,147.2282,65.1271,158.6682,79.2071
140.0000,97.0000,127.5000,84.5000,147.0000,65.0000,159.5000,77.5000
140.5000,96.5000,128.5000,84.5000,148.0000,65.0000,160.0000,77.0000
141.1211,96.9963,129.0807,85.6642,148.0459,65.5138,160.0863,76.8459
141.3245,96.5359,130.3660,84.5811,151.6943,65.0302,162.6528,76.9849
143.1022,98.9620,131.1663,87.8219,150.1212,67.5131,162.0570,78.6532
144.0000,98.0000,133.0000,87.0000,152.0000,68.0000,163.0000,79.0000
145.5000,98.5000,134.5000,87.5000,154.0000,68.0000,165.0000,79.0000
147.0000,100.0000,135.5000,88.5000,154.0000,70.0000,165.5000,81.5000
148.0000,102.0000,136.0000,90.0000,155.5000,70.5000,167.5000,82.5000
148.3628,103.5575,136.4071,89.8938,158.0708,70.9381,170.0266,84.6018
145.6200,105.3400,135.4680,90.6760,159.9600,73.7200,170.1120,88.3840
146.1412,104.3647,137.4941,90.7765,162.7294,74.7176,171.3765,88.3059
144.9811,103.5660,138.3302,91.5943,165.4151,76.5472,172.0660,88.5189
144.6035,101.7414,139.5862,90.0345,168.4310,77.6724,173.4483,89.3793
143.7811,104.5193,137.6008,94.4764,167.2274,76.2446,173.4077,86.2876
143.5173,102.7931,138.7586,90.8966,169.6207,78.5517,174.3793,90.4483
141.2941,107.8235,136.0000,99.0000,164.6765,81.7941,169.9706,90.6176
141.0682,111.0071,135.2870,103.8918,158.4023,85.1106,164.1835,92.2259
140.5974,112.0639,133.3514,104.2141,154.8658,84.3546,162.1118,92.2045
139.1036,106.6062,134.0259,97.9016,157.5907,84.1554,162.6684,92.8601
138.8344,108.5787,133.3361,99.6967,159.6721,83.3934,165.1705,92.2754
141.5000,111.5000,133.0000,103.0000,152.0000,84.0000,160.5000,92.5000
137.3989,108.6907,132.0070,100.3954,156.2249,84.6538,161.6169,92.9490
135.4499,108.3075,129.6696,99.4147,154.1336,83.5132,159.9139,92.4060
136.3826,107.8322,128.8658,97.0940,152.8926,80.2752,160.4094,91.0134
133.2108,104.0649,128.4433,95.0595,152.4730,82.3378,157.2406,91.3432
132.8815,101.8917,128.5773,90.7010,154.7783,80.6237,159.0825,91.8144
132.8846,101.4231,130.6538,90.2692,157.9615,84.8077,160.1923,95.9615
2
0
0
0
0
1
127.2602,122.3383,113.6543,104.6506,147.6283,78.5167,161.2342,96.2045
128.5000,124.5000,112.0000,108.0000,142.5000,77.5000,159.0000,94.0000
118.3711,124.4136,106.6544,99.5156,148.3598,79.8895,160.0765,104.7875
118.1811,124.7865,105.0946,100.0676,145.1595,78.8568,158.2459,103.5757
123.5000,128.5000,105.0000,110.0000,137.5000,77.5000,156.0000,96.0000
113.4308,121.2461,105.7231,92.9846,147.1846,81.6769,154.8923,109.9385
128.6067,125.7686,106.5810,112.8123,128.1748,76.1028,150.2005,89.0591
111.8595,121.0433,103.3622,93.4270,144.8216,80.6703,153.3189,108.2865
111.9000,120.7000,103.0000,94.0000,145.0000,80.0000,153.9000,106.7000
115.9933,124.1708,101.2607,100.0629,141.0629,75.7393,155.7955,99.8472
113.2000,120.6000,104.2000,93.6000,145.6000,79.8000,154.6000,106.8000
113.6000,120.8000,104.7000,94.1000,147.0000,80.0000,155.9000,106.7000
114.3041,122.1907,104.2526,96.0567,146.6701,79.7423,156.7216,105.8763
122.5000,126.5000,103.5000,107.5000,135.5000,75.5000,154.5000,94.5000
115.0000,117.0000,115.0000,85.0000,151.0000,85.0000,151.0000,117.0000
117.5464,120.0206,108.5258,96.5670,148.0618,81.3608,157.0825,104.8144
138.4433,122.7526,115.3402,112.4846,131.0103,77.2268,154.1134,87.4949
134.6097,123.5384,114.1189,112.9135,133.1438,76.2227,153.6346,86.8476
136.7869,123.6558,116.8477,114.0299,134.8573,76.7242,154.7966,86.3501
136.6229,123.5291,116.9268,113.3415,136.7251,75.0647,156.4212,85.2524
138.0000,124.0000,117.2000,113.6000,136.8000,74.4000,157.6000,84.8000
139.6536,123.8779,119.0337,112.5014,140.7949,73.0592,161.4148,84.4357
140.3806,123.4896,121.0109,113.1130,142.2101,73.5411,161.5798,83.9177
138.0000,122.0000,119.5000,103.5000,151.5000,71.5000,170.0000,90.0000
141.8622,120.0263,122.7156,107.0066,148.7921,68.6586,167.9388,81.6783
142.5204,121.3234,121.8364,105.4126,150.1636,68.5874,170.8476,84.4981
156.5172,121.2069,129.4483,110.3793,145.1724,71.0690,172.2414,81.8965
142.9883,117.8471,125.2000,102.6000,155.2706,67.5177,173.0588,82.7647
147.5600,117.9200,128.6800,103.7600,155.4400,68.0800,174.3200,82.2400
147.0000,117.0000,130.0000,100.0000,163.0000,67.0000,180.0000,84.0000
149.7982,114.5149,133.6823,99.0706,164.9457,66.4480,181.0615,81.8923
150.9948,113.6344,135.5406,96.9439,169.5399,65.4631,184.9941,82.1536
151.5923,111.7615,137.1077,93.1385,174.5615,64.0077,189.0462,82.6308
153.3160,110.0120,139.4200,89.9400,178.7320,62.7240,192.6280,82.7960
152.5995,108.2317,144.1662,81.5264,190.2544,66.9723,198.6877,93.6776
155.6590,105.6492,145.5836,82.6197,190.1738,63.1115,200.2492,86.1410
156.8985,106.4213,146.9208,82.3086,193.0558,63.2183,203.0335,87.3310
157.7783,103.3439,148.5367,79.4697,194.1249,61.8226,203.3665,85.6968
158.2412,101.3996,149.8247,76.9915,195.5898,61.2104,204.0064,85.6185
159.2079,101.0936,150.0488,76.9470,194.6944,60.0125,203.8534,84.1590
155.6000,104.2000,144.2000,81.4000,191.4000,57.8000,202.8000,80.6000
156.9471,101.6882,146.6847,76.4988,193.1247,57.5788,203.3871,82.7682
152.4602,97.9026,150.4690,68.0354,197.3938,64.9071,199.3850,94.7743
156.5796,103.4499,142.3683,80.8792,186.1306,53.3251,200.3419,75.8959
155.0000,102.0000,142.4000,76.8000,188.4000,53.8000,201.0000,79.0000
159.7117,100.5291,143.6891,79.4083,183.1947,49.4385,199.2174,70.5592
158.9621,100.3155,142.3754,79.2051,182.7855,47.4543,199.3722,68.5647
159.1487,100.3919,142.6574,81.0326,182.8784,46.7703,199.3696,66.1296
160.0434,98.3572,143.7174,78.4821,184.0008,45.3922,200.3267,65.2673
164.7456,95.9754,147.8355,78.3889,182.5688,44.9915,199.4789,62.5780
165.4409,93.9776,148.6486,75.7859,184.2013,42.9681,200.9936,61.1598
164.9269,94.4010,148.0879,76.2149,186.1551,40.9675,202.9941,59.1536
167.9059,93.5765,151.2688,77.6326,186.9032,40.4489,203.5403,56.3927
167.6420,92.9744,150.7096,75.3907,189.5473,37.9915,206.4797,55.5751
168.4109,91.0832,151.0190,72.4489,190.6033,35.5036,207.9953,54.1378
170.6906,88.5458,154.3131,70.8582,193.5768,34.5030,209.9542,52.1906
176.9621,81.9552,160.9931,63.0828,195.8242,33.6103,211.7931,52.4828
175.8524,81.6230,160.3606,63.0328,196.9508,32.5410,212.4426,51.1311
172.2669,81.1459,159.7206,57.1939,202.9537,34.5480,215.5000,58.5000
176.8689,82.4426,160.9672,63.3606,198.0492,32.4590,213.9508,51.5410
175.9540,83.2786,160.0169,64.3058,198.2439,32.1951,214.1810,51.1679
176.7434,82.8496,160.2036,63.9469,197.3009,31.4867,213.8407,50.3894
176.8619,83.6243,160.8508,65.8343,197.8674,32.5194,213.8785,50.3094
175.3275,85.0885,159.7168,67.2478,198.7257,33.1150,214.3363,50.9557
176.8638,83.7998,161.0532,65.8332,198.4743,32.9026,214.2849,50.8693
175.7600,83.6800,160.4000,63.2000,200.5600,33.0800,215.9200,53.5600
178.2390,83.4159,162.1328,65.0089,199.3717,32.4248,215.4779,50.8319
178.0420,84.3983,161.5942,65.4833,199.0280,32.9322,215.4758,51.8471
182.5000,87.5000,163.5000,68.5000,197.5000,34.5000,216.5000,53.5000
177.6885,84.4262,162.5246,66.2295,201.0820,34.0983,216.2459,52.2951
176.5774,84.8346,161.6937,66.0341,200.7802,35.0907,215.6638,53.8911
175.6066,86.3279,160.4426,68.1312,199.6885,35.4262,214.8525,53.6230
176.5130,85.0669,161.8662,66.0260,200.8178,36.0632,215.4647,55.1041
177.3680,85.1784,162.3123,65.6060,201.3606,35.5688,216.4164,55.1413
177.7040,84.1280,162.9800,62.8600,202.1360,35.7520,216.8600,57.0200
176.0690,84.4175,161.4664,62.8978,202.0358,35.3686,216.6384,56.8882
175.7184,84.8953,160.9350,61.8989,202.9856,34.8664,217.7690,57.8628
176.3846,84.0769,162.2308,62.8462,202.6154,35.9231,216.7692,57.1538
174.6062,85.1036,161.0238,64.3306,202.6238,37.1306,216.2062,57.9036
176.0920,86.2440,161.6920,65.4440,202.2000,37.4000,216.6000,58.2000
174.8462,86.7692,160.3846,65.0769,202.1538,37.2308,216.6154,58.9231
175.6488,85.7188,161.0110,64.1926,201.5471,36.6280,216.1849,58.1543
174.2790,84.8283,161.4034,63.9056,202.9700,38.3262,215.8455,59.2489
173.5292,84.1381,160.8770,62.5549,203.5301,37.5513,216.1823,59.1345
172.7353,84.5588,160.0294,63.3823,202.3823,37.9706,215.0882,59.1471
171.5114,84.1546,159.2616,61.2884,202.4965,38.1269,214.7463,60.9931
169.2215,82.5848,161.0346,55.6851,208.1488,41.3460,216.3356,68.2457
169.2477,82.8257,161.1560,55.8532,208.9541,41.5137,217.0459,68.4862
170.3000,82.9000,161.5000,56.5000,208.6000,40.8000,217.4000,67.2000
167.0000,78.0000,167.0000,48.0000,214.0000,48.0000,214.0000,78.0000
172.7840,82.6183,162.2219,56.9675,206.3314,38.8047,216.8935,64.4556
171.3000,81.9000,162.3000,54.9000,207.9000,39.7000,216.9000,66.7000
168.0000,78.0000,168.0000,48.0000,214.0000,48.0000,214.0000,78.0000
172.6788,81.1168,163.0438,54.6204,207.6861,38.3868,217.3212,64.8832
175.3256,82.0849,162.4929,60.1938,203.6575,36.0628,216.4902,57.9540
174.7746,81.6611,161.4777,58.1960,203.2355,34.5332,216.5324,57.9983
174.0976,80.6855,161.5163,56.7809,203.8438,34.5032,216.4252,58.4078
172.3118,80.3597,160.7110,54.5800,204.7027,34.7838,216.3035,60.5634
167.0000,77.0000,167.0000,45.0000,212.0000,45.0000,212.0000,77.0000
169.6306,79.3439,161.4299,51.4618,206.9077,38.0860,215.1083,65.9682
169.4923,80.1385,161.6231,51.2846,207.4000,38.8000,215.2692,67.6538
185.2586,88.6034,160.7379,67.8552,189.7552,33.5621,214.2759,54.3103
165.0000,78.0000,165.0000,46.0000,210.0000,46.0000,210.0000,78.0000
166.1846,79.6769,158.4077,51.1615,206.2154,38.1231,213.9923,66.6385
164.6330,81.1101,156.1560,52.8532,205.6055,38.0183,214.0826,66.2752
164.3693,81.6348,156.5353,52.2573,206.0166,39.0622,213.8506,68.4398
161.0000,78.0000,161.0000,46.0000,210.0000,46.0000,210.0000,78.0000
162.9606,80.2932,157.3326,50.7462,205.8578,41.5033,211.4858,71.0503
163.0000,78.0000,163.0000,47.0000,207.0000,47.0000,207.0000,78.0000
163.0000,81.0000,163.0000,48.0000,207.0000,48.0000,207.0000,81.0000
164.7487,82.6451,156.7047,52.0777,201.8420,40.1995,209.8860,70.7668
161.0000,83.0000,161.0000,49.0000,205.0000,49.0000,205.0000,83.0000
160.0000,84.0000,160.0000,50.0000,204.0000,50.0000,204.0000,84.0000
157.0000,86.0000,157.0000,51.0000,202.0000,51.0000,202.0000,86.0000
159.6585,84.9268,156.1829,53.6463,201.7317,48.5854,205.2073,79.8659
157.7692,86.8462,151.7308,56.6538,197.8846,47.4231,203.9231,77.6154
155.9310,85.8276,154.0552,53.9379,197.6104,51.3759,199.4862,83.2655
155.6241,86.6104,153.7483,54.7207,196.6000,52.2000,198.4759,84.0897
154.5938,86.6892,152.8707,55.6739,195.6831,53.2954,197.4061,84.3108
153.0000,87.0000,153.0000,54.0000,197.0000,54.0000,197.0000,87.0000
154.7220,88.8976,142.9268,63.3415,188.3317,42.3854,200.1268,67.9415
152.0899,92.9438,136.8090,68.4944,182.9213,39.6741,198.2023,64.1236
151.7692,91.1538,136.2308,67.8461,177.0769,40.6154,192.6154,63.9231
153.2126,87.0536,143.0869,58.5176,192.9677,40.8179,203.0934,69.3540
150.4281,84.6139,147.8331,52.6081,196.1103,48.6938,198.7054,80.6996
150.4215,85.3759,148.6835,54.9609,194.6761,52.3328,196.4142,82.7478
148.3940,86.1835,147.6084,57.8998,193.6006,56.6222,194.3863,84.9059
149.0000,85.0000,149.0000,60.0000,194.0000,60.0000,194.0000,85.0000
148.0000,86.0000,148.0000,61.0000,194.0000,61.0000,194.0000,86.0000
150.0000,88.0000,150.0000,56.0000,194.0000,56.0000,194.0000,88.0000
152.7423,96.0878,146.1539,64.2440,190.5633,55.0559,197.1516,86.8997
148.0000,87.0000,148.0000,57.0000,193.0000,57.0000,193.0000,87.0000
148.0000,89.0000,148.0000,57.0000,193.0000,57.0000,193.0000,89.0000
190.2968,91.1996,144.6694,85.3122,148.4933,55.6766,194.1208,61.5640
147.0000,89.0000,147.0000,60.0000,192.0000,60.0000,192.0000,89.0000
189.8494,90.1224,143.6200,85.3400,146.5247,57.2612,192.7541,62.0435
189.1491,90.4757,144.5041,83.2748,148.8600,56.2678,193.5051,63.4686
189.5507,89.2324,143.7963,83.3286,147.3501,55.7871,193.1044,61.6909
146.0000,89.0000,146.0000,62.0000,191.0000,62.0000,191.0000,89.0000
188.3400,90.6200,142.8400,84.1200,146.6200,57.6600,192.1200,64.1600
187.5332,90.3210,142.5212,81.9854,147.1963,56.7401,192.2082,65.0756
188.0811,90.5135,143.1622,83.0270,147.4865,57.0811,192.4054,64.5676
188.5538,90.5692,142.6462,84.8308,145.8769,58.9846,191.7846,64.7231
187.6147,91.7156,142.4587,83.8624,147.1266,57.0220,192.2826,64.8752
186.8829,91.5463,141.7414,81.8732,147.1268,56.7415,192.2683,66.4146
186.8552,94.0948,141.9700,84.7438,147.3694,58.8270,192.2546,68.1780
187.9411,92.2353,141.9165,87.4741,144.5671,61.8518,190.5918,66.6129
187.5663,96.1419,141.2294,87.5610,146.0968,61.2772,192.4337,69.8581
187.5600,97.0800,140.8000,90.4000,144.3800,65.3400,191.1400,72.0200
187.5692,99.4462,141.4154,93.6769,144.7231,67.2154,190.8769,72.9846
186.8154,102.2869,140.9529,93.4102,145.9900,67.3852,191.8526,76.2618
187.0755,102.2642,141.1887,93.6604,145.8415,68.8453,191.7283,77.4491
187.5000,104.5000,140.9615,95.1923,145.9231,70.3846,192.4615,79.6923
