1
284.7700,251.1116,43.9735,44.1154
286.1476,251.7495,43.1889,45.0749
288.2964,252.8853,43.0194,45.6968
288.8057,253.4024,42.7828,45.6476
289.4808,255.5723,41.3565,46.1983
289.2362,256.5774,41.3076,45.6198
289.5230,258.4833,40.9603,45.9593
289.5687,260.7287,40.6909,45.9664
289.2266,261.6300,40.0495,47.7600
287.1671,264.1802,40.0077,49.0751
285.5476,261.3598,39.9936,50.5190
283.7084,263.6986,38.8872,51.8892
282.5014,262.5413,37.6532,51.0600
282.3658,264.3489,36.7487,50.7823
282.1209,264.8400,36.0505,50.9528
282.9917,266.1907,35.2678,52.0760
283.7767,266.3568,34.8775,52.9559
282.8818,266.6118,35.1819,52.8236
283.5515,268.0740,34.5317,53.7331
284.8902,269.1890,34.3588,53.6504
285.2405,266.9386,33.7124,53.5288
286.0982,264.5521,33.0500,54.8928
286.0246,265.0039,33.1081,55.0882
286.2176,262.5980,32.4213,54.7813
284.1549,265.3040,32.9217,54.6412
283.3349,267.3177,34.0043,53.8695
282.2119,267.7940,34.8726,53.6294
281.4546,269.0851,34.7768,54.7305
281.9273,267.2296,35.1521,55.8783
279.6995,266.6192,35.6457,56.2896
280.7766,271.2866,35.1838,57.1644
279.0567,273.4831,35.5419,56.3159
278.7279,270.7636,35.8346,57.0565
279.3814,273.1451,35.7509,56.3469
278.7104,271.1705,35.9789,55.2198
279.6199,273.2375,35.5634,55.5099
280.1802,275.2315,35.4624,56.0915
281.9247,271.5900,34.9031,57.4659
280.4501,271.3323,35.0269,59.2989
281.9436,270.1282,35.2871,57.3776
281.0862,271.9199,36.2340,55.8815
280.3064,269.9153,36.6129,54.7023
280.5162,268.2871,36.9186,54.4842
278.7372,266.3107,37.6812,53.4776
279.1920,267.3449,37.5217,53.4306
277.5628,265.5582,37.4623,52.7292
276.1140,266.2669,37.7360,52.8429
274.2780,264.7602,37.7598,53.1114
274.2401,266.0207,37.3004,53.5426
275.1302,267.7526,37.6576,53.5375
274.6366,267.7476,37.9965,53.5844
274.3867,266.5170,37.3233,54.5678
273.3849,267.9231,37.4324,54.4573
272.5520,268.4431,37.6836,54.1421
272.4026,269.2490,38.0218,53.6678
272.2913,268.5129,38.1497,54.0662
270.0552,268.9723,38.4846,53.7767
269.5908,269.4401,38.4071,53.2503
268.8965,268.9715,37.8459,53.5934
268.6187,268.4201,37.6147,53.7265
267.8921,268.6300,37.6737,53.7701
263.7832,268.0403,37.9262,53.7119
262.7495,268.5043,38.0440,53.6334
262.1443,268.6341,38.1383,54.5298
261.6852,268.6466,37.8295,55.7063
260.0380,270.0634,37.7949,56.1419
258.6804,269.7920,38.4617,56.0641
253.6987,267.7177,38.0081,54.9362
252.5863,269.0071,38.6233,54.4741
251.3948,270.4094,39.0406,53.7742
250.0904,269.4203,39.1241,53.5619
248.0202,269.4053,39.2362,53.2466
246.1815,269.4543,39.4791,53.1027
245.5266,269.1568,39.4852,53.2086
244.2495,268.2301,39.4176,53.5587
244.5438,268.7102,39.4170,53.4667
244.3865,268.3871,39.0995,53.8359
246.3802,269.2849,38.4537,54.5366
250.3950,269.7186,37.7529,56.1498
250.0685,268.2606,38.6077,55.7209
250.8639,267.9783,38.5712,55.7798
252.1508,268.5497,38.1876,56.1263
253.0383,269.0319,38.1786,55.9189
253.3726,270.6036,37.9700,56.2419
254.4473,271.1105,37.9931,56.0649
254.9339,271.3241,37.8458,56.1099
254.3056,269.9602,37.9868,55.4588
253.2916,271.7011,38.1437,55.0768
253.0563,270.3702,38.0042,55.6563
252.1105,271.1030,38.0196,55.0764
250.9815,270.8315,38.2131,55.0978
250.4764,271.3906,38.1797,55.0947
249.6232,270.3468,38.1904,55.2079
249.2696,269.7931,37.8832,56.1308
248.6318,266.4705,37.2265,57.5916
245.3898,267.2178,38.6006,55.7986
243.6274,266.3401,39.0730,54.7698
242.6963,263.8017,39.5227,54.0722
240.9417,265.5340,38.6965,54.5568
241.0229,265.5956,38.7526,54.8478
248.1535,277.3893,40.9384,54.0402
261.6073,298.2951,43.3331,52.2370
277.3270,308.0624,46.0157,49.9848
298.5499,316.5134,47.1218,49.3744
320.1421,329.2482,49.6652,47.1629
338.6762,335.9264,50.8025,48.1525
343.7182,333.0559,50.1978,49.9680
350.7406,332.3508,49.9163,50.1403
355.4906,332.3744,48.4981,50.1367
359.4379,328.2643,48.1857,49.0658
362.5829,320.5434,47.7831,48.5532
368.4414,319.8541,47.6384,47.8508
370.3749,321.1731,46.0778,47.0655
367.3927,319.4988,45.4463,46.3022
365.2259,321.2249,44.5092,46.0480
365.8951,323.1450,43.9443,46.1768
364.3224,324.9924,43.2412,46.5957
362.5163,326.5489,43.1619,45.7586
360.3424,327.8134,42.6527,45.7675
360.7303,328.2315,41.9701,45.9934
358.9643,327.7014,41.8439,47.0620
353.6494,328.8148,42.1898,47.1194
350.4389,328.5056,43.0519,46.3984
345.1931,326.4550,43.5928,45.6386
337.4484,323.7496,43.5179,45.7873
331.7820,320.2740,43.3560,46.0527
332.2864,321.2595,43.5313,46.0806
334.0252,322.9541,43.7968,46.5144
332.8680,321.7758,44.4204,45.7256
328.5845,319.7401,45.0111,45.3595
329.2072,319.8627,44.9573,44.7591
328.3282,320.4152,45.0328,44.1429
329.5880,319.9991,45.0892,43.4819
329.3651,316.0336,45.3593,42.4211
324.4343,311.1606,45.3456,43.9115
320.7996,308.7959,45.3879,44.2850
319.4301,309.9175,45.7368,44.3627
318.1555,311.7841,45.8666,44.0768
311.3641,312.5021,45.2041,44.7964
304.8232,316.9081,44.5974,46.0225
302.9689,319.4629,46.5870,44.7632
304.6961,320.5231,47.3890,44.2181
303.3955,320.8883,47.4205,44.6479
303.2223,319.6003,47.6692,44.1442
305.2427,316.5159,47.2497,44.3475
306.6540,310.9318,46.9258,45.2616
308.5134,306.8085,47.1992,45.3320
309.0969,302.9999,46.4395,47.7209
310.5458,298.8517,48.4836,45.4511
311.5571,295.9316,48.6021,44.9146
314.5760,294.5007,48.2379,44.4128
315.0107,293.6881,47.7895,44.1880
315.7747,294.4416,48.1379,43.2192
315.3944,294.4631,47.9376,42.9045
316.6274,290.5945,47.2344,43.6399
319.0500,288.8107,47.0090,44.9214
320.4062,286.2578,46.7060,45.7805
322.2587,284.6120,45.3176,46.2673
323.4181,283.6730,44.4069,46.5913
323.0110,282.0661,42.4692,47.2717
324.9043,276.2912,42.5956,47.7049
326.2064,275.6865,42.4903,47.8160
325.7509,274.8631,43.9435,46.5052
325.9307,274.5123,44.9808,45.6516
326.3889,274.7258,45.6806,45.2441
327.2635,272.1570,45.9826,45.8917
328.2067,270.5590,46.3580,45.9061
328.6959,268.9355,46.0435,45.5217
331.7695,267.8153,45.6855,45.6280
333.8508,267.6559,44.5600,46.5678
334.9738,268.7180,45.0755,45.9320
335.6834,268.5443,45.5335,46.1030
334.8990,269.8063,45.0540,46.3669
335.1835,269.2250,46.0122,45.6059
334.3021,267.1843,44.4861,46.8833
335.1520,265.4563,46.3044,44.9697
335.7710,263.5642,45.4118,46.4756
333.8411,259.9014,44.4191,47.5317
333.7728,255.1384,44.1889,47.4084
334.9715,252.5218,43.5854,46.7055
336.0459,250.8285,43.3682,46.4202
341.8917,245.6800,44.8150,46.2138
342.3255,246.0211,43.9491,46.4446
347.6328,246.5616,44.1938,46.3938
347.8771,246.8010,44.7745,46.0393
348.2001,248.7010,43.7127,46.3055
349.9210,244.7373,42.9658,45.8276
351.6739,244.6432,43.6230,44.4044
353.8731,245.0439,41.8578,44.6098
354.9561,246.3199,40.9855,45.8324
355.1479,245.9130,40.2966,46.1279
357.0277,246.0156,40.1551,46.0615
356.7326,246.6374,39.7707,46.2089
357.5086,246.1832,39.9242,46.0042
358.9626,246.1929,40.9009,45.4844
360.5736,245.1168,41.1922,44.9483
363.0984,240.6269,41.5269,44.5994
364.8791,240.4348,41.1397,44.1633
387.8254,242.7566,41.3232,45.2111
390.7415,247.7820,41.8424,44.4284
388.9694,247.8095,42.5999,43.5637
391.9114,251.8815,43.0158,42.5199
386.8822,240.0439,43.3940,42.5955
389.1205,233.5394,41.9671,44.2566
396.2431,227.7362,37.7790,49.2972
397.2235,228.4445,34.9804,52.8380
397.5271,229.9191,33.5066,55.3062
398.5530,227.1934,32.4088,58.0296
398.4248,229.6565,32.6085,58.2663
367.3134,242.9129,32.7478,56.6384
366.0659,243.4917,33.2745,54.5259
365.3572,244.9785,33.3542,54.4177
359.4287,247.8023,33.4060,52.9873
358.9066,246.7582,33.1902,51.6159
357.8523,244.7341,33.4767,49.9568
359.6913,242.4829,32.0268,50.9266
357.5934,240.9294,32.0649,50.8242
355.5364,242.6345,32.8343,49.9367
354.0237,243.0859,32.8940,49.5046
351.0805,242.3906,33.1127,48.9158
346.3573,240.4671,33.4480,48.3181
345.0805,240.1023,33.7143,47.7183
343.1539,240.7512,33.4525,47.2429
341.8134,239.4785,33.3336,46.9157
341.3424,239.2671,33.3148,46.6756
340.3928,239.2709,32.9974,46.8900
341.1281,238.5206,32.9867,46.9739
341.9784,237.4109,32.4278,46.8675
342.5637,237.3281,31.2902,48.2973
342.8036,234.3907,31.0857,48.7232
344.0523,231.6281,31.2388,48.2705
344.1329,230.3700,31.3692,47.7175
344.5015,229.1939,31.2057,47.5012
344.8291,227.8888,31.2785,47.0929
346.7233,227.0291,30.2989,47.4413
347.1774,226.9998,30.0927,47.4052
348.4530,227.0753,28.7128,48.2210
348.5398,226.5900,27.1198,49.6153
349.4867,225.9328,26.1454,50.2530
349.5812,225.6860,25.7501,50.1880
349.4846,223.8948,25.6834,49.6803
349.6391,215.9982,25.7927,50.3739
350.0395,216.0469,24.6272,51.0801
350.3246,215.8534,26.3852,50.0646
351.9115,215.3312,26.0369,50.8925
351.9507,214.6465,27.0092,49.9983
351.7865,214.7918,28.1183,48.7704
352.3378,213.7442,27.5730,49.8076
352.8296,212.1422,27.7635,49.9488
353.7537,211.4279,28.0426,50.0226
353.8076,210.8993,28.0884,49.9511
353.6293,210.6952,27.8876,49.6587
354.9349,205.9270,27.3127,51.3302
356.5248,204.9652,27.3444,52.3880
357.5025,205.2451,27.6762,53.5322
358.6290,210.1389,27.4766,54.8462
364.3338,209.6206,28.4632,54.6523
366.3355,208.2852,27.7302,53.9507
366.3402,214.4681,28.8795,53.7755
366.0726,223.1647,28.8514,52.9695
362.0671,225.8589,29.0778,52.8766
357.8043,228.0974,29.7048,52.9992
354.0215,229.4143,29.6593,53.8692
354.1118,228.8970,28.8864,54.8632
350.7574,230.4046,28.5010,55.6013
351.9995,231.5170,28.3867,56.5359
352.1823,230.2103,28.3062,56.7628
352.9801,229.5284,27.8010,58.0864
353.7363,230.1617,27.7076,58.2291
354.5947,229.5946,28.0069,56.0180
355.1218,230.1545,27.8085,56.4576
356.2511,233.6327,27.2638,55.6339
357.3028,232.2386,26.8473,55.4013
372.6969,227.3530,26.5115,56.1934
383.5476,239.8781,26.6546,56.3910
390.1437,237.6763,26.8046,57.4376
391.3141,237.2006,27.0074,58.2642
2
0
0
0
0
1
361.1349,234.6924,33.8114,37.3593
362.8500,236.3939,34.3090,36.1496
364.4625,237.2941,34.2878,35.8436
364.8540,237.8844,34.3934,35.9358
366.6549,238.8058,34.4397,35.8689
367.8239,239.1783,34.0289,36.1026
368.6361,240.5034,33.9405,35.9019
370.0870,241.1713,33.9521,36.0294
373.1331,236.6980,29.1467,41.3768
355.3836,230.5088,27.5674,42.5525
360.4589,226.3113,26.3690,43.0811
365.4668,226.9388,24.9380,44.2876
366.2002,223.5147,24.3270,44.6335
370.9067,219.5660,23.6332,44.1627
358.2560,208.6796,23.1885,43.7151
362.5975,225.4416,25.9461,39.1677
362.3186,227.3099,27.6937,36.3421
362.3048,229.4763,28.3100,34.2573
365.6779,227.1824,28.4786,32.8837
365.0824,228.2625,28.3987,31.8921
362.8100,224.5143,26.1309,33.5184
364.2517,225.9581,24.7224,34.3271
365.0577,222.2020,23.5945,35.2162
2
0
0
0
0
1
380.0877,235.2260,40.0708,46.9352
380.2507,234.4856,40.1240,48.4839
380.8354,233.7294,40.5315,48.6227
381.1646,233.8431,40.6528,48.5324
381.6580,235.1527,40.3419,47.9123
382.1767,234.6061,40.4756,48.0932
381.9511,233.6488,39.5683,48.1688
382.0363,234.6046,39.1416,47.8874
382.2275,232.1785,38.5962,48.2302
383.7938,231.5874,39.5497,48.6094
385.2346,227.4134,37.4292,50.5329
383.1897,233.7206,40.1025,49.5566
382.3463,227.7276,41.0136,48.0588
384.2350,226.7134,41.0995,47.1705
382.1653,223.6264,43.2168,46.9607
368.3252,232.5936,43.2193,47.6013
361.8740,235.6145,44.5340,47.1763
359.4707,235.5490,45.0293,47.4550
357.1730,234.7568,45.2634,48.0004
354.6674,234.8577,45.7502,49.0432
354.8947,234.1077,46.5877,49.2570
355.2293,234.7977,45.7635,49.6802
354.8595,235.9203,45.5034,50.0028
354.0865,235.8990,45.2391,50.5257
354.7238,233.4554,44.5850,50.9528
351.8171,233.8405,46.3738,49.2785
352.9117,229.7604,44.5273,49.1248
354.9953,229.7717,42.9417,49.9709
