1
168.7467,201.1204,183.4971,228.3743,154.1247,244.2711,139.3744,217.0172
178.3470,216.4794,178.1839,244.8381,145.7820,244.6518,145.9450,216.2931
175.7636,218.9359,177.0216,248.6150,145.6296,249.9456,144.3716,220.2665
173.9685,218.5830,170.4715,247.9105,137.9913,244.0375,141.4883,214.7101
162.6821,215.4688,163.4316,245.7469,130.6731,246.5579,129.9236,216.2798
152.8380,219.8199,152.5858,250.0028,119.6470,249.7276,119.8992,219.5447
142.2884,221.4208,140.8675,252.7565,107.3173,251.2351,108.7382,219.8995
135.9800,219.6641,135.2835,250.9930,100.2922,250.2150,100.9887,218.8862
130.9810,205.9691,134.3934,237.7754,96.0788,241.8861,92.6664,210.0798
143.3005,215.2615,121.7123,239.9886,93.9777,215.7747,115.5658,191.0476
139.8257,186.2081,157.1174,205.6680,127.4115,232.0641,110.1198,212.6041
2
0
0
0
0
1
231.2378,220.6753,243.7713,252.9902,208.4276,266.6984,195.8941,234.3834
235.5361,218.1018,252.5445,229.9437,234.2111,256.2756,217.2027,244.4336
272.3557,236.1060,250.7289,239.1473,245.0930,199.0704,266.7198,196.0291
295.7746,185.3173,309.8236,194.3177,288.0865,228.2478,274.0374,219.2474
2
0
0
0
0
1
303.1406,235.0407,334.1520,237.0417,331.8779,272.2856,300.8665,270.2846
289.2622,233.6243,321.1225,239.7471,314.8530,272.3713,282.9926,266.2485
300.6729,221.6272,305.5290,251.3539,270.1625,257.1312,265.3065,227.4045
302.2478,222.7289,286.8744,247.9430,255.5292,228.8314,270.9026,203.6173
306.6198,250.6254,276.4843,261.6065,264.9258,229.8865,295.0613,218.9054
2
0
0
0
0
1
2
0
0
0
0
1
295.4577,242.7058,322.7575,260.7628,304.0468,289.0509,276.7470,270.9938
2
0
0
0
0
1
464.8152,253.4821,464.0540,284.2653,429.3091,283.4060,430.0704,252.6228
449.9684,276.7840,418.6768,278.8530,416.4138,244.6277,447.7055,242.5588
408.5074,225.0477,439.3704,227.1828,436.9711,261.8661,406.1081,259.7311
430.6545,210.4341,446.8827,237.6391,416.3011,255.8816,400.0729,228.6766
455.6935,183.4828,469.9812,199.5396,439.7946,226.4006,425.5068,210.3439
467.8338,187.4272,483.4121,197.8195,461.0273,231.3751,445.4490,220.9828
494.0802,216.8025,495.9172,250.0715,455.9740,252.2770,454.1370,219.0080
506.7229,249.6029,474.7773,249.6102,474.7692,214.3302,506.7148,214.3229
491.0114,218.8010,518.3751,226.4776,509.1549,259.3433,481.7913,251.6667
501.8133,225.2242,511.2197,253.3208,480.8050,263.5032,471.3986,235.4066
471.9203,186.9880,486.1818,211.4358,459.2900,227.1230,445.0285,202.6751
2
0
0
0
0
1
421.6232,299.9782,388.8247,305.6183,381.5436,263.2770,414.3421,257.6369
394.5980,282.2512,407.5836,312.8858,371.9899,327.9735,359.0043,297.3388
2
0
0
0
0
1
358.8754,192.7677,390.4489,213.1082,370.2513,244.4597,338.6779,224.1191
369.6250,179.5199,388.9232,210.2378,358.0602,229.6272,338.7620,198.9093
371.0562,179.9066,387.7610,210.7078,351.7542,230.2359,335.0494,199.4346
386.1518,205.1154,369.3485,232.7732,337.2856,213.2935,354.0888,185.6358
376.4710,227.0262,343.1068,238.9645,330.4197,203.5078,363.7840,191.5694
330.9786,192.1692,360.5753,196.2546,355.0811,236.0572,325.4845,231.9718
321.3341,168.6349,356.9796,170.9701,354.1968,213.4472,318.5513,211.1119
2
0
0
0
0
1
358.5453,314.6619,319.4505,316.9824,316.7411,271.3371,355.8360,269.0166
2
0
0
0
0
1
389.6794,262.2960,352.6535,268.4897,346.0242,228.8604,383.0501,222.6666
396.9014,265.7098,372.7163,297.1799,339.4958,271.6496,363.6808,240.1795
400.4297,306.1232,372.1043,335.2722,341.1514,305.1939,369.4768,276.0449
2
0
0
0
0
1
355.9829,336.4313,355.1099,359.9351,306.1632,358.1170,307.0363,334.6132
2
0
0
0
