1
218.3960,343.0396,118.7921,333.0792,140.1287,119.7129,239.7327,129.6732
211.8997,344.2774,110.8721,331.2416,137.6766,123.5067,238.7042,136.5425
212.9080,342.3300,113.9512,333.1955,133.0073,126.7546,231.9641,135.8890
210.0859,341.2413,111.9034,332.8854,129.5357,125.7051,227.7182,134.0611
125.8327,338.6146,123.1956,127.6475,220.6054,126.4299,223.2425,337.3969
135.1337,341.3506,117.3806,135.4155,214.7604,127.0206,232.5134,332.9557
133.7742,343.1082,115.8876,140.3923,214.5313,131.6884,232.4180,334.4043
129.0963,344.7142,114.7906,139.6658,210.1405,133.0134,224.4462,338.0619
123.1726,346.4101,111.8595,135.9861,202.4685,131.1146,213.7816,341.5386
197.5290,344.6750,110.4715,343.2932,113.9083,126.7763,200.9657,128.1582
184.4353,347.3412,99.7058,340.8235,116.3588,124.3353,201.0882,130.8530
179.3299,347.2577,88.0876,338.4278,108.9794,122.5464,200.2216,131.3763
177.0693,348.3069,86.5743,339.2574,108.1782,123.2178,198.6733,132.2673
96.0000,347.0000,96.0000,132.0000,187.0000,132.0000,187.0000,347.0000
172.9236,351.9677,83.1934,344.8837,100.4770,125.9587,190.2072,133.0427
170.7389,353.6469,82.7740,346.9829,99.4825,126.4305,187.4474,133.0945
169.7365,354.7421,82.5912,348.6051,98.0363,129.2843,185.1816,135.4213
169.2927,356.7603,83.4680,350.5412,99.3696,131.0993,185.1943,137.3185
166.3096,356.9400,80.3940,349.4691,99.4747,130.0413,185.3902,137.5122
167.3384,358.5447,80.9003,351.9798,97.7207,130.5105,184.1588,137.0754
168.8186,359.7213,82.4690,353.9647,97.4248,129.6284,183.7744,135.3850
92.0000,359.0000,92.0000,115.0000,178.0000,115.0000,178.0000,359.0000
92.0000,360.0000,92.0000,139.0000,178.0000,139.0000,178.0000,360.0000
167.2509,362.6374,81.5211,356.6001,96.8814,138.4846,182.6111,144.5219
91.0000,363.0000,91.0000,141.0000,176.0000,141.0000,176.0000,363.0000
91.0000,363.0000,91.0000,137.0000,176.0000,137.0000,176.0000,363.0000
91.0000,364.0000,91.0000,142.0000,176.0000,142.0000,176.0000,364.0000
171.8162,364.7073,86.9621,362.3825,93.1050,138.1672,177.9591,140.4920
91.0000,364.0000,91.0000,142.0000,175.0000,142.0000,175.0000,364.0000
95.2384,367.3918,89.8738,144.7621,174.8365,142.7148,180.2011,365.3445
95.7431,367.6235,89.8061,150.9231,174.6192,148.5995,180.5562,365.2999
95.8490,367.6381,89.6896,148.9806,174.4393,146.5933,180.5986,365.2507
95.9940,368.7943,89.9118,162.0026,174.7208,159.5082,180.8029,366.2999
96.9054,369.6884,90.8874,159.0604,174.6191,156.6680,180.6370,367.2961
98.5363,370.6124,92.9129,159.7356,175.7607,157.5264,181.3841,368.4031
98.9070,371.7455,92.8263,158.9193,175.5587,156.5555,181.6395,369.3817
98.2036,372.0135,94.6625,163.0905,177.1304,161.6927,180.6714,370.6157
100.0236,373.7903,93.7904,164.9764,176.6419,162.5032,182.8752,371.3171
101.0585,373.8732,94.5327,165.0459,176.5151,162.4839,183.0410,371.3112
100.9972,373.9078,94.5389,164.0142,176.5689,161.4902,183.0272,371.3838
101.3286,374.0220,94.4475,164.1493,176.4086,161.4620,183.2897,371.3347
104.9888,376.0406,93.8709,167.5802,175.0932,163.2484,186.2111,371.7087
104.4295,376.7330,94.2247,169.2348,175.6507,165.2303,185.8555,372.7284
107.6546,377.4064,91.0087,172.1074,173.2787,165.4369,189.9245,370.7358
115.0363,379.6616,86.5011,174.2082,171.7456,162.3687,200.2809,367.8221
114.6419,379.3144,87.1485,173.1135,177.6725,161.0437,205.1659,367.2446
116.2973,367.7838,83.7568,172.5406,182.6757,156.0540,215.2162,351.2973
109.6815,329.4202,82.3370,169.2595,199.0803,149.3278,226.4249,309.4884
126.2385,342.0152,44.9050,256.2453,163.3470,143.9296,244.6805,229.6995
129.0544,346.7342,47.1328,262.0356,169.9882,143.2082,251.9099,227.9068
122.7164,340.0618,53.5480,254.1975,192.8479,141.9836,262.0164,227.8479
115.4585,336.4910,58.5668,247.9928,215.9025,146.8484,272.7943,235.3466
111.1988,338.7911,49.0536,247.7927,212.1720,136.3947,274.3172,227.3931
94.1385,333.2628,69.9446,205.1771,253.5708,170.4922,277.7647,298.5778
106.7883,347.2133,56.7525,223.4405,235.6817,151.1074,285.7175,274.8802
105.3321,347.6254,66.0416,207.9258,247.7322,156.8253,287.0226,296.5249
116.4040,352.0141,58.9458,222.3649,231.5075,145.8887,288.9657,275.5379
119.4068,350.4246,57.5585,221.8453,229.0353,139.3627,290.8835,267.9421
112.2096,342.3316,84.1393,190.7520,257.3117,158.6830,285.3820,310.2626
121.3000,342.9000,74.6000,202.8000,245.0000,146.0000,291.7000,286.1000
124.7983,335.4653,68.6553,215.4354,235.5061,137.3923,291.6491,257.4222
115.3014,320.1370,74.1233,210.3288,248.6986,144.8630,289.8767,254.6712
125.6397,325.8729,72.1595,220.3980,237.8225,136.3999,291.3027,241.8747
124.8143,327.2274,70.3596,222.8559,236.9302,135.9495,291.3849,240.3209
120.2864,328.7988,70.5141,218.0154,238.6007,142.4982,288.3729,253.2817
121.8021,328.1989,68.2274,225.2789,233.0675,139.4717,286.6422,242.3917
121.5201,331.7695,65.9345,224.8741,229.3476,139.8993,284.9332,246.7947
120.6295,330.8272,63.1120,226.3876,225.4650,136.9758,282.9825,241.4155
123.8145,339.2518,59.9414,230.4947,221.5485,135.5826,285.4217,244.3396
226.8091,323.8692,89.3943,311.6932,104.5183,141.0079,241.9331,153.1840
124.8648,337.5021,62.1779,228.6248,221.5110,136.8876,284.1979,245.7648
122.9639,337.9075,61.0286,228.1935,220.5725,138.1284,282.5078,247.8424
122.9096,337.5438,61.7015,230.0161,221.7381,138.9183,282.9462,246.4460
120.4768,339.2224,60.2696,229.4328,222.7344,140.3392,282.9416,250.1288
118.2252,348.8025,53.3414,236.2101,221.3584,139.3867,286.2422,251.9791
188.8396,351.1365,68.4143,289.8291,151.9659,125.7099,272.3912,187.0173
193.8836,348.8562,69.2671,292.2123,144.3356,127.0616,268.9521,183.7055
194.7480,348.8544,67.7266,293.1433,140.6422,126.8958,267.6636,182.6069
192.6984,350.9715,68.0760,293.2759,145.1375,126.8229,269.7599,184.5185
193.0990,351.0099,67.2218,294.5822,141.7980,128.2198,267.6753,184.6475
189.0567,352.0947,66.8790,294.1121,145.3250,128.8152,267.5027,186.7979
184.4513,351.4937,65.7387,294.1842,145.7965,128.3501,264.5092,185.6596
182.1124,354.3546,66.4649,294.3892,151.5546,130.2876,267.2021,190.2530
108.9325,348.5147,46.6970,243.6035,215.7860,143.2964,278.0215,248.2076
186.2758,353.8573,67.1157,296.3318,146.5661,131.7561,265.7261,189.2816
109.2256,350.6045,47.2571,245.6023,216.9677,145.4453,278.9362,250.4475
185.2954,356.2858,67.6320,296.4570,150.6747,133.1397,268.3380,192.9685
184.8913,358.0803,66.8240,298.0461,150.0721,134.3249,268.1394,194.3591
178.6804,359.3540,68.0433,295.5249,160.7902,134.7635,271.4273,198.5927
180.7134,359.0255,67.5605,297.3057,155.6879,135.7388,268.8408,197.4586
176.8012,361.2480,66.9234,297.3191,161.1136,135.4297,270.9913,199.3586
177.0726,361.1473,67.8029,297.8859,160.6411,137.5291,269.9108,200.7905
175.4179,361.7405,67.8878,297.5998,163.0415,138.0774,270.5716,202.2181
118.2595,359.4762,51.6035,262.8251,214.9710,150.1580,281.6269,246.8090
183.6748,360.4453,68.8950,300.4066,153.0136,139.5917,267.7933,199.6304
179.4934,362.3018,69.4460,299.1264,160.1911,141.0542,270.2386,204.2296
179.0090,363.7850,68.7068,298.3515,161.8963,141.2605,272.1985,206.6940
121.1563,363.0724,54.4157,264.7179,216.8891,154.4681,283.6297,252.8227
127.0513,361.1250,58.6652,262.9296,216.9972,152.6626,285.3833,250.8580
208.5883,352.6471,91.4118,323.3530,133.7647,153.9412,250.9412,183.2353
216.2181,349.9528,96.9903,326.8190,129.7025,158.2259,248.9302,181.3596
215.6184,350.7060,97.8814,327.7329,131.1146,157.4126,248.8516,180.3857
216.7415,351.0639,98.5294,327.8091,131.6978,159.2029,249.9100,182.4577
216.9643,351.3264,99.5963,328.5049,132.6030,158.7561,249.9710,181.5777
218.5908,349.6121,100.4605,327.2080,132.5641,157.9346,250.6944,180.3386
220.0160,348.9120,101.2160,327.3120,131.9680,158.1760,250.7680,179.7760
218.2918,350.1141,102.1751,325.6685,137.3369,158.6499,253.4536,183.0956
218.2992,351.3467,102.6160,326.0410,139.7428,156.3187,255.4259,181.6244
218.9255,350.4837,103.3616,325.2041,140.3252,156.2274,255.8891,181.5070
218.5797,350.0643,104.1789,325.0392,141.0708,156.3905,255.4716,181.4157
215.7887,352.8604,102.1196,324.9417,143.5019,156.4566,257.1710,184.3753
217.6710,350.6468,103.8071,325.7391,140.5815,157.6273,254.4455,182.5350
218.9550,349.2171,105.0683,325.5802,139.9754,157.3911,253.8621,181.0280
217.9795,349.8971,105.1561,326.0612,140.7733,157.4732,253.5966,181.3092
219.6923,348.5385,106.4231,325.8846,139.9615,158.1923,253.2308,180.8461
219.7261,349.2881,106.9700,326.2520,141.2017,158.6971,253.9577,181.7333
219.9160,349.5863,105.6314,325.8669,140.5311,157.7140,254.8157,181.4334
219.7614,348.8216,107.0754,324.8458,142.6405,157.6895,255.3266,181.6652
223.1581,347.5356,108.9123,325.3519,140.7808,161.2293,255.0266,183.4129
222.6154,347.4050,108.3296,325.2476,140.4494,159.5769,254.7352,181.7344
224.5040,346.7280,108.7840,325.6880,138.7840,160.6880,254.5040,181.7280
221.9073,348.7658,108.6781,324.5024,144.3268,158.1415,257.5561,182.4049
225.4469,347.9166,109.1110,326.2462,139.9788,160.5352,256.3146,182.2057
223.8446,349.0841,110.4342,324.6231,146.1862,158.8637,259.5966,183.3248
215.2000,355.4000,103.9000,318.3000,159.1000,152.7000,270.4000,189.8000
216.4673,354.7896,105.0015,319.1205,158.0755,153.2642,269.5414,188.9333
216.4000,354.8000,104.5000,317.5000,160.2000,150.4000,272.1000,187.7000
215.5720,354.2365,104.4280,315.7635,162.2206,148.8071,273.3646,187.2800
216.0327,352.8752,104.1462,314.8555,160.7572,148.2573,272.6438,186.2770
216.6603,352.4797,104.7661,314.8123,160.9318,147.9671,272.8260,185.6345
216.7810,352.1786,103.6775,314.1251,159.9160,146.9717,273.0195,185.0253
217.1000,350.7000,103.7000,312.9000,159.2000,146.4000,272.6000,184.2000
215.5615,349.7732,103.6407,312.0969,159.4022,146.4522,271.3231,184.1285
211.6068,348.7751,101.5091,309.3716,160.3687,144.9109,270.4664,184.3143
212.4735,346.2094,100.3490,309.2321,153.7612,147.2723,265.8858,184.2496
216.7327,338.4958,103.2864,310.8260,141.7367,153.1797,255.1830,180.8496
208.7778,342.9529,96.6404,302.7297,154.5364,141.3229,266.6737,181.5460
216.8236,336.6387,101.2282,308.6925,139.7589,149.3153,255.3544,177.2615
214.2757,336.8541,96.9243,300.7459,145.9622,141.3730,263.3135,177.4811
218.5688,333.7707,97.1927,297.3578,143.8991,141.6698,265.2752,178.0826
219.0666,327.6647,97.7227,289.2191,145.2452,139.2262,266.5891,177.6718
221.5986,324.8434,95.0923,287.4939,138.7835,139.5075,265.2899,176.8570
221.5027,327.2581,92.9196,291.6114,134.2225,142.6260,262.8055,178.2728
111.8485,312.3804,93.6209,183.1304,253.9703,160.5170,272.1979,289.7670
106.0535,312.1976,87.9837,184.0664,252.7328,160.8326,270.8026,288.9637
106.0105,314.3017,81.4502,193.0354,249.3601,159.0283,273.9204,280.2946
107.0744,317.3619,79.4262,202.4038,240.8485,163.5807,268.4967,278.5388
109.0432,322.1405,74.5784,210.1297,241.4000,158.8000,275.8649,270.8108
212.1497,320.1231,88.3913,298.9937,114.0202,148.8815,237.7786,170.0110
221.3049,310.8617,87.0427,301.7075,96.6689,160.5229,230.9311,169.6771
218.6470,311.3736,88.0814,301.5812,98.6271,160.9721,229.1927,170.7645
90.0000,306.0000,90.0000,168.0000,221.0000,168.0000,221.0000,306.0000
106.7004,323.9058,61.7871,216.9694,206.0238,156.3900,250.9371,263.3264
87.0000,306.0000,87.0000,168.0000,217.0000,168.0000,217.0000,306.0000
115.8442,325.7821,58.4228,223.1195,192.4961,148.1293,249.9175,250.7919
124.3493,325.7950,57.6771,229.2958,184.5131,141.6637,251.1853,238.1629
108.7523,320.5328,66.0969,203.7915,201.7550,154.2241,244.4104,270.9654
109.2625,316.5212,68.6773,199.5405,202.8171,153.0023,243.4022,269.9829
202.4219,319.8816,78.6735,294.5355,108.8912,147.0018,232.6396,172.3479
115.6852,315.8605,65.4449,207.6506,203.0651,143.7555,253.3054,251.9654
112.3793,313.4483,67.8276,202.0690,205.2414,147.1034,249.7931,258.4827
202.1872,305.2093,92.1197,303.4622,94.3894,160.4665,204.4569,162.2136
203.0040,308.3419,91.4932,305.5188,95.2107,158.6763,206.7215,161.4993
192.2700,311.3889,88.6502,300.0555,104.7831,152.5544,208.4029,163.8878
145.0000,322.0000,63.3981,244.9315,165.3426,136.9902,246.9445,214.0587
144.4111,318.3882,64.8940,243.2888,165.4519,136.8157,244.9690,211.9152
140.6546,311.4984,66.8578,239.2076,164.3167,139.7184,238.1135,212.0092
195.3477,310.7867,92.3623,306.9005,98.4604,145.3004,201.4458,149.1866
127.2061,321.8940,76.7562,164.2380,170.9144,134.1074,221.3643,291.7634
125.8901,327.4919,77.6118,153.1537,166.3313,128.5852,214.6096,302.9235
123.7294,320.2823,85.2353,147.0588,167.5059,128.7765,206.0000,302.0000
124.3018,315.6130,80.4635,153.9590,166.2242,130.7019,210.0626,292.3559
114.9672,324.6394,79.5574,151.1312,161.8249,134.3419,197.2347,307.8501
110.1248,328.2992,78.1656,149.3276,163.3078,134.1236,195.2670,313.0952
112.1312,328.4593,75.6981,152.6302,162.4941,134.6454,198.9272,310.4746
114.4447,331.6772,70.2068,156.5688,157.0041,134.6411,201.2419,309.7495
92.3898,334.8589,72.4255,149.0370,167.7793,138.7924,187.7437,324.6143
152.3697,334.1235,60.8945,327.0263,75.4400,139.5514,166.9152,146.6486
68.9547,335.0497,59.9005,144.9095,154.5430,140.4027,163.5973,330.5430
75.7514,336.8844,46.5491,147.0694,144.0116,132.0751,173.2139,321.8902
78.8917,335.2122,42.9546,147.5406,152.9838,126.4712,188.9210,314.1428
79.4791,315.2096,37.0870,151.1109,128.2451,127.5617,170.6373,291.6604
84.8014,303.3631,21.5479,164.2055,106.3082,125.6781,169.5617,264.8356
100.0379,320.9977,13.4734,171.3438,104.6086,118.6284,191.1730,268.2822
122.4069,271.4075,10.3200,189.7640,71.0709,106.3603,183.1577,188.0038
35.9053,248.1732,2.1977,170.4991,125.1870,117.1264,158.8946,194.8005
32.2126,249.9464,-5.3660,171.0314,123.3124,109.7560,160.8909,188.6710
38.8151,257.5793,-6.8184,169.1644,122.1997,102.5744,167.8332,190.9893
50.7533,271.0163,-8.1663,176.5717,117.9118,97.9174,176.8314,192.3621
87.4454,301.4736,-20.0743,249.5259,49.3595,105.8141,156.8791,157.7618
19.9702,277.3661,12.5485,119.6565,100.0841,115.5372,107.5057,273.2468
71.6419,318.3501,-24.2081,176.4920,70.0547,112.8009,165.9047,254.6590
182.4763,280.4747,30.2301,275.4830,35.1981,123.9573,187.4443,128.9490
109.8144,301.9175,-1.9897,252.2268,58.5876,115.9279,170.3918,165.6186
47.6538,286.8789,36.2667,143.1175,182.1731,131.5605,193.5602,275.3220
54.6259,284.3052,44.9074,145.0065,175.6663,135.8838,185.3848,275.1825
61.6394,279.9185,52.8392,146.1553,161.7363,138.9910,170.5365,272.7542
62.2178,278.8218,53.5713,146.9626,166.6588,139.5470,175.3053,271.4062
59.0000,278.0000,59.0000,145.0000,182.0000,145.0000,182.0000,278.0000
77.7738,280.3149,51.4518,156.9303,169.2124,131.8080,195.5344,255.1927
80.4461,279.3266,51.7913,153.9620,162.5748,128.6400,191.2296,254.0047
102.5000,295.5000,19.5000,212.5000,111.0000,121.0000,194.0000,204.0000
90.7788,285.1273,44.6652,161.5428,153.2880,121.0119,199.4016,244.5964
89.2164,279.6913,40.1165,162.2785,151.2772,115.7932,200.3770,233.2059
95.1803,285.9836,32.6252,170.2566,143.2906,110.4375,205.8457,226.1645
126.5000,307.5000,25.0000,206.0000,117.5000,113.5000,219.0000,215.0000
104.0331,295.6726,21.9134,177.6255,131.2000,101.6000,213.3197,219.6471
65.2498,277.6104,33.4479,157.4697,178.8205,118.9887,210.6225,239.1294
56.5842,277.6963,30.3368,167.7852,182.0293,131.5602,208.2767,241.4712
51.1923,273.9615,30.0769,168.3846,189.8846,136.4231,211.0000,242.0000
51.6749,267.4433,41.4524,194.3131,202.5413,171.7953,212.7638,244.9255
49.8491,256.5283,45.1099,183.4095,207.7507,172.8680,212.4899,245.9868
55.4636,261.2137,44.0072,171.1991,202.8523,150.9824,214.3087,240.9970
55.7644,255.8002,49.7767,182.9499,210.5264,169.7376,216.5141,242.5879
57.5000,257.5000,48.9634,180.6707,203.6097,163.4878,212.1463,240.3170
58.0164,257.1803,51.1230,181.3525,209.3607,166.9672,216.2541,242.7951
58.2000,261.4000,51.3517,179.2207,208.9241,166.0897,215.7724,248.2690
56.3380,258.1190,55.4549,171.5770,215.4688,169.9442,216.3519,256.4862
220.5816,262.7061,56.1199,255.6172,59.9483,166.7995,224.4100,173.8884
220.3887,262.8284,57.9869,253.6605,62.9162,166.3420,225.3180,175.5099
217.1702,268.4332,57.8508,254.1658,65.9936,163.2383,225.3129,177.5057
208.7664,264.1643,59.4448,253.7948,65.9048,160.7712,215.2263,171.1407
209.6200,264.2496,61.0111,252.3609,68.4960,158.7997,217.1049,170.6884
208.7599,265.1140,61.8321,252.2869,70.1414,157.1076,217.0692,169.9346
211.6957,264.0045,63.2796,254.5059,69.7428,153.5196,218.1588,163.0182
214.0570,262.8639,66.5671,254.4014,72.8232,145.3669,220.3131,153.8294
215.5310,262.0354,68.6504,252.2434,76.3673,136.4912,223.2478,146.2832
220.6531,262.0831,69.7954,252.2713,76.4384,150.1342,227.2962,159.9461
223.3293,261.0621,73.0544,251.2881,79.7396,148.5034,230.0145,158.2774
226.7491,263.0089,79.0164,247.1803,90.0479,144.2194,237.7806,160.0479
228.8439,259.9836,81.8411,244.5096,92.4384,143.8356,239.4411,159.3096
232.6070,257.1318,77.1329,241.0482,87.6329,139.5482,243.1071,155.6318
235.8117,258.6321,77.6861,240.3868,89.6555,136.6525,247.7810,154.8978
200.7185,252.1461,74.4834,242.9415,81.6232,145.0246,207.8583,154.2293
2
0
0
0
0
1
244.2698,285.2257,205.4643,284.3729,208.4504,148.5044,247.2559,149.3573
214.0000,291.0000,214.0000,161.0000,259.0000,161.0000,259.0000,291.0000
217.0000,303.0000,217.0000,173.0000,271.0000,173.0000,271.0000,303.0000
237.7647,310.0589,207.8236,190.2941,266.1765,175.7059,296.1177,295.4706
235.6342,315.2927,211.0780,200.6976,265.7805,188.9756,290.3366,303.5707
275.7478,314.0624,218.3567,312.0127,222.6446,191.9516,280.0357,194.0013
269.6339,323.4563,212.1489,313.7600,231.8260,197.1032,289.3109,206.7994
274.5059,330.4235,216.9235,325.9941,226.9117,196.1470,284.4941,200.5765
227.5095,336.7755,222.6069,194.5997,278.2304,192.6817,283.1330,334.8575
259.1021,341.4174,199.2645,328.9983,228.5177,188.0508,288.3553,200.4700
268.1393,335.4672,212.6885,330.4262,224.9590,195.4508,280.4098,200.4918
258.5144,327.6336,205.6643,316.1444,231.4585,197.4910,284.3087,208.9802
241.7629,325.5200,193.3559,301.7565,242.9542,200.7230,291.3612,224.4864
251.2439,319.8048,200.8292,296.5365,241.3366,208.7707,291.7512,232.0390
223.7171,307.3099,221.9136,200.8998,280.9305,199.8995,282.7341,306.3096
280.6764,311.3286,222.2249,310.4815,223.8801,196.2736,282.3316,197.1207
272.5856,308.4506,221.0411,307.5770,222.9449,195.2533,274.4894,196.1270
255.4532,310.1470,189.9422,275.3443,226.3763,206.7624,291.8873,241.5652
210.0037,292.3007,196.0882,187.3016,262.7960,178.4608,276.7115,283.4599
212.0342,287.7025,190.7803,180.1830,260.2966,166.4414,281.5504,273.9610
221.8150,288.9369,194.8249,173.6155,256.5704,159.1644,283.5605,274.4858
207.6105,276.4552,186.6827,166.5842,254.1860,153.7265,275.1138,263.5974
194.5853,268.9220,192.2631,162.1030,271.9863,160.3699,274.3084,267.1889
198.4000,265.2000,164.0000,162.0000,242.6000,135.8000,277.0000,239.0000
184.5407,265.3552,178.8869,146.6244,235.7579,143.9163,241.4118,262.6471
185.3265,263.7542,175.8218,154.4503,231.0994,149.6435,240.6041,258.9475
184.6837,252.0783,165.0235,126.9677,232.1794,116.4147,251.8397,241.5252
181.5388,259.4074,161.3751,142.0918,212.7026,133.2699,232.8663,250.5855
192.0273,234.3069,137.3173,120.3277,194.3394,92.9571,249.0494,206.9363
165.6328,212.4911,157.9071,96.6062,199.5885,93.8275,207.3141,209.7124
169.0548,216.0533,167.3800,92.1165,200.4955,91.6690,202.1704,215.6058
183.7817,227.2009,155.4017,95.4365,187.1446,88.5996,215.5246,220.3640
183.8764,229.2022,152.0304,97.2685,185.8854,89.0966,217.7315,221.0303
180.0863,229.9693,151.6977,101.4738,189.7364,93.0699,218.1249,221.5654
176.4087,231.2804,154.7596,102.9321,193.6648,96.3698,215.3139,224.7181
175.6476,233.2744,154.0273,108.5420,197.2487,101.0502,218.8690,225.7827
179.3386,235.3056,162.3874,109.8666,203.3687,104.3286,220.3200,229.7676
185.7077,245.6615,169.5077,116.0615,210.6154,110.9231,226.8154,240.5231
192.6943,253.2383,178.0240,126.7074,219.3096,121.9206,233.9799,248.4516
204.6217,267.8657,186.3029,137.5981,226.7989,131.9033,245.1178,262.1709
197.0000,265.0000,197.0000,142.0000,239.0000,142.0000,239.0000,265.0000
212.4590,263.0492,201.8524,146.3771,245.2213,142.4344,255.8279,259.1066
218.0000,266.0000,218.0000,151.0000,267.0000,151.0000,267.0000,266.0000
243.0362,260.7602,237.7647,150.0588,295.2059,147.3235,300.4774,258.0249
266.2097,270.4071,264.7640,150.4125,321.5027,149.7289,322.9485,269.7235
329.5610,274.9512,282.1464,269.6829,296.0000,145.0000,343.4146,150.2683
354.8115,290.0738,305.6721,285.6066,315.5328,177.1393,364.6721,181.6066
359.7391,303.9039,310.7437,288.8892,342.3953,185.6050,391.3907,200.6198
382.8873,321.7276,331.7568,306.4648,360.7198,209.4388,411.8503,224.7016
410.6462,330.6308,355.2231,315.5154,378.3000,230.9000,433.7231,246.0154
434.4084,334.4355,378.2929,323.8477,399.7436,210.1592,455.8591,220.7470
