1
276.2173,65.9290,297.8063,66.0749,297.3719,130.3676,275.7828,130.2217
298.9655,130.8815,276.0903,131.0178,275.7029,66.0190,298.5781,65.8827
276.7261,66.8900,298.0705,67.1259,297.3824,129.3737,276.0381,129.1377
298.8885,127.0124,275.2083,127.2497,274.6120,67.7745,298.2923,67.5371
275.5379,67.8127,299.1463,68.2006,298.1549,128.5379,274.5466,128.1500
296.4847,132.2389,275.8784,132.5343,274.9241,65.9812,295.5304,65.6858
296.4128,128.9774,276.2726,129.4047,274.9161,65.4607,295.0564,65.0335
275.7646,63.7436,298.4645,64.2762,296.9352,129.4535,274.2354,128.9209
275.4278,65.1994,298.7826,65.5083,297.9447,128.8669,274.5898,128.5580
299.5524,126.1658,274.9583,126.7832,273.4493,66.6741,298.0434,66.0567
298.6449,129.3128,275.7986,129.6384,274.8927,66.0815,297.7390,65.7559
298.1641,129.4731,276.8490,129.8741,275.6467,65.9696,296.9618,65.5685
276.1552,64.9434,299.3340,65.0578,299.0210,128.4579,275.8422,128.3435
279.3833,65.1899,299.8363,65.4400,299.0534,129.4695,278.6004,129.2194
277.4666,64.8579,299.0601,65.1599,298.1810,128.0213,276.5875,127.7193
275.2664,66.9033,299.9148,67.1053,299.4090,128.8096,274.7606,128.6075
276.4733,65.8512,298.1803,66.1585,297.2904,129.0038,275.5834,128.6964
297.0841,131.7310,275.5341,131.7549,275.4615,66.0949,297.0115,66.0711
296.5455,129.4769,275.6283,129.5934,275.2667,64.6881,296.1839,64.5715
276.4617,66.1697,297.8478,66.4817,296.9242,129.7762,275.5381,129.4641
298.0396,130.9435,275.0484,131.0589,274.7212,65.8435,297.7124,65.7282
304.2323,124.9506,278.0128,128.1318,271.0306,70.5854,297.2501,67.4041
300.2923,125.3780,276.5443,125.9708,275.0592,66.4744,298.8072,65.8816
277.9003,65.0318,300.2743,65.6641,298.4447,130.4048,276.0707,129.7724
277.5928,62.8085,299.2531,63.2120,298.0576,127.3887,276.3973,126.9852
279.5372,63.2496,299.6442,63.4286,299.0746,127.3809,278.9676,127.2018
276.5841,63.8063,299.8804,64.2167,298.7786,126.7612,275.4823,126.3508
275.2581,65.9033,299.9228,66.1024,299.4311,127.0094,274.7663,126.8103
298.7995,130.5760,276.2530,131.0319,274.9023,64.2356,297.4488,63.7797
298.6591,129.4780,275.6710,129.7136,274.9853,62.8112,297.9734,62.5756
297.9537,127.5480,276.1393,127.8735,275.1606,62.2834,296.9751,61.9579
298.4919,122.7689,275.5789,122.8066,275.4768,60.6880,298.3897,60.6503
297.8929,127.7537,275.9834,128.2482,274.4844,61.8281,296.3940,61.3336
299.6004,130.9967,277.3647,131.5758,275.5953,63.6359,297.8310,63.0568
299.8711,130.8313,277.9115,131.1570,276.8901,62.2896,298.8497,61.9639
277.1054,61.9657,298.8909,62.0353,298.6790,128.3673,276.8935,128.2977
297.6440,127.0918,276.8216,127.1816,276.5416,62.2298,297.3640,62.1401
300.5267,126.6057,278.8152,127.3884,276.4079,60.6145,298.1194,59.8318
299.9585,125.2327,275.0068,125.2441,274.9783,62.9833,299.9300,62.9719
299.4800,128.7685,276.8292,128.8010,276.7358,63.5744,299.3866,63.5420
298.0500,125.6230,276.0273,125.6714,275.8900,63.1849,297.9127,63.1365
298.7488,129.0040,275.9259,129.2187,275.3080,63.5363,298.1309,63.3216
276.0392,61.9874,297.9801,62.0134,297.9009,128.8291,275.9600,128.8031
297.1801,122.6318,274.3290,122.8567,273.7208,61.0846,296.5720,60.8596
298.2201,125.0000,274.6178,125.4663,273.3861,63.1192,296.9883,62.6529
301.2041,123.6657,273.2829,124.2092,272.1450,65.7435,300.0662,65.2001
275.2736,63.9048,299.6036,64.1038,299.0509,131.6756,274.7209,131.4766
275.2447,62.9150,299.1241,63.0921,298.6323,129.3656,274.7529,129.1884
298.0180,126.7316,274.5198,126.9685,273.8669,62.2098,297.3651,61.9729
299.5225,123.0890,275.6035,123.4598,274.6595,62.5738,298.5785,62.2030
299.8209,123.9011,272.2684,124.0633,271.9223,65.2892,299.4748,65.1270
299.5530,123.9972,273.9974,124.5789,272.6174,63.9539,298.1730,63.3722
296.7267,132.9027,275.2723,133.3782,273.7258,63.6038,295.1802,63.1282
296.5843,129.0692,274.4798,129.1906,274.1057,61.0759,296.2102,60.9545
296.8690,125.8298,274.1647,125.8581,274.0839,60.9933,296.7882,60.9650
273.1033,60.9619,297.8623,61.0375,297.6659,125.2841,272.9070,125.2084
299.5965,122.9775,272.4921,124.1507,269.8775,63.7459,296.9819,62.5727
304.3065,121.3471,273.7909,125.1288,266.6574,67.5680,297.1730,63.7862
272.7233,62.7217,299.4382,63.2949,298.0243,129.1967,271.3094,128.6236
273.6532,62.7728,297.4299,63.2402,296.1106,130.3463,272.3339,129.8788
296.4876,129.6507,274.8397,130.1994,273.1262,62.6011,294.7740,62.0524
275.2186,60.9318,297.2722,61.0703,296.8682,125.4292,274.8146,125.2907
275.8089,63.8760,298.0004,64.1416,297.2682,125.3262,275.0766,125.0606
296.6569,130.9181,273.6665,131.0896,273.1673,64.1494,296.1577,63.9779
295.8883,131.0287,272.3973,131.1441,272.0624,62.9690,295.5533,62.8536
294.8756,129.6557,272.7504,130.0234,271.6257,62.3391,293.7509,61.9715
272.0584,61.9788,296.8803,62.0211,296.7632,130.7660,271.9413,130.7237
297.3950,123.3857,270.8576,123.8677,269.7639,63.6485,296.3013,63.1665
299.1485,123.4377,271.9825,124.9266,268.7607,66.1423,295.9268,64.6535
297.7476,126.5024,271.7550,126.7390,271.1797,63.5275,297.1723,63.2909
272.2202,61.9227,297.1341,62.0789,296.6908,132.7878,271.7769,132.6316
272.1621,62.3662,295.8051,62.4788,295.4736,132.0640,271.8306,131.9514
272.0670,61.4064,296.0594,61.4536,295.9216,131.4869,271.9293,131.4397
272.0867,61.4045,296.0167,61.4650,295.8528,126.2992,271.9228,126.2387
296.0057,124.3656,270.5385,124.7328,269.6585,63.7120,295.1257,63.3448
295.2118,133.0580,270.8855,133.3712,269.9709,62.3309,294.2972,62.0177
294.4879,134.6756,270.6933,135.2009,269.0883,62.4937,292.8829,61.9684
294.7329,132.0155,270.1181,132.7105,268.1265,62.1786,292.7414,61.4836
293.5122,131.3723,268.9442,131.4069,268.8448,60.8469,293.4129,60.8124
293.4793,122.2343,266.7918,122.2924,266.6623,62.7607,293.3498,62.7026
295.1384,120.9430,266.6599,121.0142,266.5194,64.8527,294.9980,64.7815
268.3781,61.9015,294.2139,62.1024,293.6702,132.0493,267.8344,131.8485
270.4538,61.4443,296.2208,62.5441,293.1669,134.0953,267.3998,132.9955
270.0612,60.4919,294.9178,61.2891,292.6929,130.6595,267.8363,129.8623
268.3474,60.2846,293.6211,60.5446,292.9096,129.7105,267.6358,129.4505
267.4657,60.4873,294.0454,61.5888,291.1081,132.4684,264.5284,131.3670
266.7611,61.7193,293.2973,62.2838,291.7728,133.9451,265.2366,133.3806
266.3000,63.1196,295.9427,65.0397,291.5237,133.2586,261.8810,131.3384
265.0364,61.9864,291.5237,62.0127,291.4500,136.2030,264.9627,136.1767
266.6436,62.8219,292.6165,63.2931,291.2769,137.1443,265.3040,136.6731
263.8638,62.1887,291.6129,62.8499,289.8797,135.5866,262.1306,134.9254
291.9609,133.0142,265.8256,133.8865,263.4762,63.4941,289.6115,62.6218
294.0109,129.7263,261.9560,130.0616,261.3079,68.0937,293.3628,67.7584
264.0979,70.9529,296.6693,71.0457,296.4869,135.0571,263.9155,134.9643
293.6639,145.9171,265.0297,146.1946,264.3044,71.3443,292.9385,71.0668
297.2064,144.8263,266.9101,146.2753,263.4166,73.2343,293.7129,71.7852
297.5581,147.5417,269.1556,149.2453,264.5791,72.9464,292.9816,71.2428
298.2805,148.1061,269.8608,149.5713,265.9359,73.4420,294.3557,71.9768
296.7281,151.4237,269.1035,151.9454,267.6321,74.0398,295.2568,73.5181
296.0866,150.1873,267.3924,150.2748,267.1617,74.6208,295.8558,74.5332
294.1000,150.5466,267.6580,151.2949,265.4382,72.8522,291.8803,72.1039
265.8857,74.2916,295.2819,75.7860,291.6160,147.8963,262.2197,146.4019
267.7518,73.4006,297.7904,75.7638,292.2515,146.1679,262.2129,143.8047
265.1645,74.3731,295.1336,74.5154,294.7982,145.1776,264.8290,145.0354
264.6022,73.7514,295.2351,74.2758,294.0271,144.8434,263.3942,144.3190
265.1850,73.0842,293.7860,75.5163,287.7150,146.9101,259.1140,144.4780
265.5591,70.6010,294.3206,74.1695,284.9928,149.3499,256.2313,145.7814
264.3091,69.9130,292.6504,72.4835,285.8562,147.3960,257.5148,144.8256
265.5843,68.2152,293.0869,71.2280,283.9748,154.4094,256.4722,151.3966
265.5166,67.4146,293.1315,70.3917,284.0203,154.9061,256.4054,151.9290
264.0889,68.1220,294.7361,71.8749,284.4772,155.6524,253.8299,151.8995
265.1946,67.2253,292.4268,70.4766,282.1842,156.2683,254.9520,153.0171
265.0620,68.3427,292.7775,71.1089,284.4841,154.2028,256.7686,151.4366
265.9503,67.7461,292.6568,70.1722,285.0105,154.3409,258.3040,151.9147
265.3931,67.6995,293.1075,69.9825,286.2677,153.0147,258.5533,150.7318
266.8473,70.5371,295.0708,72.3477,289.9792,151.7158,261.7556,149.9052
267.0299,69.2291,297.2389,71.1011,292.3036,150.7453,262.0947,148.8733
269.9323,69.4052,297.2445,71.8601,289.8906,153.6749,262.5784,151.2200
270.9260,66.7119,297.4223,69.0196,289.7911,156.6416,263.2948,154.3340
271.2055,66.6860,297.7570,68.6075,291.7813,151.1825,265.2298,149.2611
272.5713,66.5302,299.7679,68.7914,292.6906,153.9149,265.4940,151.6537
272.7571,66.6572,301.9314,69.0576,294.6607,157.4269,265.4864,155.0266
273.7383,66.5161,303.7929,69.5370,294.8992,158.0192,264.8446,154.9984
275.7912,67.2306,304.4908,70.4679,294.7851,156.5119,266.0855,153.2746
278.4434,65.3257,305.5009,68.6024,294.9778,155.4984,267.9203,152.2217
279.1573,65.6090,306.5581,68.7646,296.4495,156.5412,269.0486,153.3856
278.6987,66.4150,306.1593,69.3539,296.9449,155.4519,269.4843,152.5130
278.7522,68.0982,307.8877,71.3534,298.5273,155.1336,269.3918,151.8784
278.5448,68.9700,309.5689,73.0665,299.5239,149.1397,268.4997,145.0432
278.0880,65.6683,308.4683,68.6748,300.5263,148.9267,270.1460,145.9201
277.6441,64.7695,309.3851,67.5589,302.3066,148.1084,270.5656,145.3190
275.8059,66.2673,308.3691,67.7596,304.7782,146.1151,272.2150,144.6228
276.4909,65.8058,309.3230,66.2063,308.3427,146.5644,275.5106,146.1639
278.3242,68.8791,308.9362,69.1306,308.2817,148.8027,277.6697,148.5513
278.7352,68.6532,311.2749,71.5865,303.9148,153.2320,271.3751,150.2987
280.2302,66.7476,311.6959,69.6868,303.9464,152.6513,272.4807,149.7121
278.9718,65.5289,311.1760,68.7191,303.2997,148.2273,271.0956,145.0370
277.9826,65.2133,310.3852,66.8364,306.4453,145.4899,274.0427,143.8668
277.8814,66.6274,311.8537,67.4080,310.0777,144.7055,276.1054,143.9250
279.9123,66.6519,311.6245,67.3874,309.8032,145.9161,278.0909,145.1806
279.4000,66.4485,310.7933,67.5573,307.9939,146.8192,276.6005,145.7104
280.6544,64.5148,311.7344,65.5116,309.1534,145.9873,278.0735,144.9905
278.5862,65.7433,312.2599,66.2495,311.0844,144.4536,277.4106,143.9475
283.0844,63.2578,312.6012,64.7694,308.4573,145.6848,278.9404,144.1732
282.6750,65.3800,313.2199,66.6428,309.8869,147.2581,279.3419,145.9953
282.4105,68.3768,317.8684,69.6482,315.0604,147.9584,279.6024,146.6870
280.1306,69.8665,322.2910,72.2777,318.0560,146.3286,275.8955,143.9174
281.8046,68.2089,315.5553,69.7824,311.9843,146.3748,278.2336,144.8012
281.7678,69.1156,321.3865,70.9861,317.8529,145.8316,278.2341,143.9610
283.0440,69.0622,318.5322,70.9897,314.4706,145.7708,278.9823,143.8433
283.3717,70.8251,319.7581,71.1879,319.0120,146.0203,282.6255,145.6575
282.4912,69.7728,319.3912,70.2442,318.4094,147.0938,281.5094,146.6224
282.8259,68.6272,317.1386,69.3683,315.4771,146.2904,281.1644,145.5492
315.3189,145.6451,282.8176,145.6985,282.6885,67.1624,315.1898,67.1089
283.2726,67.8673,320.9569,68.1409,320.4092,143.5846,282.7249,143.3110
284.8396,67.8646,322.5151,68.1495,321.9417,143.9690,284.2662,143.6841
284.0814,68.9590,321.6151,69.0410,321.4509,144.1945,283.9171,144.1124
321.9190,143.1576,285.5177,143.2035,285.4225,67.6923,321.8238,67.6464
322.8364,141.5238,285.7640,141.6262,285.5484,63.5880,322.6208,63.4856
288.4432,59.6044,323.6880,60.4684,321.7072,141.2683,286.4624,140.4043
287.1852,58.7177,324.3963,60.7403,319.9831,141.9326,282.7720,139.9099
287.1619,59.0850,325.3334,61.0691,321.0139,144.1741,282.8424,142.1900
286.0033,57.7317,325.4438,60.5229,319.5204,144.2224,280.0800,141.4312
289.2315,58.5799,324.8743,60.5346,320.2342,145.1429,284.5915,143.1882
290.8721,54.8701,322.2123,55.0294,321.7382,148.2744,290.3979,148.1150
288.4248,53.8203,322.9720,54.1866,322.1160,134.9335,287.5687,134.5673
290.2421,52.9882,323.3394,54.7224,318.7625,142.0759,285.6652,140.3418
289.3887,53.4826,322.9189,54.5829,320.1398,139.2736,286.6096,138.1733
292.5457,56.6031,324.6180,59.2155,317.2626,149.5164,285.1903,146.9040
291.2624,56.1532,326.4142,59.6153,317.6754,148.3433,282.5237,144.8813
293.2438,55.7992,325.7459,57.9625,319.7627,147.8558,287.2606,145.6924
290.6305,53.9144,324.0680,54.0997,323.5616,145.4816,290.1241,145.2963
291.1752,53.6503,324.8430,54.4256,322.6963,147.6479,289.0285,146.8726
286.1850,57.9237,324.4757,58.0798,324.1030,149.4902,285.8122,149.3340
288.8666,58.8652,325.4619,59.1532,324.7440,150.3996,288.1486,150.1116
324.5409,150.8123,286.6969,151.1543,285.8607,58.6269,323.7047,58.2849
287.9024,55.8638,324.8641,56.1450,324.1657,147.9359,287.2040,147.6547
324.4319,138.3325,287.9144,138.9970,286.3923,55.3487,322.9098,54.6842
325.3530,136.6426,289.0325,137.0844,288.0344,55.0182,324.3549,54.5764
325.5108,133.4230,289.7378,134.1044,288.2671,56.8830,324.0401,56.2017
325.8253,142.8838,291.0390,143.5120,289.4745,56.8812,324.2608,56.2530
292.7931,56.3723,327.1685,57.7342,323.5835,148.2235,289.2080,146.8616
292.5643,57.2421,326.3968,58.4594,323.1930,147.4996,289.3604,146.2823
294.3973,54.6795,323.8551,54.7916,323.5317,139.7196,294.0739,139.6074
326.0827,135.5119,293.6894,136.3770,291.4878,53.9342,323.8811,53.0691
324.0043,145.5823,293.5087,145.8912,292.5672,52.9689,323.0628,52.6599
325.0167,142.9248,294.4922,143.8823,291.6999,54.8677,322.2243,53.9102
326.8479,148.1631,295.3062,150.2744,289.0597,56.9522,320.6013,54.8410
325.4632,146.3349,295.8877,147.8431,291.1463,54.8639,320.7217,53.3557
327.4146,138.8509,294.9619,141.3740,288.1555,53.8278,320.6082,51.3047
322.7476,137.1992,292.9543,137.5877,291.8745,54.7698,321.6678,54.3814
324.8674,133.8847,292.7670,134.3198,291.6697,53.3642,323.7701,52.9291
326.6819,146.9039,294.0258,147.1598,293.3116,56.0226,325.9677,55.7667
297.5926,56.6571,326.5154,57.3389,324.2524,153.3320,295.3296,152.6502
297.2944,54.6212,326.6353,55.4164,324.0484,150.8634,294.7074,150.0681
326.3841,144.3777,296.8664,145.6707,292.9037,55.1995,322.4214,53.9066
327.2197,144.7552,296.8995,145.8871,293.4990,54.7984,323.8192,53.6665
325.9402,148.1985,295.4466,148.7105,293.8679,54.6774,324.3614,54.1654
325.3977,149.8144,296.6906,150.1827,295.4785,55.7158,324.1857,55.3474
326.1760,151.4813,297.7779,152.5934,294.0444,57.2550,322.4425,56.1429
326.4181,150.3063,297.7282,151.3491,294.2754,56.3518,322.9652,55.3090
328.4738,143.2906,296.9586,145.4444,290.7833,55.0886,322.2984,52.9347
326.4521,143.0008,295.1047,143.6687,293.1466,51.7693,324.4940,51.1014
295.3537,53.7264,325.3449,53.9666,324.6640,138.9922,294.6728,138.7520
296.3038,55.3601,328.0056,56.2964,325.2881,148.3068,293.5864,147.3705
324.2776,152.8159,294.6914,153.1430,293.6188,56.1289,323.2050,55.8018
324.2974,151.0192,296.1986,151.1005,295.9235,56.0409,324.0223,55.9596
324.7611,144.6873,296.2544,145.0887,294.9763,54.3403,323.4830,53.9388
326.3050,148.6878,297.7645,150.0450,293.2492,55.0923,321.7896,53.7351
325.1506,151.4137,295.3259,151.5575,294.8580,54.5387,324.6826,54.3948
325.1329,155.1421,297.4979,155.5417,296.0810,57.5519,323.7160,57.1523
327.2458,157.3682,297.5595,158.3886,294.0584,56.5288,323.7446,55.5084
326.9429,154.9811,299.6694,155.7528,296.7868,53.8736,324.0603,53.1019
327.1135,151.4733,298.1664,152.3073,295.3723,55.3275,324.3194,54.4935
326.5907,149.0863,298.3338,149.7421,296.1052,53.7280,324.3622,53.0721
296.5624,52.9227,327.0002,53.0850,326.4875,149.2426,296.0498,149.0804
324.9757,154.0506,295.5147,154.3269,294.5700,53.6090,324.0310,53.3327
326.6849,157.7297,297.6787,158.3243,295.5700,55.4459,324.5762,54.8513
326.7882,153.7588,298.4554,154.2002,296.9135,55.2322,325.2463,54.7908
327.1382,150.1248,299.6911,150.7540,297.4678,53.7595,324.9149,53.1303
327.5735,151.9663,299.1336,153.1377,295.0602,54.2416,323.5001,53.0702
327.3705,153.8435,299.1027,155.0406,294.8766,55.2485,323.1444,54.0513
327.5740,156.7323,303.3966,157.5678,299.8428,54.7292,324.0201,53.8937
327.1566,160.0289,302.7553,160.6703,300.0001,55.8465,324.4014,55.2051
328.1222,160.4246,301.8723,161.4762,297.5176,52.7834,323.7675,51.7318
328.8309,150.2932,299.6989,151.9298,294.0919,52.1272,323.2238,50.4905
328.5047,147.6143,301.2193,148.6370,297.6942,54.5838,324.9796,53.5612
327.5279,139.7956,299.1705,140.5992,296.7252,54.3036,325.0826,53.5000
298.3453,54.8865,326.7646,55.0997,326.1127,142.0027,297.6935,141.7895
328.7706,153.6800,301.0331,154.7550,297.1239,53.8908,324.8614,52.8157
330.0975,159.5538,304.3761,161.0162,298.4337,56.5014,324.1551,55.0390
328.1943,152.4129,303.6193,153.2819,300.0500,52.3450,324.6250,51.4760
328.6553,158.1875,304.1602,159.2166,299.6760,52.4908,324.1710,51.4616
330.5289,160.8209,304.9930,162.0810,299.5833,52.4544,325.1191,51.1943
326.6932,161.9239,306.3966,162.6611,302.3769,51.9941,322.6735,51.2569
328.7118,162.5002,304.8730,163.0280,302.4858,55.1935,326.3246,54.6657
330.9828,162.3221,308.2024,163.8206,300.9980,54.2973,323.7783,52.7988
330.1736,151.2027,305.4838,152.6429,299.6056,51.8742,324.2953,50.4340
327.4332,144.2971,303.8443,144.9012,301.4446,51.2019,325.0335,50.5978
326.3326,144.6478,300.6271,144.7130,300.3921,51.9240,326.0977,51.8589
326.7733,148.9736,300.8255,149.0486,300.5479,53.0409,326.4956,52.9659
327.7825,148.8361,302.3206,149.3123,300.5599,55.1861,326.0219,54.7098
328.2426,155.0444,306.9355,155.8441,303.0025,51.0579,324.3095,50.2582
328.5032,156.6971,307.0942,157.7108,302.0883,51.9892,323.4972,50.9755
329.8633,156.1192,308.2467,156.9548,304.1582,51.1938,325.7748,50.3582
328.8269,156.4944,307.3193,157.5256,302.2505,51.8071,323.7582,50.7759
329.3927,156.2050,307.4332,156.7591,304.8743,55.3613,326.8338,54.8071
332.6376,157.6647,310.4247,159.5201,301.9174,57.6738,324.1304,55.8183
329.9286,161.5681,309.2303,162.4904,304.3903,53.8682,325.0886,52.9459
304.7536,52.8963,329.3412,53.0772,328.6314,149.5311,304.0438,149.3501
305.9283,53.5042,332.3067,54.4826,328.9248,145.6586,302.5464,144.6802
303.8916,56.0338,335.6307,58.1067,329.8976,145.8886,298.1585,143.8157
305.1214,59.0635,334.9725,61.1796,328.7666,148.7228,298.9155,146.6067
305.5777,57.3689,329.9630,58.6262,325.1613,151.7550,300.7760,150.4977
305.7981,53.3452,330.2208,54.6077,325.0510,154.6219,300.6284,153.3594
302.3979,52.9824,326.7943,53.0103,326.6676,163.7542,302.2711,163.7263
327.7705,164.4479,302.3506,164.9635,300.0261,50.3694,325.4461,49.8538
330.5943,168.6115,305.4394,169.7002,300.4477,54.3676,325.6027,53.2789
350.4867,180.5294,313.3520,183.5305,303.1945,57.8426,340.3293,54.8416
341.5915,174.4310,307.8151,175.2022,305.1647,59.1219,338.9412,58.3507
341.6719,170.9795,310.5411,171.7784,307.5397,54.8150,338.6705,54.0161
342.2162,167.7352,311.2395,169.9790,302.9210,55.1366,333.8977,52.8928
338.5585,148.8559,307.6769,149.7941,304.8073,55.3366,335.6889,54.3984
304.6346,56.9145,337.5735,58.8997,332.2218,147.6947,299.2829,145.7095
303.9978,56.3207,345.4766,60.1101,337.5868,146.4719,296.1080,142.6826
336.3419,163.1287,301.4208,163.9184,299.0065,57.1582,333.9276,56.3685
333.5848,161.1387,303.0732,161.8838,300.3762,51.4414,330.8877,50.6963
346.6972,161.1482,307.0166,164.2780,298.5026,56.3345,338.1832,53.2047
336.1677,162.5163,303.2533,163.2125,300.9321,53.4881,333.8465,52.7918
335.4780,167.0228,306.9803,168.4066,301.3876,53.2275,329.8853,51.8438
337.0905,165.0328,311.7707,166.6822,304.6123,56.7926,329.9321,55.1432
345.4080,164.9517,310.7787,166.5647,305.6581,56.6303,340.2873,55.0173
344.5541,159.2465,309.9406,159.6460,308.6143,44.7384,343.2278,44.3389
344.9984,168.2472,312.9367,170.1517,306.1452,55.8136,338.2068,53.9092
306.4872,59.1093,343.0635,59.9881,341.0156,145.2217,304.4393,144.3429
304.7662,57.1129,346.6004,59.1166,342.3216,148.4530,300.4874,146.4493
328.5342,144.3539,298.4693,145.1464,295.5256,33.4652,325.5905,32.6727
302.5129,60.7087,329.6130,61.2352,327.7347,157.9029,300.6346,157.3763
341.6278,167.0406,303.0176,167.8864,300.5948,57.2843,339.2050,56.4386
341.8744,167.8150,306.1353,170.1134,298.8445,56.7440,334.5836,54.4456
338.2422,167.6141,300.8007,167.6906,300.5684,53.9472,338.0099,53.8707
343.8436,168.9893,304.6482,170.6608,299.9164,59.6996,339.1118,58.0281
340.6773,170.1694,307.6278,171.0474,304.6098,57.4390,337.6593,56.5610
341.4531,172.3520,310.5130,173.3594,306.6637,55.1337,337.6039,54.1264
341.5479,174.5274,311.5519,176.0411,305.5032,56.1825,335.4992,54.6687
345.8521,166.6059,312.7515,169.2978,303.3579,53.7877,336.4585,51.0959
345.3457,168.4366,306.4110,170.2585,301.1363,57.5422,340.0710,55.7202
303.1424,59.9868,344.7873,62.3005,339.7284,153.3574,298.0835,151.0437
296.1570,58.2120,329.5206,59.7322,325.2105,154.3235,291.8469,152.8033
326.2209,166.1935,295.6749,166.2281,295.5527,58.4206,326.0987,58.3860
326.8980,171.5667,299.4410,172.0296,297.4385,53.2483,324.8954,52.7854
330.5264,176.7215,302.8435,178.2413,296.0854,55.1414,323.7683,53.6216
330.0454,181.9254,304.4398,183.4489,296.6989,53.3389,322.3044,51.8155
330.0482,187.0385,304.1498,188.4641,296.9996,58.5678,322.8979,57.1422
346.2512,188.9157,307.4734,190.8891,300.8492,60.7175,339.6269,58.7441
345.3473,184.4892,306.6932,186.4561,300.0859,56.6059,338.7399,54.6390
339.7647,181.9312,307.3241,183.8796,299.4946,53.5209,331.9352,51.5725
338.3627,173.1916,309.1730,176.5908,294.9832,54.7392,324.1729,51.3400
347.4542,180.9150,305.0034,184.1331,295.2802,55.8707,337.7309,52.6526
337.9255,162.6715,298.5165,164.5189,293.4388,56.2016,332.8477,54.3541
334.1477,189.1053,299.9075,191.4481,290.9769,60.9248,325.2170,58.5821
333.0468,171.3108,297.6319,174.0768,288.8029,61.0332,324.2178,58.2672
332.6253,178.1294,299.9935,180.7901,290.2030,60.7160,322.8348,58.0553
330.4333,179.8109,295.8396,181.5356,289.6153,56.6907,324.2091,54.9660
331.7715,186.7775,298.1006,189.1599,288.8881,58.9603,322.5590,56.5779
328.6765,190.2737,295.1227,191.6104,289.8694,59.7467,323.4231,58.4100
327.2361,183.3029,293.6382,184.0548,290.8752,60.6058,324.4732,59.8538
326.4858,183.8142,293.4469,184.4724,290.9481,59.0311,323.9869,58.3729
327.7094,181.1468,291.8923,182.0063,288.8802,56.4819,324.6972,55.6224
328.7833,180.6168,290.2441,181.9248,285.8770,53.2513,324.4163,51.9433
323.0621,182.7325,287.2628,182.9379,286.5171,52.9400,322.3164,52.7346
284.0166,54.3592,324.5294,55.7743,319.9265,187.5464,279.4137,186.1313
278.3439,60.5110,326.3405,61.5248,323.6534,188.7461,275.6569,187.7323
276.4244,62.4279,319.3380,62.7214,318.4715,189.4210,275.5580,189.1275
275.4329,59.4958,318.1427,60.4260,315.4503,184.0488,272.7405,183.1186
276.8679,58.3160,320.3566,61.6671,310.6885,187.1330,267.1997,183.7819
275.3992,59.1135,318.6154,62.1510,309.7429,188.3848,266.5268,185.3473
272.6730,62.2881,320.3693,65.0786,313.0905,189.4928,265.3942,186.7023
272.8580,65.1422,322.7984,68.2694,315.1613,190.2321,265.2209,187.1049
273.8344,64.5638,323.9559,66.8039,318.3200,192.9052,268.1985,190.6651
276.7987,61.0658,321.4159,62.4355,317.4322,192.2015,272.8150,190.8318
276.6525,57.3275,321.0080,57.9262,319.2926,184.9996,274.9372,184.4009
280.8127,56.2067,325.0218,60.7160,310.9863,198.3230,266.7771,193.8138
276.0719,58.3027,323.9689,62.3266,312.1385,203.1475,264.2415,199.1236
278.9762,58.6887,320.6299,62.2630,308.2520,206.5129,266.5983,202.9386
273.9982,62.7365,318.8085,67.2606,305.0833,203.2076,260.2729,198.6835
273.5327,56.2729,315.0123,59.5513,303.8365,200.9545,262.3570,197.6762
271.6779,52.5892,315.7943,57.5627,301.0981,187.9228,256.9817,182.9492
268.6166,53.7059,314.3393,57.6713,303.1629,186.5401,257.4402,182.5747
270.8606,55.3769,313.3009,57.8484,305.5248,191.3779,263.0844,188.9064
270.1617,58.4861,316.3840,61.2483,308.1210,199.5158,261.8988,196.7535
271.8577,61.2295,316.4529,64.5372,306.2164,202.5473,261.6212,199.2396
274.9260,59.4638,312.3375,62.4356,301.3495,200.7648,263.9380,197.7931
269.9694,59.3621,314.3988,60.1952,311.7986,198.8681,267.3691,198.0350
268.3541,60.2301,314.9792,61.2681,312.0566,192.5414,265.4316,191.5033
266.0367,59.4785,311.6416,60.2817,309.1967,199.0955,263.5918,198.2923
263.4018,64.5977,311.7017,67.0458,304.6590,205.9958,256.3592,203.5477
258.8051,66.7399,306.8632,68.0994,303.1148,200.6050,255.0567,199.2455
256.6562,60.2356,303.2608,61.3609,299.9391,198.9329,253.3345,197.8076
257.2261,55.7262,303.1594,57.8146,296.8063,197.5408,250.8731,195.4523
260.0418,52.0032,308.7866,57.6476,293.0969,193.1430,244.3522,187.4986
264.3710,52.6079,309.5437,55.8788,299.5416,194.0133,254.3689,190.7424
263.0839,54.6090,308.5912,58.0671,297.8731,199.1156,252.3659,195.6576
268.0763,53.5695,310.1194,57.8126,295.3763,203.8966,253.3331,199.6535
267.1924,52.4974,310.7797,56.0420,298.9319,201.7343,255.3447,198.1897
265.7539,52.1731,312.9895,54.2320,306.6260,200.2245,259.3904,198.1656
263.1349,52.7699,312.6121,53.3186,311.0900,190.5542,261.6127,190.0054
264.6640,50.5501,311.8975,51.6032,308.6092,199.0788,261.3758,198.0256
261.3295,51.3153,310.6906,52.8127,306.2071,200.6170,256.8460,199.1196
260.0286,58.5821,312.7709,61.5153,304.8287,204.3265,252.0864,201.3933
260.0755,56.0257,311.6945,60.2854,299.6559,206.1705,248.0368,201.9108
258.2539,48.9985,309.5513,53.1292,297.1997,206.5156,245.9023,202.3849
259.3616,46.8245,314.3036,53.7838,295.9519,198.6677,241.0098,191.7084
260.3067,51.6224,311.0610,56.6529,297.0141,198.3749,246.2598,193.3443
262.1765,53.5307,313.6405,57.2345,303.0248,204.7362,251.5608,201.0323
263.3068,56.5265,314.8650,57.7067,311.4819,205.5072,259.9237,204.3270
265.4100,57.3458,317.1120,59.0243,312.3471,205.7933,260.6451,204.1148
267.1937,54.2805,316.9963,56.5562,310.1865,205.5865,260.3839,203.3108
267.9337,52.4238,316.5089,53.9249,311.9438,201.6470,263.3687,200.1458
265.7414,47.9197,315.8260,48.1072,315.2511,201.6622,265.1664,201.4746
265.0706,48.7608,315.4812,49.2962,313.8204,205.6698,263.4098,205.1344
260.2419,55.7217,316.5413,56.5463,314.3088,208.9779,258.0094,208.1533
260.5642,56.1620,316.0733,57.9089,311.3031,209.4814,255.7941,207.7344
262.4402,52.5764,314.4065,55.3704,305.9792,212.1129,254.0128,209.3189
262.1035,51.3379,315.1178,54.9159,304.8207,207.4825,251.8064,203.9044
263.1551,49.3563,318.9517,54.8185,304.5895,201.5283,248.7930,196.0661
263.1530,49.4581,317.3304,52.7754,307.8497,207.6134,253.6723,204.2961
264.4912,51.1094,318.4505,53.0312,312.7767,212.3371,258.8174,210.4153
267.3458,58.3477,323.2176,60.1452,318.3189,212.4171,262.4471,210.6196
274.2317,55.0008,327.2337,57.8333,319.0914,210.1906,266.0894,207.3580
274.9676,53.3714,324.2335,55.4046,317.7621,212.2148,268.4962,210.1817
274.0002,52.9165,325.0396,53.3129,323.8635,204.7321,272.8242,204.3357
327.9450,206.1219,273.0258,207.3646,269.5303,52.8780,324.4495,51.6353
327.2176,207.1505,267.7793,208.3668,264.6466,55.2858,324.0848,54.0694
269.5576,60.1381,325.7465,61.1181,322.9985,218.6780,266.8095,217.6980
271.1259,57.7714,323.6167,59.7163,317.5234,224.1721,265.0325,222.2272
271.8222,52.3811,323.2913,54.0924,317.9334,215.2412,266.4644,213.5300
273.3067,51.0756,327.4572,54.9618,316.7247,204.5093,262.5742,200.6231
270.9974,51.2037,325.6664,53.1580,320.0426,210.4768,265.3736,208.5225
273.8457,52.8694,328.9021,53.8844,325.9330,214.9395,270.8766,213.9246
277.5573,58.5268,331.7619,58.6480,331.4258,208.9063,277.2212,208.7850
278.1880,57.9553,334.6530,59.3314,331.0658,206.5345,274.6007,205.1584
284.8949,51.7790,335.7713,53.3003,331.0084,212.5811,280.1320,211.0597
281.6217,52.2539,334.9369,52.2608,334.9162,211.8722,281.6011,211.8653
337.9540,202.0288,282.9431,203.4626,278.9503,50.2718,333.9613,48.8380
337.1097,203.1216,283.0905,204.2917,279.7822,51.5649,333.8015,50.3948
340.5530,201.5497,278.7946,201.5593,278.7719,55.7692,340.5302,55.7596
280.9066,58.1940,340.4254,58.4182,339.8738,204.8615,280.3550,204.6374
280.3872,52.3027,335.3100,52.5598,334.5195,221.4205,279.5967,221.1634
282.8479,48.8011,336.6579,49.8718,333.3668,215.2794,279.5568,214.2088
282.8922,47.7464,338.9140,50.5326,331.1744,206.1526,275.1526,203.3664
282.9460,46.7397,337.6875,48.0280,334.0299,203.4516,279.2883,202.1633
284.9374,51.1688,343.9265,51.6977,342.4234,219.3730,283.4342,218.8441
340.3254,204.4488,284.2696,204.4529,284.2585,52.0880,340.3143,52.0839
346.2029,218.2636,286.5574,218.5174,285.8422,50.4490,345.4876,50.1951
289.5377,51.6944,351.7876,52.4347,349.7563,223.2299,287.5065,222.4896
353.7208,212.8557,290.3515,214.6504,285.7229,51.2211,349.0923,49.4264
357.3016,209.3939,297.3899,212.6471,288.3533,46.2255,348.2650,42.9723
356.2686,202.8317,296.3031,205.3178,289.7828,48.0514,349.7484,45.5653
357.7035,201.6571,294.3194,203.8849,288.8608,48.5819,352.2448,46.3541
356.6470,203.5123,293.5065,206.0309,287.4098,53.1824,350.5503,50.6639
351.8472,221.2002,292.7448,222.0723,290.2001,49.6111,349.3025,48.7390
290.6804,48.2336,349.5721,48.7126,348.1778,220.1695,289.2861,219.6906
291.3420,48.5175,352.0984,50.2448,347.4222,214.7257,286.6658,212.9984
289.3485,45.4802,350.2534,46.4452,347.5535,216.8619,286.6485,215.8970
356.5797,200.8992,292.1750,202.4083,288.6534,52.1088,353.0581,50.5998
362.9221,201.6040,290.0004,203.9274,285.1783,52.5772,358.0999,50.2538
297.2988,49.4858,360.6867,49.5832,360.4211,222.4575,297.0332,222.3601
354.3052,223.0337,297.3689,223.1038,297.1535,48.3541,354.0899,48.2839
356.7247,218.8023,300.6391,221.3692,292.6917,47.7213,348.7772,45.1543
362.5346,213.2960,298.0010,217.2140,287.5590,45.2231,352.0926,41.3051
357.5504,204.4283,292.2913,206.3523,287.4982,43.7716,352.7572,41.8476
356.0568,203.5578,287.3953,204.6186,285.0202,50.8877,353.6817,49.8269
352.8064,210.6064,286.9437,211.6743,284.2913,48.0766,350.1540,47.0088
283.0709,46.2141,344.2054,46.9631,342.0217,225.1952,280.8873,224.4462
282.7719,44.0497,344.7053,45.2726,341.0928,228.2276,279.1594,227.0047
281.8430,40.3109,344.6407,41.6005,340.9626,220.7001,278.1649,219.4105
283.3562,45.3738,354.3888,47.7167,348.7821,217.7049,277.7495,215.3621
354.8530,212.9971,280.9546,214.6071,277.3704,50.0952,351.2687,48.4852
355.8524,210.2126,285.2597,210.8789,283.7408,49.9402,354.3335,49.2740
358.9803,225.7848,285.5157,225.9347,285.1457,44.5563,358.6104,44.4064
296.9447,39.4991,357.7490,40.6525,354.1809,228.7629,293.3766,227.6096
356.1563,222.5258,293.4647,222.9470,292.2313,39.3830,354.9229,38.9618
361.2754,216.9919,292.6412,218.8611,287.8199,41.8313,356.4541,39.9621
357.6195,215.9098,287.3991,216.1634,286.7725,42.6796,356.9930,42.4260
285.3908,47.8696,356.8704,48.1328,356.2261,223.1092,284.7466,222.8460
285.3710,41.0459,355.8661,42.8771,351.1345,225.0250,280.6394,223.1937
285.6441,35.2277,351.3100,38.4505,342.0754,226.6111,276.4096,223.3883
284.5997,30.8547,349.7649,32.9310,343.7303,222.3222,278.5651,220.2459
285.6293,34.1820,353.3898,37.5636,344.2188,221.3353,276.4583,217.9537
287.7988,37.5827,359.2176,40.4524,352.0563,218.6784,280.6375,215.8088
363.6935,216.6213,287.0263,217.9849,283.9625,45.7294,360.6296,44.3658
364.1419,213.1134,287.8952,213.1998,287.7057,45.8448,363.9523,45.7585
364.2403,227.7402,291.8664,228.1845,290.7245,42.1754,363.0984,41.7311
296.7474,37.9580,360.8909,38.0521,360.6090,230.1091,296.4654,230.0150
294.4905,36.9692,359.9609,37.0352,359.7672,229.0060,294.2968,228.9399
369.0557,223.0592,295.2109,224.6117,291.3648,41.6625,365.2095,40.1101
291.2091,46.6423,371.2161,47.3864,369.5310,228.5587,289.5240,227.8145
286.8028,49.5111,368.0138,50.4644,365.9763,224.0186,284.7654,223.0652
287.6827,43.7258,366.5535,46.2138,360.7168,231.2403,281.8460,228.7523
289.2675,35.5395,365.0356,38.3625,357.9733,227.9124,282.2052,225.0895
289.9861,33.3313,363.0786,36.3915,355.1698,225.2910,282.0773,222.2307
291.0792,33.8718,365.0446,37.8847,354.9599,223.7628,280.9945,219.7499
290.8409,39.0212,378.4257,41.1187,373.9893,226.3699,286.4044,224.2724
381.8666,227.2390,294.5643,231.4015,285.7680,46.9114,373.0703,42.7489
300.0670,44.7884,375.1754,45.2977,373.9289,229.1204,298.8205,228.6110
302.8787,35.1368,375.3449,37.0763,370.0536,234.7780,297.5874,232.8385
304.3050,34.8029,371.5882,35.2597,370.2630,230.4696,302.9798,230.0129
376.5547,230.4992,300.8955,230.6575,300.4848,34.4562,376.1441,34.2979
300.1069,35.6745,379.1960,36.3661,377.5031,229.9597,298.4139,229.2681
303.3292,35.8809,381.0020,38.3208,374.9088,232.2968,297.2360,229.8569
296.6843,42.8169,380.7180,45.1886,375.3655,234.8414,291.3318,232.4698
299.4317,40.4649,382.4529,43.6120,375.1767,235.5567,292.1555,232.4096
297.7892,34.2161,379.9184,35.7340,376.3374,229.4859,294.2082,227.9679
300.6157,29.9051,379.9679,32.0108,374.7654,228.0599,295.4132,225.9541
302.8430,31.3290,381.0143,34.4574,373.2100,229.4715,295.0387,226.3432
303.3467,32.6325,382.4049,35.2759,375.7406,234.5918,296.6823,231.9484
392.9297,236.5488,299.3441,238.2015,295.9176,44.1763,389.5032,42.5236
395.5838,236.4652,312.3998,239.4293,305.5863,48.2136,388.7702,45.2496
398.1561,234.7815,317.5487,237.1911,311.8086,45.1718,392.4160,42.7621
400.6079,232.1202,318.9256,233.5983,315.4417,41.0776,397.1239,39.5995
400.1411,232.6970,318.7172,234.4248,314.5588,38.4552,395.9827,36.7274
402.4966,234.1055,316.1696,236.4471,310.8439,40.0996,397.1708,37.7580
403.4526,237.0959,308.7713,237.7932,307.3669,47.0933,402.0482,46.3959
302.2099,50.7539,402.0087,55.2603,393.6905,239.4783,293.8917,234.9720
300.6160,47.6362,394.9524,50.2900,389.7403,235.5670,295.4039,232.9132
390.1444,230.8093,298.2158,231.7355,296.2946,41.0346,388.2232,40.1085
298.3000,36.8514,383.9733,37.1163,383.3708,232.0368,297.6974,231.7719
298.8146,35.6047,384.8772,36.3133,383.2471,234.2893,297.1845,233.5807
296.7676,37.6209,387.4701,38.3126,385.9372,239.3068,295.2347,238.6151
406.1363,233.7498,299.2480,241.0668,286.5984,56.2793,393.4866,48.9623
410.2054,231.7928,305.4401,244.4677,283.9000,66.4259,388.6653,53.7511
404.2915,232.2944,312.3062,239.7888,297.1061,53.2270,389.0914,45.7326
391.5478,238.9163,304.7027,239.3804,303.6445,41.3833,390.4896,40.9191
392.4753,234.3137,303.1969,236.5245,298.3692,41.5642,387.6476,39.3535
388.7935,234.6346,296.7565,236.7523,292.3382,44.7231,384.3751,42.6054
291.9502,45.5321,384.5493,46.5036,382.5244,239.4930,289.9254,238.5215
286.6287,50.7610,388.3597,55.4830,379.7354,241.2830,278.0045,236.5610
286.7146,48.1730,382.8008,49.8342,379.5164,239.8058,283.4302,238.1446
281.3110,39.8088,382.5216,42.1581,377.9278,240.0630,276.7172,237.7137
281.4299,38.8262,375.3472,39.1572,374.6433,238.8899,280.7260,238.5589
281.4212,38.8238,374.6091,39.1583,373.9055,235.1570,280.7177,234.8225
281.7387,40.6146,380.2339,45.2486,371.2068,237.1164,272.7116,232.4823
275.2389,53.2771,388.0773,54.7137,385.7222,239.6987,272.8838,238.2621
392.1734,232.3720,290.6911,240.2968,277.2630,68.3403,378.7453,60.4155
397.0294,233.1088,288.4569,238.9569,278.7056,57.9193,387.2781,52.0712
395.7487,238.2449,291.5909,239.1668,289.8561,43.1745,394.0139,42.2526
294.4651,37.8306,400.9044,40.4598,395.9656,240.3988,289.5264,237.7696
290.5342,37.6817,400.7433,38.3676,399.4925,239.3637,289.2834,238.6779
406.7228,238.9590,287.4333,239.3800,286.7805,54.3811,406.0700,53.9602
409.8062,233.8005,281.9355,236.5872,278.0708,59.2493,405.9415,56.4626
304.7785,48.5478,401.3936,51.7297,395.2970,236.8493,298.6819,233.6675
389.5020,235.6147,277.0690,235.8069,276.7640,57.4472,389.1970,57.2549
395.3870,232.5815,279.8464,237.1645,273.0944,66.9426,388.6350,62.3596
287.1298,68.3692,395.9424,75.0671,385.8808,238.5251,277.0682,231.8272
288.3931,67.5394,405.7400,79.0486,389.8972,240.5812,272.5503,229.0720
410.8530,234.4980,301.4131,236.6910,298.3698,84.8215,407.8098,82.6285
332.9069,83.4271,443.3271,110.7117,408.5392,251.4978,298.1190,224.2132
392.6229,229.7786,295.7359,250.2777,261.7413,89.6062,358.6283,69.1070
344.3234,235.6532,277.8081,236.1999,276.1971,40.2065,342.7124,39.6598
386.7507,229.0407,294.4431,242.3894,266.8118,51.3170,359.1194,37.9682
391.5535,231.4123,296.3174,244.6989,269.6414,53.4908,364.8774,40.2041
346.0850,235.5786,272.6710,235.6351,272.5133,30.8151,345.9274,30.7586
360.7853,234.6731,278.0172,244.9809,257.3072,78.6855,340.0753,68.3778
383.7297,233.5244,267.0603,242.8425,254.7329,88.4940,371.4023,79.1759
385.5108,232.2291,268.5804,246.6016,248.8535,86.1094,365.7839,71.7370
383.9027,234.6706,261.8632,238.7753,255.8018,58.5572,377.8413,54.4525
386.5208,232.9813,264.8621,237.7622,258.3202,71.2907,379.9789,66.5098
271.4991,70.1746,398.9762,82.6181,383.4571,241.6024,255.9801,229.1590
310.9813,76.3380,410.9641,89.5514,390.3943,245.1980,290.4116,231.9846
412.8025,233.3322,292.7080,238.7886,287.0413,114.0653,407.1357,108.6088
420.5526,234.1813,293.7203,239.2482,288.7913,115.8667,415.6235,110.7998
311.9134,77.8674,434.7941,94.4297,414.2234,247.0497,291.3427,230.4874
327.2876,75.4318,426.5219,90.1213,403.4177,246.2005,304.1835,231.5111
329.8543,71.7988,437.4537,105.2824,391.1544,254.0650,283.5551,220.5814
304.6451,73.1921,395.9256,87.3083,371.4728,245.4287,280.1922,231.3125
379.5792,233.4258,275.4902,241.4922,263.2995,84.1839,367.3885,76.1174
347.6779,233.6987,267.0525,241.7961,249.0333,62.3787,329.6587,54.2813
392.7946,224.8940,269.2290,254.6103,234.6462,110.8086,358.2118,81.0924
333.2878,235.4980,221.3206,238.2832,217.4214,81.5317,329.3885,78.7465
341.5297,233.6506,229.2410,245.5178,211.9375,81.7896,324.2261,69.9224
339.7846,228.3133,229.6481,248.6730,200.6107,91.5943,310.7473,71.2346
337.6950,221.4790,235.0938,252.1053,189.7682,100.2598,292.3694,69.6335
328.5098,224.5516,225.0402,251.6000,185.9333,102.0027,289.4030,74.9542
300.1978,231.1685,225.6354,250.8168,185.1809,97.2975,259.7433,77.6492
289.3786,235.6044,223.3519,244.6058,201.6420,85.3588,267.6687,76.3575
313.5801,231.8298,224.9023,243.3304,203.6015,79.0859,292.2793,67.5853
337.1909,230.4440,242.6526,248.8831,211.8848,91.1356,306.4231,72.6965
347.2931,231.8501,245.8107,249.4887,222.8198,117.2118,324.3022,99.5733
360.9775,229.9269,258.3097,244.5284,240.1891,117.1169,342.8569,102.5154
335.5660,235.6292,269.7284,238.8463,263.2235,105.7252,329.0611,102.5080
380.6438,228.2631,303.5581,247.9672,269.3086,113.9777,346.3943,94.2735
377.0765,230.2873,309.0865,254.6499,259.1958,115.4170,327.1857,91.0544
380.5119,225.0698,313.0058,257.3588,247.6208,120.6594,315.1269,88.3704
377.0207,228.8147,311.4097,258.3748,258.0570,139.9540,323.6680,110.3940
368.3394,230.2237,308.0698,254.1681,261.2630,136.3527,321.5326,112.4083
359.6581,231.5238,294.4326,251.3389,257.5828,130.0400,322.8082,110.2249
374.0510,218.8971,292.0288,249.6332,250.0851,137.7026,332.1072,106.9664
384.4855,179.7721,309.2063,253.7420,219.0079,161.9472,294.2871,87.9772
352.6007,224.8597,287.8776,251.2201,236.5790,125.2659,301.3021,98.9055
378.1125,218.8271,279.6349,247.1092,244.1618,123.5926,342.6394,95.3105
372.8348,221.6470,286.1130,244.3436,253.7013,120.5008,340.4231,97.8043
366.4073,225.6354,292.4653,242.1965,265.7771,123.0385,339.7191,106.4775
366.0230,226.4140,306.9245,244.2800,270.7953,124.7698,329.8938,106.9037
369.2437,231.1663,308.7689,250.6736,270.7350,132.7646,331.2097,113.2572
376.3394,231.9995,307.9040,254.9263,268.1395,136.2316,336.5749,113.3047
386.6646,232.4360,315.9093,254.1508,278.4331,132.0390,349.1883,110.3241
386.2938,232.6051,313.5160,249.5959,285.7862,130.8190,358.5640,113.8282
380.6090,232.9445,312.0101,242.9196,294.8734,125.0694,363.4723,115.0943
374.0092,234.2758,320.0370,241.2445,303.8485,115.8653,357.8207,108.8966
374.1826,233.1183,329.8718,241.2589,306.6177,114.6837,350.9285,106.5430
379.1383,234.5768,323.9210,242.5364,307.1423,126.1396,362.3595,118.1799
391.2928,233.2930,322.2862,247.2054,300.8949,141.1032,369.9015,127.1908
396.8634,233.8431,327.0229,252.0953,297.9894,141.0010,367.8298,122.7488
390.3618,234.0900,327.4200,244.7844,308.5976,134.0053,371.5394,123.3109
374.1242,235.0461,326.9595,237.8277,320.0936,121.4100,367.2583,118.6284
374.0311,235.7350,333.2864,239.5080,322.3054,120.9258,363.0500,117.1527
375.4097,236.3948,326.8225,241.1991,316.3113,134.8975,364.8986,130.0932
390.7611,229.0814,325.3978,249.5895,294.0063,149.5385,359.3696,129.0304
394.0511,227.6354,328.7357,248.0491,296.5429,145.0456,361.8583,124.6319
387.9384,220.9389,320.6631,242.0504,292.3882,151.9480,359.6636,130.8364
371.0273,222.7802,310.8495,229.3211,301.1816,140.3749,361.3594,133.8340
308.6978,129.4238,356.1154,131.0805,352.4115,237.0969,304.9938,235.4402
348.7772,235.5753,312.2574,238.8109,302.4255,127.8392,338.9453,124.6036
350.3940,236.1046,309.4004,243.3109,290.9059,138.1041,331.8996,130.8978
352.5829,233.6940,306.5861,246.0241,280.0231,146.9327,326.0200,134.6026
353.2876,222.9586,295.6096,238.7120,275.3733,164.6210,333.0513,148.8676
337.3147,216.1323,285.8979,227.6622,272.5945,168.3365,324.0113,156.8066
343.4313,212.2397,287.1562,232.0235,261.1414,158.0241,317.4165,138.2403
334.8041,226.4839,290.8477,237.2448,268.6913,146.7393,312.6476,135.9785
336.2659,231.0563,297.9042,239.5521,276.5134,142.9648,314.8751,134.4690
340.6367,226.9183,294.2957,239.3563,269.9077,148.4922,316.2488,136.0543
349.4135,224.4494,301.7833,242.3843,268.2781,153.4038,315.9084,135.4689
343.3433,221.3156,292.1599,237.5759,265.3387,153.1497,316.5221,136.8893
333.8788,220.1422,282.4510,229.3495,269.5996,157.5684,321.0274,148.3610
327.3059,222.0404,283.5940,228.8969,272.0247,155.1399,315.7366,148.2834
322.1534,233.4415,290.9339,237.4694,278.8904,144.1240,310.1098,140.0960
319.7387,237.0691,290.8481,238.7707,285.2589,143.8752,314.1495,142.1736
323.5528,235.3651,291.1881,239.5852,279.8879,152.9224,312.2526,148.7023
328.1744,226.2835,290.0521,233.1784,277.4848,163.6924,315.6071,156.7975
336.3151,227.0619,287.5227,236.0141,276.7128,177.0970,325.5052,168.1447
338.9250,219.6610,286.6701,229.3867,276.4489,174.4687,328.7037,164.7430
329.0967,231.8949,293.2748,237.9182,281.3309,166.8853,317.1528,160.8620
329.3154,234.6004,300.6599,239.7409,286.9899,163.5373,315.6454,158.3968
333.6024,233.6418,306.4959,238.4618,292.1155,157.5913,319.2220,152.7712
339.2054,230.6443,309.5937,237.4098,291.6949,159.0685,321.3066,152.3030
342.7149,232.3230,310.4282,240.2756,290.7203,160.2634,323.0070,152.3109
342.4090,228.2120,307.0772,234.4583,294.7399,164.6731,330.0717,158.4268
342.8187,227.9918,305.5406,232.0348,298.6207,168.2306,335.8988,164.1876
339.4475,224.8844,307.6820,228.2994,301.4435,170.2715,333.2090,166.8564
336.8434,235.3261,310.4257,237.8869,303.2388,163.7451,329.6566,161.1844
335.0532,235.9827,312.0997,238.3801,304.3721,164.3952,327.3256,161.9977
336.7725,236.4402,314.6711,239.3560,305.8266,172.3169,327.9280,169.4011
337.3543,231.8161,307.9187,235.3649,300.8862,177.0324,330.3218,173.4837
340.0134,230.4169,307.1140,234.9685,300.1769,184.8265,333.0763,180.2750
330.8828,232.0440,305.8254,234.9727,298.9419,176.0786,323.9993,173.1499
332.9494,234.8201,308.2729,237.1754,301.9763,171.2077,326.6527,168.8523
329.1921,233.9191,308.3574,235.5885,303.1125,170.1314,323.9473,168.4620
327.6223,230.9901,305.9120,232.8735,300.3674,168.9581,322.0776,167.0747
325.0704,232.9043,303.7228,234.1845,299.8925,170.3126,321.2401,169.0325
322.8094,231.5256,299.6672,232.5458,296.9414,170.7162,320.0836,169.6960
298.1747,168.9467,319.5838,169.0581,319.2420,234.7173,297.8329,234.6058
296.4141,170.3242,316.7766,170.6246,315.8926,230.5387,295.5300,230.2382
297.0083,169.0110,315.6634,169.6046,313.6686,232.2929,295.0136,231.6993
295.6206,170.8329,315.4233,171.1922,314.3742,229.0027,294.5715,228.6433
298.0507,170.7202,317.4602,171.8241,314.1882,229.3551,294.7787,228.2512
294.5809,172.9428,316.9173,173.0665,316.6135,227.9456,294.2770,227.8220
315.5498,224.7515,296.2176,226.5428,291.2553,172.9898,310.5875,171.1985
315.5160,220.9920,297.9763,222.2923,294.2813,172.4491,311.8210,171.1488
317.8076,218.3256,298.5923,219.7722,294.9388,171.2401,314.1541,169.7935
318.4253,219.5292,299.0971,220.3754,296.9230,170.7129,316.2512,169.8667
299.8973,169.7855,319.3902,170.2731,318.1478,219.9385,298.6549,219.4508
299.3864,170.8200,317.8547,171.1329,317.0463,218.8410,298.5781,218.5281
299.2918,168.9078,315.2685,169.0973,314.6770,218.9718,298.7003,218.7824
301.4762,170.5951,317.2314,171.5513,314.3818,218.5049,298.6266,217.5487
300.9518,172.3443,317.7467,173.6646,314.2061,218.7029,297.4112,217.3826
314.1328,214.2368,296.7116,214.4200,296.2786,173.2349,313.6998,173.0518
314.3868,213.5546,296.9258,214.6883,294.2296,173.1606,311.6906,172.0269
314.2192,213.2604,298.2878,213.9479,296.4879,172.2388,312.4193,171.5513
315.4628,211.7022,299.4539,213.4436,294.8844,171.4373,310.8933,169.6958
317.6688,208.7376,300.1653,210.9493,294.9882,169.9779,312.4917,167.7662
319.7059,204.2166,299.7609,207.1755,294.1522,169.3693,314.0972,166.4104
320.4005,200.1360,302.9690,204.2725,294.5971,168.9922,312.0287,164.8557
315.5693,203.5035,299.9468,204.8515,296.7371,167.6544,312.3596,166.3063
317.2567,202.2079,301.4295,204.4705,296.2892,168.5146,312.1165,166.2519
317.3947,199.6925,300.7198,202.4327,295.1488,168.5322,311.8237,165.7919
314.7393,199.7027,298.2098,201.3724,294.8016,167.6323,311.3311,165.9626
313.0937,200.2727,298.9841,201.7212,295.3757,166.5730,309.4853,165.1244
311.3987,198.5368,296.9577,199.4559,294.6400,163.0393,309.0810,162.1202
312.6245,197.1530,296.7611,199.7378,291.5877,167.9877,307.4510,165.4029
310.0142,197.4804,292.6538,199.0862,289.7200,167.3699,307.0804,165.7641
307.2209,198.8611,292.4242,200.2743,289.2958,167.5197,304.0925,166.1064
305.2743,197.9391,292.2968,199.2453,289.0376,166.8622,302.0152,165.5561
300.8826,197.9723,288.5057,198.3812,287.2773,161.1976,299.6542,160.7887
298.3351,200.4814,287.4978,200.5114,287.3848,159.5916,298.2220,159.5617
299.3150,198.7592,286.8191,199.6702,284.2735,164.7492,296.7694,163.8383
299.5887,198.2260,286.4178,200.3305,280.7747,165.0132,293.9456,162.9087
299.3939,198.1534,285.9635,200.8174,279.0992,166.2116,292.5296,163.5476
298.6407,197.2429,285.1897,200.0532,277.9223,165.2695,291.3732,162.4592
295.1534,197.9882,282.8004,200.2513,276.0894,163.6210,288.4423,161.3579
292.8922,197.8037,281.3513,200.0519,274.2306,163.4990,285.7715,161.2508
291.0865,197.3969,277.8409,199.7134,271.7567,164.9248,285.0023,162.6083
288.9736,196.9031,277.0761,199.4930,269.7419,165.8002,281.6394,163.2104
283.5995,193.1015,272.7053,194.3430,269.4040,165.3740,280.2983,164.1326
281.5341,196.8337,271.8098,197.9428,268.0701,165.1554,277.7943,164.0462
280.3860,196.9445,269.7712,198.1799,265.8274,164.2940,276.4421,163.0586
279.6328,197.8631,268.5591,199.7899,262.6524,165.8439,273.7261,163.9171
279.2705,197.3569,266.3501,199.6778,260.3114,166.0601,273.2318,163.7392
273.9933,197.7638,262.0421,198.7629,259.1324,163.9555,271.0836,162.9565
273.9464,196.7911,261.5172,198.4962,257.0733,166.1032,269.5025,164.3981
274.2321,198.4826,261.6245,200.7257,255.7940,167.9555,268.4017,165.7124
273.3977,196.2451,260.9031,199.1026,253.6261,167.2840,266.1207,164.4264
272.9903,196.0614,258.9717,199.6292,250.7442,167.3015,264.7628,163.7338
267.3821,198.5289,252.7468,200.3040,248.6439,166.4771,263.2791,164.7019
267.6125,197.5277,253.5051,200.5606,246.0284,165.7837,260.1358,162.7507
265.0794,197.4615,252.5308,199.9962,245.8859,167.0995,258.4345,164.5648
259.4613,197.0163,247.7626,198.0786,244.8599,166.1112,256.5586,165.0490
257.3162,196.0041,245.2317,197.3024,241.9985,167.2083,254.0830,165.9100
255.3926,197.2719,244.0604,198.4237,240.8210,166.5528,252.1532,165.4009
254.1381,196.8721,242.7624,199.0176,236.9896,168.4097,248.3653,166.2642
250.2740,199.4670,241.0064,200.6335,236.6822,166.2799,245.9498,165.1133
246.8757,198.8626,236.6061,199.6353,234.0855,166.1358,244.3552,165.3631
246.2012,198.3786,235.1579,200.0254,230.3534,167.8072,241.3967,166.1603
244.9441,198.7406,233.0385,200.0063,229.4632,166.3776,241.3689,165.1118
243.0531,197.9362,231.6547,199.3641,227.4399,165.7193,238.8383,164.2914
241.8575,197.2336,230.1264,199.0873,225.2316,168.1117,236.9628,166.2579
239.6367,198.6092,225.1027,199.3505,223.4471,166.8932,237.9811,166.1519
236.5499,200.4630,222.6316,200.6042,222.2782,165.7519,236.1965,165.6107
234.5804,200.0918,220.6089,200.7043,219.1000,166.2821,233.0715,165.6697
231.8409,198.3228,218.1254,199.1395,216.1444,165.8687,229.8599,165.0521
230.3215,199.4895,217.7100,200.7094,214.4891,167.4105,227.1006,166.1906
226.2313,198.6802,214.9294,199.7092,212.0858,168.4784,223.3876,167.4494
224.5359,199.8214,213.0507,200.9438,210.0007,169.7324,221.4859,168.6101
222.5091,198.2420,209.0950,198.6662,208.2092,170.6587,221.6233,170.2344
220.3077,199.0005,208.9458,200.3415,205.3988,170.2888,216.7607,168.9478
219.1138,196.4246,206.3640,197.6057,203.8865,170.8612,216.6363,169.6801
215.3043,195.8351,202.7446,196.5245,201.3167,170.5118,213.8764,169.8224
213.0512,195.4749,199.9067,195.9835,198.9405,171.0128,212.0849,170.5042
211.8447,196.8786,199.9372,197.8104,197.8464,171.0931,209.7540,170.1613
208.6050,196.5523,197.0646,197.2037,195.5760,170.8310,207.1165,170.1796
207.5247,196.2108,195.3296,196.7077,194.2923,171.2488,206.4874,170.7520
192.7026,169.8884,205.2717,170.5475,203.7930,198.7445,191.2240,198.0854
192.0883,169.6764,205.7300,170.8099,203.4713,197.9919,189.8297,196.8584
190.1904,168.7492,203.7607,169.9168,201.2273,199.3603,187.6570,198.1927
188.9512,168.7767,202.9112,169.7650,200.8307,199.1526,186.8707,198.1643
187.0002,168.7189,200.8642,169.7477,198.7152,198.7063,184.8513,197.6775
185.7932,169.8135,199.0413,170.6149,197.3198,199.0719,184.0717,198.2704
183.5197,169.8970,196.9832,170.4365,195.8691,198.2382,182.4056,197.6987
193.8476,197.0322,182.5758,197.5609,181.1930,168.0775,192.4648,167.5489
192.2668,196.2874,180.3394,196.5304,179.7687,168.5146,191.6961,168.2717
178.5794,168.9841,190.3959,169.4424,189.3017,197.6569,177.4852,197.1987
188.6291,196.8403,176.3667,197.0504,175.8929,169.3987,188.1552,169.1885
188.8789,196.8589,175.8223,197.9049,173.6427,170.6975,186.6993,169.6515
189.1882,196.6492,174.8209,198.3793,171.6058,171.6810,185.9731,169.9509
187.4924,196.2335,174.2510,198.1097,170.5539,172.0170,183.7953,170.1408
186.1932,197.0931,172.5843,198.3333,170.1070,171.1514,183.7159,169.9112
184.7134,197.2009,172.9920,198.4204,170.0701,170.3362,181.7916,169.1168
182.2353,197.6352,170.5938,198.1667,169.2084,167.8183,180.8498,167.2868
182.1887,196.5191,171.1932,196.9450,170.0320,166.9675,181.0275,166.5415
181.6669,198.7047,172.1804,199.2830,170.2722,167.9811,179.7587,167.4028
181.0701,197.5746,170.7448,197.8960,169.8784,170.0579,180.2036,169.7365
170.1959,171.0758,180.4022,171.2389,179.9551,199.2095,169.7488,199.0464
169.1039,171.1512,179.3909,171.2294,179.1762,199.4644,168.8892,199.3861
169.0639,169.8841,179.1934,170.6280,177.1254,198.7879,166.9960,198.0441
166.2111,168.6479,177.2322,169.4652,174.9856,199.7620,163.9644,198.9447
166.4137,170.5353,177.5647,171.6254,174.8549,199.3449,163.7040,198.2548
166.4560,170.5888,177.0058,171.5875,174.4199,198.9054,163.8700,197.9067
166.0645,169.9625,175.7241,170.6153,173.7961,199.1437,164.1365,198.4909
166.1534,170.7929,176.2699,171.5916,174.1956,197.8632,164.0792,197.0645
164.4404,169.5288,176.5419,170.6292,174.0571,197.9564,161.9555,196.8561
166.4087,168.3891,177.9565,170.1048,173.7798,198.2162,162.2321,196.5005
165.2890,169.2854,177.3372,171.0647,173.3282,198.2103,161.2800,196.4309
166.6107,168.3497,177.7630,170.1033,173.1032,199.7391,161.9508,197.9856
167.3033,168.6848,177.7299,170.2193,173.4819,199.0853,163.0552,197.5509
166.7447,168.9840,177.1930,170.1962,173.8594,198.9289,163.4110,197.7167
167.4581,167.9059,177.2229,168.8316,174.3805,198.8153,164.6157,197.8896
167.1905,167.0439,176.8768,167.7841,174.3922,200.2978,164.7059,199.5576
166.9309,168.0425,176.7539,168.6537,174.8249,199.6531,165.0020,199.0419
166.5789,167.1859,176.3842,167.5350,175.2455,199.5153,165.4401,199.1661
166.1975,168.2864,176.6271,168.4140,176.2355,200.4122,165.8060,200.2845
167.3217,167.9058,177.9207,168.1084,177.3214,199.4626,166.7224,199.2601
167.8898,166.7527,178.7276,167.3034,177.0864,199.6017,166.2486,199.0510
168.9296,168.0677,179.0536,168.6493,177.2721,199.6575,167.1482,199.0759
168.0546,166.7037,179.0525,167.3791,177.0701,199.6583,166.0721,198.9829
169.1045,167.1193,178.9526,167.7591,176.8595,199.9741,167.0114,199.3342
169.3560,165.6986,179.4554,166.4588,176.9545,199.6848,166.8551,198.9247
169.3362,166.0936,179.0993,166.8371,176.5980,199.6837,166.8349,198.9403
169.1453,165.7551,178.9770,166.3658,176.8504,200.5999,167.0187,199.9891
167.8527,165.7849,178.2228,166.2841,176.6207,199.5655,166.2505,199.0663
168.3025,165.7036,178.4170,166.4384,176.0026,199.6708,165.8881,198.9360
169.4070,165.7385,178.3708,166.4185,175.8507,199.6430,166.8868,198.9631
169.4885,165.7118,178.7510,166.4803,175.9149,200.6628,166.6524,199.8943
168.6999,165.6439,178.6554,166.5452,175.5629,200.7055,165.6073,199.8042
168.0972,167.1014,178.2807,167.7663,176.1345,200.6381,165.9509,199.9731
168.9774,167.1139,178.6702,167.6683,176.8429,199.6166,167.1501,199.0622
169.1749,168.0145,179.2633,168.7572,176.9830,199.7327,166.8946,198.9900
169.1220,167.7515,179.0370,168.3855,177.0358,199.6816,167.1209,199.0476
167.5099,166.8613,178.0062,167.1708,177.0532,199.4967,166.5569,199.1873
167.8141,169.2380,177.6946,169.7847,176.0966,198.6660,166.2161,198.1193
167.9046,168.0522,178.2666,168.6225,176.5596,199.6349,166.1975,199.0646
169.2874,167.7119,179.1013,168.4507,176.7471,199.7222,166.9332,198.9834
168.4207,168.8494,179.6094,169.8818,176.8975,199.2727,165.7088,198.2404
169.0777,168.5623,180.8191,170.1615,177.0084,198.1389,165.2670,196.5397
168.5055,169.2212,181.3754,171.2596,176.9296,199.3297,164.0597,197.2914
169.9420,170.0576,183.0261,172.6233,177.7458,199.5505,164.6617,196.9848
169.9197,171.1412,183.4228,173.6160,178.5751,200.0666,165.0719,197.5918
170.3036,170.9511,183.6121,173.8649,177.7434,200.6700,164.4349,197.7562
171.6304,172.0001,184.4179,175.0598,178.2605,200.7934,165.4730,197.7337
171.9808,172.1597,184.5170,174.5483,179.5645,200.5407,167.0284,198.1521
172.9173,172.0014,185.4802,174.5152,180.3926,199.9420,167.8297,197.4282
173.8970,172.3304,186.1247,173.9957,182.6863,199.2427,170.4586,197.5774
174.8074,171.4146,186.5455,172.8218,183.3957,199.0937,171.6577,197.6864
177.0773,172.0852,188.6852,174.6244,183.0308,200.4732,171.4229,197.9340
178.2559,171.9219,191.0367,174.8875,185.2773,199.7081,172.4966,196.7425
180.0539,170.8892,192.5528,174.3219,185.5454,199.8371,173.0465,196.4044
180.3292,171.8819,193.1616,174.9128,187.3046,199.7105,174.4723,196.6796
182.5966,171.9045,194.7976,175.2847,188.0129,199.7744,175.8119,196.3943
182.0366,173.3804,192.8392,175.1188,188.8718,199.7720,178.0692,198.0336
182.2121,172.4749,195.9189,173.8029,193.4683,199.0966,179.7614,197.7686
184.9545,172.6119,199.2729,173.6524,197.4310,198.9977,183.1126,197.9572
185.9905,172.6510,199.7352,173.7716,197.6784,198.9977,183.9337,197.8770
188.6222,170.1944,201.7811,172.8673,196.5630,198.5564,183.4041,195.8835
191.7352,169.5611,203.3945,171.9412,197.9021,198.8474,186.2428,196.4674
194.8784,169.6544,205.0333,171.0972,200.9903,199.5540,190.8354,198.1112
196.2997,169.5116,206.8280,171.3170,202.0895,198.9504,191.5611,197.1450
197.6483,170.3643,209.0747,172.5662,203.7129,200.3902,192.2865,198.1883
199.8499,170.1827,212.3210,172.4355,207.1994,200.7886,194.7284,198.5359
202.2576,169.1545,215.3090,171.6605,209.8761,199.9556,196.8247,197.4496
203.1833,170.2599,217.0220,172.3786,213.0339,198.4285,199.1952,196.3098
206.9339,169.1142,219.5790,171.6228,214.2395,198.5383,201.5943,196.0297
208.4570,168.4322,220.0514,170.4581,214.9773,199.4985,203.3829,197.4727
208.7548,169.5941,220.5730,171.2789,216.6738,198.6311,204.8556,196.9463
209.6279,169.2850,224.2413,169.9316,222.9112,199.9932,208.2978,199.3466
210.5031,169.1792,224.4265,169.6846,223.4102,197.6877,209.4868,197.1824
212.3684,168.9987,224.7947,169.3165,224.0969,196.6022,211.6706,196.2844
226.7646,196.5973,212.8173,196.8455,212.3412,170.1011,226.2885,169.8528
218.1035,168.2916,229.0680,168.3674,228.8455,200.5658,217.8810,200.4901
222.3401,167.2318,232.7584,167.4674,232.0221,200.0190,221.6038,199.7833
224.7894,165.9589,234.3975,167.0335,230.7359,199.7711,221.1278,198.6965
230.3220,164.9812,239.3508,166.6679,233.1287,199.9746,224.0998,198.2879
232.5560,164.5244,242.3066,165.9905,237.3523,198.9401,227.6016,197.4740
233.7255,165.9484,245.4510,167.1201,242.0820,200.8351,230.3564,199.6634
235.5540,165.9589,247.3235,167.0410,244.1917,201.1035,232.4222,200.0213
237.3081,166.0167,248.8705,166.9436,246.1551,200.8178,234.5927,199.8909
240.9143,166.7828,252.5857,168.2125,248.6742,200.1441,237.0028,198.7144
245.0500,166.3325,256.5073,168.3691,250.8749,200.0565,239.4176,198.0200
244.4652,167.0289,258.1300,169.3417,253.2458,198.1986,239.5810,195.8858
247.3809,167.1792,258.2794,167.4509,257.4894,199.1342,246.5909,198.8625
249.3985,168.0400,260.0049,168.3611,259.1382,196.9852,248.5319,196.6641
252.2476,167.9187,263.2430,168.0850,262.7688,199.4414,251.7734,199.2751
256.1908,167.0084,266.7472,167.7743,264.4315,199.6909,253.8752,198.9250
257.3288,166.9489,271.3491,167.0620,271.0803,200.3810,257.0600,200.2678
261.0531,165.7257,275.2103,166.3676,273.7010,199.6534,259.5439,199.0115
263.9414,165.2015,275.7103,165.7931,273.9969,199.8777,262.2280,199.2861
266.5430,164.8447,278.2459,166.4999,273.3692,200.9808,261.6663,199.3256
270.2643,165.7794,281.7816,167.4199,277.0181,200.8624,265.5009,199.2219
274.4545,165.0176,285.2114,165.9903,282.0565,200.8794,271.2997,199.9067
274.7814,164.7719,287.6630,166.2257,283.8176,200.2988,270.9361,198.8450
279.8301,163.3118,292.4535,165.1654,287.3280,200.0711,274.7046,198.2175
281.9169,163.4565,295.6306,164.7783,292.2458,199.8955,278.5322,198.5737
285.0244,164.3544,298.6925,165.8926,294.8900,199.6793,281.2219,198.1411
288.6436,165.2592,300.3299,165.7112,298.9639,201.0296,287.2776,200.5776
290.4894,166.2657,302.2444,166.6055,301.2653,200.4743,289.5102,200.1344
295.0901,166.9787,304.8468,167.0265,304.6837,200.3461,294.9270,200.2983
297.4479,162.4616,308.9806,162.7231,308.1273,200.3611,296.5945,200.0996
302.2650,159.4221,312.5128,160.0214,310.2051,199.4840,299.9573,198.8848
305.9377,159.5491,317.0197,160.7396,312.7838,200.1682,301.7018,198.9776
310.1743,158.7059,320.8594,158.7849,320.5531,200.1962,309.8681,200.1172
310.8793,166.1696,323.6604,166.7673,322.0777,200.6132,309.2965,200.0155
313.4626,165.3779,325.0274,165.6496,324.1701,202.1347,312.6052,201.8630
317.4236,164.1321,330.0800,165.1100,327.2524,201.7074,314.5960,200.7295
320.5073,164.3542,332.5099,164.7044,331.4489,201.0773,319.4463,200.7272
323.2176,164.9224,337.1404,165.0915,336.7321,198.7030,322.8093,198.5339
340.9364,196.5698,327.0536,196.7163,326.7405,167.0392,340.6233,166.8927
346.7848,198.5010,335.7014,200.2751,330.3277,166.7024,341.4111,164.9284
351.0105,198.0120,339.0110,200.3893,332.1350,165.6818,344.1345,163.3046
354.0826,199.2327,340.4493,201.2027,335.7398,168.6101,349.3732,166.6402
353.4285,200.0100,343.7589,200.8311,340.9718,168.0075,350.6414,167.1864
342.2823,167.7038,355.5342,168.9451,352.6818,199.3975,339.4299,198.1562
364.7847,198.8936,344.2387,199.8084,342.8153,167.8395,363.3613,166.9247
365.2595,198.3885,346.5297,198.8476,345.7917,168.7385,364.5214,168.2794
368.9393,196.3905,351.6135,199.9011,345.5102,169.7800,362.8359,166.2693
367.4740,197.7628,353.2077,199.1850,350.2487,169.5027,364.5150,168.0805
375.8216,188.5935,361.1329,196.6478,347.9043,172.5230,362.5930,164.4686
376.5236,188.9260,360.3542,196.1856,349.9179,172.9409,366.0874,165.6813
380.3926,185.3669,365.8449,195.7975,350.9304,174.9961,365.4781,164.5655
376.5915,195.6669,362.4009,197.1713,359.2889,167.8173,373.4795,166.3129
381.9233,190.6428,367.8295,196.1501,358.0732,171.1824,372.1670,165.6752
380.2245,191.3748,366.5538,196.1082,358.4536,172.7139,372.1243,167.9804
380.8108,199.5419,366.3456,200.8723,363.5701,170.6944,378.0353,169.3640
382.7850,198.6283,369.0987,200.9105,364.2102,171.5950,377.8965,169.3128
382.7780,198.4090,368.4608,200.5854,364.1189,172.0240,378.4361,169.8475
384.8338,199.6007,371.8735,200.9776,368.6500,170.6377,381.6104,169.2608
382.3026,200.2626,370.4918,200.2742,370.4611,168.9142,382.2719,168.9026
383.1859,198.8022,371.1460,199.3316,369.7685,168.0060,381.8084,167.4765
383.7200,198.6976,371.1433,199.2196,369.8305,167.5898,382.4071,167.0677
383.2750,196.6384,371.6364,197.0979,370.4814,167.8480,382.1200,167.3884
384.0725,197.4119,370.9710,198.1298,369.3260,168.1120,382.4275,167.3940
384.0357,196.4380,370.2761,196.4734,370.2042,168.5941,383.9638,168.5587
371.1023,167.9545,384.9913,168.0476,384.7982,196.8589,370.9092,196.7659
372.3702,167.1441,383.9823,167.4210,383.2645,197.5306,371.6524,197.2537
373.0801,166.0351,383.9514,166.7815,381.7593,198.7069,370.8880,197.9604
373.2720,166.1471,382.7913,166.8901,380.1545,200.6702,370.6353,199.9272
