1
565.6187,216.9364,559.5960,226.7895,529.1548,208.1827,535.1774,198.3296
561.8633,222.5804,555.6556,232.4334,527.1724,214.4882,533.3800,204.6352
558.4474,230.7226,552.0596,240.7130,524.7729,223.2661,531.1608,213.2757
557.2944,238.2267,550.8701,247.6770,523.9922,229.4054,530.4167,219.9550
554.2932,244.3721,547.8228,254.0228,521.5234,236.3899,527.9938,226.7393
553.8910,252.2450,547.1767,261.5756,521.2974,242.9528,528.0117,233.6222
554.7100,260.6465,548.3652,269.1081,521.4635,248.9363,527.8083,240.4747
553.3569,265.1234,547.5838,272.5617,523.2398,253.6677,529.0129,246.2294
556.5510,269.7083,550.7862,277.2688,525.2481,257.7962,531.0129,250.2357
558.0552,271.4859,552.6427,278.7827,529.4606,261.5869,534.8731,254.2901
561.5444,270.8107,555.5596,278.7658,533.5983,262.2437,539.5831,254.2886
568.5014,272.5955,562.7847,279.8904,541.2097,262.9829,546.9264,255.6880
576.9681,275.3524,571.6710,282.3819,550.3163,266.2898,555.6135,259.2603
586.4380,277.1866,581.5674,284.7346,557.5453,269.2334,562.4160,261.6854
595.0134,278.7678,590.1262,285.7479,568.6522,270.7129,573.5393,263.7328
606.7491,281.0556,602.1998,287.6295,582.0884,273.7114,586.6378,267.1376
617.4411,280.5812,612.4394,287.7138,591.6620,273.1437,596.6637,266.0111
629.9059,284.5045,624.9978,291.5321,603.6855,276.6477,608.5936,269.6201
637.7980,285.6566,633.5581,292.1571,613.4630,279.0504,617.7028,272.5499
646.4776,286.7368,641.0446,293.8607,621.7853,279.1729,627.2183,272.0489
656.3637,289.3689,652.0742,296.6601,631.8649,284.7708,636.1544,277.4796
663.2995,290.1406,659.3550,299.0551,636.8027,289.0761,640.7473,280.1616
671.6508,291.4949,667.8647,300.8490,647.5402,292.6226,651.3264,283.2685
676.2506,292.7847,672.6415,302.0756,654.0009,294.8345,657.6100,285.5436
680.0495,294.5036,676.1945,302.5367,657.7191,293.6706,661.5740,285.6375
682.7721,290.0656,679.8342,304.8004,658.9547,300.6373,661.8926,285.9024
690.3488,292.8778,685.2953,304.1322,662.3987,293.8510,667.4523,282.5966
695.4649,291.7645,694.0095,302.8327,673.8422,300.1807,675.2977,289.1125
698.8972,290.7322,697.6049,302.9308,679.2407,300.9853,680.5330,288.7866
702.9501,289.2277,702.4081,302.2040,683.1513,301.3996,683.6934,288.4232
707.4847,288.5139,707.2017,300.3318,686.7440,299.8419,687.0270,288.0240
713.0370,285.4752,714.7709,296.1208,691.5675,299.8999,689.8337,289.2542
711.8480,282.4814,715.4780,292.9611,697.0009,299.3613,693.3708,288.8817
714.2194,280.5555,717.6653,291.3530,698.6120,297.4335,695.1661,286.6361
717.6231,278.2032,721.2892,288.8981,702.7936,295.2381,699.1276,284.5432
724.1347,276.5716,725.6705,287.8217,706.2787,290.4691,704.7429,279.2190
729.6640,271.4731,733.3146,281.1065,715.3514,287.9137,711.7008,278.2803
734.3848,267.0453,738.5882,276.2202,721.1754,284.1979,716.9720,275.0230
742.4340,262.1614,745.8759,271.8409,728.9163,277.8716,725.4743,268.1921
751.8177,256.7655,756.2422,265.4776,739.3018,274.0811,734.8772,265.3690
757.9088,253.2713,763.1599,262.5438,746.2440,272.1233,740.9930,262.8508
772.8016,248.3038,777.1446,256.3819,759.7670,265.7244,755.4240,257.6462
782.2757,245.2637,785.8696,256.0558,768.1696,261.9501,764.5757,251.1580
796.8498,237.9980,800.9880,248.2139,783.0085,255.4970,778.8702,245.2811
811.2408,233.8076,815.2198,244.5301,797.8908,250.9608,793.9117,240.2383
825.9605,229.5271,829.1469,241.1082,809.3789,246.5472,806.1925,234.9662
841.5478,227.1956,844.0839,238.2659,824.8051,242.6825,822.2689,231.6122
856.6362,222.6280,860.2628,232.1525,842.5536,238.8955,838.9270,229.3710
873.6710,220.3569,875.7480,230.9136,855.1431,234.9678,853.0660,224.4110
891.6007,215.2974,894.8107,224.1571,873.2928,231.9532,870.0829,223.0934
906.5265,214.4809,908.0983,223.9165,888.0408,227.2578,886.4690,217.8222
921.4253,207.8879,922.4306,220.2048,900.5035,221.9945,899.4982,209.6776
936.0734,203.2233,937.2325,214.5092,916.3424,216.6549,915.1832,205.3689
950.9935,199.0818,951.6313,211.0351,930.6612,212.1541,930.0233,200.2008
965.1847,193.8916,965.2914,204.6770,945.2924,204.8750,945.1857,194.0896
976.1788,184.1125,978.5192,196.8970,959.9706,200.2926,957.6302,187.5081
990.0083,176.3734,993.7905,186.6482,975.9600,193.2115,972.1779,182.9367
1001.2376,171.0555,1004.8980,181.7578,987.8667,187.5829,984.2062,176.8806
1012.5087,169.1491,1012.8768,180.2022,995.0280,180.7965,994.6600,169.7434
1022.2499,166.0061,1024.9381,176.8993,1008.4333,180.9725,1005.7450,170.0793
1034.6317,162.8960,1037.2478,173.4282,1021.7197,177.2854,1019.1036,166.7532
1044.2886,159.6971,1048.8024,171.2114,1033.5640,177.1852,1029.0500,165.6709
1055.8602,161.1505,1060.0176,172.5893,1044.0400,178.3961,1039.8827,166.9572
1063.6812,165.3437,1069.7314,175.4414,1055.1488,184.1790,1049.0985,174.0812
1070.9524,171.2083,1077.2531,180.9325,1062.4250,190.5400,1056.1244,180.8159
1077.8202,171.6389,1082.9539,182.2405,1067.6533,189.6495,1062.5197,179.0479
1083.0529,167.3952,1087.1328,177.8620,1072.2253,183.6730,1068.1454,173.2062
1085.6665,158.9762,1090.5714,170.5566,1076.7593,176.4068,1071.8544,164.8265
1089.0878,150.0773,1094.8672,160.3541,1080.9211,168.1969,1075.1418,157.9201
1091.8789,143.8614,1096.8948,153.6531,1082.6544,160.9478,1077.6385,151.1560
1093.9829,137.9566,1098.8345,147.3719,1083.7227,155.1586,1078.8711,145.7433
1095.6815,134.5795,1100.1786,144.4027,1085.9495,150.9169,1081.4523,141.0937
1098.2483,126.2814,1104.2510,136.3548,1089.1042,145.3806,1083.1016,135.3072
1101.0986,122.3232,1105.4634,132.0168,1089.1281,139.3722,1084.7633,129.6786
1102.5385,118.7105,1106.0165,130.2067,1089.0256,135.3469,1085.5477,123.8507
1104.2847,118.5631,1106.9723,129.9876,1090.4240,133.8806,1087.7363,122.4560
1105.8384,113.3740,1110.7003,123.3611,1096.9651,130.0476,1092.1033,120.0605
1106.8639,106.8587,1112.5808,116.4276,1099.7312,124.1047,1094.0142,114.5358
1110.6294,96.0527,1114.4034,106.4427,1099.5977,111.8206,1095.8237,101.4306
1109.8472,84.8602,1114.1987,93.7539,1101.2135,100.1074,1096.8619,91.2137
1112.8884,77.1834,1116.1879,87.4633,1101.2023,92.2731,1097.9028,81.9932
1116.3975,75.3459,1119.8480,85.5611,1104.8883,90.6143,1101.4377,80.3991
1121.8483,71.6052,1124.1473,81.9524,1107.6212,85.6245,1105.3221,75.2773
1125.1300,64.0760,1128.2363,74.0836,1112.1929,79.0635,1109.0865,69.0558
1131.3516,58.4210,1134.0052,68.5586,1117.5889,72.8558,1114.9352,62.7182
1137.0616,53.8334,1139.3169,64.0106,1122.2998,67.7815,1120.0446,57.6042
1141.8939,50.8929,1145.9872,61.7681,1130.9622,67.4233,1126.8689,56.5481
1147.3395,48.1318,1151.6227,57.7829,1136.0742,64.6835,1131.7910,55.0325
1154.7961,43.3310,1157.9465,54.0484,1140.1864,59.2691,1137.0360,48.5517
1159.6998,42.8868,1163.7129,53.3162,1148.5812,59.1386,1144.5681,48.7092
1168.6371,42.0206,1172.2341,52.7916,1154.5891,58.6844,1150.9921,47.9134
1171.2368,40.1491,1176.6271,51.7271,1161.3064,58.8598,1155.9161,47.2818
1178.3989,38.6753,1182.6777,49.2464,1167.8372,55.2533,1163.5583,44.6823
1183.3828,34.9228,1189.1577,46.7030,1172.9421,54.6521,1167.1672,42.8719
1190.1019,35.3076,1196.3906,45.2258,1180.9270,55.0304,1174.6384,45.1122
1197.4877,39.6807,1202.0985,47.0664,1186.2960,56.9319,1181.6851,49.5462
1201.7394,41.1383,1208.3848,49.9042,1194.8182,60.1889,1188.1729,51.4231
1209.0347,46.2379,1214.9177,56.1600,1199.8333,65.1039,1193.9502,55.1818
1219.0696,54.6684,1222.3362,61.7620,1204.1698,70.1275,1200.9032,63.0340
1225.6033,66.1720,1228.8191,72.7729,1209.9403,81.9702,1206.7245,75.3693
1227.4231,77.2638,1233.3352,88.3813,1218.1487,96.4572,1212.2366,85.3396
1236.1093,94.4060,1239.4879,104.5504,1222.4103,110.2384,1219.0315,100.0940
1242.4634,110.8541,1244.1156,119.3564,1226.4460,122.7899,1224.7939,114.2876
1250.1287,127.3508,1250.8865,134.2397,1231.0063,136.4264,1230.2485,129.5375
1260.4292,143.2455,1261.1750,150.2010,1234.3290,153.0795,1233.5831,146.1241
1261.3928,159.3971,1262.1582,166.4166,1239.2937,168.9097,1238.5283,161.8903
1263.6951,175.0192,1264.3225,181.3671,1242.4292,183.5309,1241.8018,177.1830
1266.8303,191.3416,1267.0729,198.0065,1245.0874,198.8065,1244.8448,192.1416
1275.7008,207.9691,1275.8888,214.9666,1248.8984,215.6914,1248.7106,208.6939
1277.4342,227.9885,1276.8578,237.0593,1249.9121,235.3471,1250.4885,226.2762
1279.9260,249.1079,1279.7114,255.8316,1253.7247,255.0026,1253.9392,248.2789
1279.5692,266.7770,1279.2937,272.8618,1255.3182,271.7764,1255.5938,265.6915
1279.3816,282.4465,1278.7792,288.8996,1254.8831,286.6688,1255.4855,280.2157
1279.0055,295.8685,1277.7686,303.3174,1254.0928,299.3859,1255.3297,291.9370
1277.2770,304.8247,1275.4816,313.0396,1253.0120,308.1289,1254.8073,299.9139
1276.1989,308.2529,1274.4957,317.6019,1251.8680,313.4799,1253.5712,304.1308
1276.3364,312.3190,1275.2753,320.1237,1249.5123,316.6211,1250.5734,308.8164
1270.0068,315.6645,1269.0870,322.2456,1246.3085,319.0622,1247.2281,312.4810
1266.6555,318.4372,1265.5502,325.4921,1241.8395,321.7771,1242.9448,314.7222
1265.6357,322.2987,1265.0527,328.3600,1238.1768,325.7747,1238.7598,319.7133
1256.7061,326.4430,1255.7758,333.4145,1231.9866,330.2401,1232.9169,323.2686
1248.9340,333.2282,1247.2112,340.6029,1223.8403,335.1435,1225.5631,327.7687
1242.1218,339.3553,1241.0426,347.1244,1216.2804,343.6847,1217.3595,335.9156
1235.4230,348.8958,1233.9423,356.6328,1207.5931,351.5902,1209.0739,343.8531
1227.4166,357.3839,1225.9729,365.6680,1200.3590,361.2040,1201.8027,352.9198
1217.0233,367.9344,1215.3260,376.3229,1191.8027,371.5636,1193.4999,363.1751
1209.0769,376.3269,1207.4788,386.1314,1182.8044,382.1097,1184.4025,372.3052
1200.7039,384.4359,1199.1858,393.2398,1173.1626,388.7526,1174.6807,379.9487
1190.6947,393.8647,1188.5742,402.8903,1164.2369,397.1726,1166.3573,388.1470
1180.4398,406.4102,1177.9012,414.8510,1155.0668,407.9836,1157.6053,399.5428
1168.4150,417.4553,1165.6750,426.1299,1145.6503,419.8049,1148.3901,411.1302
1161.7137,431.6995,1158.7589,439.9517,1136.1637,431.8610,1139.1185,423.6088
1152.8733,442.6464,1149.9113,450.7188,1128.2787,442.7807,1131.2408,434.7084
1147.8593,448.9315,1144.5687,456.8810,1121.7449,447.4333,1125.0355,439.4838
1143.4749,453.4251,1140.4448,460.6284,1118.3224,451.3226,1121.3524,444.1193
1137.0966,458.3624,1132.2592,467.9065,1110.9070,457.0844,1115.7443,447.5402
1132.9071,464.4744,1129.3358,471.5483,1106.1260,459.8308,1109.6973,452.7569
1128.0269,466.4446,1124.3218,474.9654,1101.0616,464.8511,1104.7668,456.3303
1124.6143,469.7461,1121.4894,478.7859,1097.6498,470.5449,1100.7747,461.5052
1121.5399,474.3109,1117.9126,482.6071,1094.3063,472.2856,1097.9336,463.9895
1120.4692,473.7361,1117.7899,482.6638,1091.8335,474.8740,1094.5127,465.9464
1115.7247,475.5025,1111.7286,483.0184,1088.7717,470.8125,1092.7678,463.2966
1114.1221,473.8368,1109.9346,480.6940,1088.8618,467.8256,1093.0492,460.9684
1111.3036,467.8192,1107.4778,474.8520,1086.4958,463.4379,1090.3217,456.4051
1112.9492,466.7011,1109.4572,473.6250,1085.4009,461.4924,1088.8929,454.5685
1108.8086,463.0486,1104.8409,470.0684,1084.2181,458.4122,1088.1857,451.3925
1107.2291,460.2404,1103.1595,467.2799,1080.6503,454.2670,1084.7198,447.2275
1105.4545,458.0166,1101.4525,466.3056,1076.5900,454.3020,1080.5919,446.0130
1102.0757,457.4167,1098.5521,466.7475,1072.0027,456.7217,1075.5262,447.3909
1097.0287,456.6621,1093.3809,464.1761,1068.3823,452.0402,1072.0300,444.5262
1088.5837,455.2259,1083.4546,462.1425,1061.7671,446.0599,1066.8961,439.1433
1083.2068,453.3106,1077.8186,461.7824,1055.8799,447.8291,1061.2681,439.3573
1079.7416,452.0217,1075.1812,462.3145,1052.7196,452.3624,1057.2800,442.0697
1074.1519,448.3767,1070.8499,460.9896,1046.7269,454.6744,1050.0288,442.0615
1065.1339,454.7149,1060.6636,461.4595,1038.1583,446.5426,1042.6288,439.7980
1060.1692,451.6020,1056.9054,459.7465,1031.2151,449.4513,1034.4790,441.3068
1052.4049,450.4549,1048.8900,457.8027,1026.7612,447.2173,1030.2761,439.8695
1047.9000,446.6499,1044.0579,454.5019,1021.6530,443.5387,1025.4951,435.6867
1044.1722,441.1245,1040.6428,450.0191,1017.7653,440.9411,1021.2948,432.0465
1041.2463,437.0079,1037.0135,447.0857,1014.6129,437.6773,1018.8456,427.5995
1036.9717,432.6026,1032.7916,444.1010,1011.2119,436.2560,1015.3919,424.7576
1033.7258,430.1154,1029.8079,441.0480,1006.3945,432.6572,1010.3125,421.7246
1026.6938,431.3315,1023.3128,438.3692,999.8771,427.1101,1003.2582,420.0724
1022.6164,428.2693,1019.0280,435.8811,993.2427,423.7255,996.8310,416.1136
1017.1268,428.7909,1013.8328,434.8792,989.2062,421.5550,992.5003,415.4667
1011.4094,427.5312,1007.8992,434.2213,983.9904,421.6765,987.5006,414.9865
1006.6043,426.8580,1002.5138,434.2657,979.7534,421.6975,983.8439,414.2897
1000.9874,427.7028,996.3933,434.4447,974.9075,419.8036,979.5016,413.0618
996.4414,427.6920,989.0281,436.1039,968.0217,417.5909,975.4350,409.1790
992.9262,423.2180,988.2283,434.2159,966.1368,424.7791,970.8347,413.7813
988.4794,427.8165,985.4911,433.6431,960.5894,420.8714,963.5778,415.0448
986.0847,425.8607,982.8445,432.5138,957.6711,420.2542,960.9112,413.6011
981.7326,422.1483,977.6499,429.2413,957.7162,417.7674,961.7990,410.6744
979.7559,416.6633,978.4818,423.2845,950.0042,417.8045,951.2784,411.1833
976.7899,410.6344,975.3075,418.9287,947.7443,414.0022,949.2267,405.7079
975.6483,409.0555,973.8120,416.2789,944.7368,408.8876,946.5731,401.6642
973.8882,401.0916,973.2307,410.2279,941.3133,407.9308,941.9708,398.7945
969.0974,398.5146,967.3891,408.9473,940.7439,404.5846,942.4521,394.1518
967.9139,392.2533,965.9293,402.3659,936.4908,396.5886,938.4755,386.4759
966.3120,384.2987,965.1294,393.4227,941.3285,390.3377,942.5111,381.2138
966.1081,378.7132,963.1125,387.7427,938.4351,379.5559,941.4307,370.5264
963.3513,369.1892,961.6334,381.4714,934.8937,377.7314,936.6116,365.4491
959.3378,368.2721,957.9993,377.5774,930.2845,373.5909,931.6230,364.2856
961.7454,363.2164,959.9623,373.7666,930.3818,368.7674,932.1649,358.2172
963.8792,360.0765,962.4886,369.1635,931.8453,364.4745,933.2358,355.3874
961.2088,355.2038,958.8671,365.6010,928.5627,358.7757,930.9044,348.3785
956.1981,352.8010,955.3732,362.9942,921.1303,360.2231,921.9552,350.0299
948.6694,351.3543,947.8759,363.6282,918.9881,361.7606,919.7816,349.4866
944.1746,351.7623,943.1722,362.9778,913.7087,360.3445,914.7111,349.1289
942.1788,349.2526,940.8587,360.9936,906.9252,357.1781,908.2454,345.4371
942.1196,345.3878,940.2842,356.0554,907.5578,350.4246,909.3932,339.7571
934.4282,338.5995,932.9551,348.5892,902.8823,344.1545,904.3554,334.1649
933.5958,335.7755,932.3622,347.6998,899.2041,344.2693,900.4377,332.3451
924.1625,335.2426,921.2232,348.1598,894.1785,342.0058,897.1178,329.0886
922.5762,332.4852,920.3948,343.6731,888.5233,337.4586,890.7048,326.2708
913.9499,327.4922,913.2857,338.5927,884.3558,336.8618,885.0200,325.7612
909.9221,331.1050,907.4766,341.0468,878.5346,333.9279,880.9800,323.9861
907.8451,329.0272,906.7684,338.6277,870.9927,334.6154,872.0693,325.0148
902.2062,329.1939,901.4280,338.5391,862.5626,335.3029,863.3408,325.9577
889.6760,330.1371,889.5159,339.2849,856.5209,338.7075,856.6810,329.5597
883.9604,332.4563,883.3062,341.8695,851.3832,339.6509,852.0374,330.2377
877.3403,333.4082,876.6473,342.8096,845.3087,340.4995,846.0017,331.0981
871.2298,331.2578,870.8852,341.2093,837.9817,340.0699,838.3263,330.1184
863.2203,332.8019,861.7090,342.6618,831.4803,338.0286,832.9916,328.1687
854.8726,329.2365,853.8315,339.7114,823.9993,336.7461,825.0405,326.2713
848.0975,328.6574,847.3959,338.3447,816.5972,336.1140,817.2988,326.4267
837.7599,330.2722,836.7908,341.5349,808.6329,339.1119,809.6021,327.8492
830.7886,334.2170,830.3136,344.2057,801.0048,342.8120,801.4799,332.8233
825.2977,338.3658,824.8451,348.2415,793.9787,346.8270,794.4313,336.9513
816.8715,339.9919,816.4212,350.9827,786.2031,349.7446,786.6534,338.7538
809.7916,342.1549,808.7930,352.8919,780.0489,350.2188,781.0474,339.4817
803.1122,340.7107,802.0145,351.9084,775.4078,349.3002,776.5055,338.1024
796.8606,342.6295,793.9591,352.1301,763.3545,342.7836,766.2560,333.2829
789.4128,338.3552,784.9633,351.6815,757.4561,342.4970,761.9056,329.1707
785.9853,335.0345,785.0256,344.6812,752.2529,341.4211,753.2126,331.7743
777.5888,328.2260,777.4405,338.8856,749.4432,338.4960,749.5915,327.8365
771.8456,324.2866,771.3300,336.0894,744.6772,334.9250,745.1929,323.1223
769.5659,323.7416,767.2183,332.0302,741.5421,324.7580,743.8897,316.4694
768.4315,315.8376,766.4119,324.8896,735.0327,317.8886,737.0523,308.8365
762.4070,309.3130,760.0893,318.5007,731.6672,311.3308,733.9850,302.1431
758.0445,301.7684,755.3523,312.8527,726.8541,305.9309,729.5463,294.8466
753.5668,295.6607,750.5145,304.1305,723.6028,294.4321,726.6552,285.9624
747.9822,286.3380,744.8510,296.0477,719.4399,287.8531,722.5712,278.1433
743.4771,280.6917,739.9139,291.1393,716.3753,283.1115,719.9384,272.6639
737.2606,276.3147,733.8381,285.0470,710.0609,275.7278,713.4834,266.9956
732.9929,272.1422,728.5620,281.1547,706.0496,270.0867,710.4805,261.0743
731.3735,270.2172,727.0900,278.1812,703.9781,265.7500,708.2617,257.7860
725.4974,262.8066,719.9763,272.6266,698.6381,260.6299,704.1591,250.8098
723.8199,260.8986,718.8682,270.1129,696.6940,258.1965,701.6457,248.9822
722.3103,257.7818,716.8889,267.0317,695.4465,254.4640,700.8679,245.2141
716.0867,253.2348,709.8904,263.0024,692.9481,252.2548,699.1443,242.4871
712.2013,251.3641,706.6655,259.9648,686.1754,246.7765,691.7112,238.1758
708.6430,246.5322,701.4603,257.3677,683.1199,245.2103,690.3026,234.3747
706.2499,245.3897,700.3992,255.6188,678.6630,243.1863,684.5138,232.9572
702.2988,242.2524,696.6037,254.4894,674.3723,244.1429,680.0674,231.9059
699.3549,240.4431,692.9108,253.1810,672.0059,242.6053,678.4499,229.8674
698.1926,239.9124,691.6124,251.2312,668.1010,237.5629,674.6812,226.2441
693.1039,238.5928,685.4697,249.1029,664.8502,234.1255,672.4844,223.6154
689.1242,236.6300,678.8323,247.5421,661.0941,230.8122,671.3860,219.9000
684.8409,228.4334,680.9760,242.6609,657.9722,236.4120,661.8372,222.1844
678.7255,233.1151,670.2343,243.9621,653.0083,230.4774,661.4995,219.6304
673.5223,228.1430,666.9388,239.8166,644.1754,226.9790,650.7589,215.3055
667.0529,225.9913,660.6376,238.8694,637.7664,227.4759,644.1817,214.5979
659.1151,226.9467,653.0092,237.6189,630.8285,224.9285,636.9344,214.2563
653.5749,230.0762,643.2896,241.4865,624.3719,224.4339,634.6572,213.0236
647.7546,232.1758,633.2683,242.2574,620.7103,224.2127,635.1966,214.1311
637.3043,226.7344,629.7650,238.7392,609.2108,225.8305,616.7502,213.8257
630.6540,224.8980,624.1020,237.9356,601.4604,226.5572,608.0125,213.5195
621.8505,222.0273,614.9195,235.2792,594.1413,224.4117,601.0723,211.1599
613.9749,223.5959,602.9942,239.3847,582.7148,225.2810,593.6954,209.4922
606.6630,220.0475,600.0043,234.6160,577.6144,224.3824,584.2731,209.8140
599.3193,222.5727,591.5453,235.2637,568.8117,221.3382,576.5856,208.6472
591.4940,221.8285,582.9368,234.1482,561.0899,218.9735,569.6471,206.6538
582.5461,220.7755,572.1036,236.2092,551.4712,222.2492,561.9136,206.8156
575.9509,221.4998,567.3170,233.7659,546.0558,218.8005,554.6896,206.5345
566.9139,220.5120,558.0103,232.6973,538.5881,218.5058,547.4917,206.3205
560.7784,220.9622,550.7222,233.9794,532.0488,219.5537,542.1050,206.5365
553.9141,225.1312,543.0588,235.4831,524.9633,216.5075,535.8186,206.1556
547.0558,223.3968,536.6560,235.2614,518.8233,219.6303,529.2231,207.7657
542.9917,223.1190,532.7824,235.4385,514.2224,220.0576,524.4316,207.7381
537.8760,222.5713,527.7781,236.0687,508.3964,221.5686,518.4943,208.0712
533.5762,225.2622,522.4521,237.6451,504.2449,221.2887,515.3689,208.9058
529.1488,224.7388,515.1826,237.8855,499.8041,221.5483,513.7703,208.4017
525.4765,223.2463,514.7859,237.6297,495.6058,223.3739,506.2964,208.9905
518.2528,227.8096,503.9394,236.7905,491.8470,217.5181,506.1604,208.5372
513.0331,231.5371,496.9019,236.7645,489.5034,213.9333,505.6346,208.7059
512.4258,231.9683,497.3375,239.8003,485.6144,217.2158,500.7028,209.3838
507.2018,232.3106,493.9047,240.4180,481.4723,220.0277,494.7694,211.9202
504.6657,233.7320,491.7326,243.0890,477.9309,224.0126,490.8641,214.6555
502.9447,238.3903,490.2722,248.0609,475.8658,229.1825,488.5384,219.5119
500.2095,238.9163,489.1982,249.1021,473.5278,232.1616,484.5391,221.9758
497.3529,243.4400,483.0475,253.5964,469.7411,234.8542,484.0466,224.6978
495.0125,247.1339,482.9465,256.8984,467.4838,237.7913,479.5498,228.0267
491.8585,248.2322,480.6464,258.9352,464.7012,242.2315,475.9133,231.5285
490.1448,253.1019,479.4776,263.0891,463.5783,246.1073,474.2455,236.1201
489.3809,256.4025,478.7468,266.8064,461.7935,249.4780,472.4276,239.0741
487.0633,260.1414,475.8568,270.1121,461.0266,253.4439,472.2330,243.4732
485.7604,262.2574,476.9730,273.8711,458.6031,259.9717,467.3905,248.3580
484.8393,266.7548,474.9800,277.5830,458.4055,262.4916,468.2649,251.6634
484.3654,269.8747,472.5186,280.6289,457.0063,263.5408,468.8530,252.7865
483.7493,271.8791,473.3444,282.6836,456.6569,266.6132,467.0618,255.8087
483.6911,272.7633,473.6727,284.7648,455.1649,269.3151,465.1834,257.3136
480.9222,273.0208,473.7761,284.0344,454.2695,271.3776,461.4157,260.3640
482.4684,277.6197,474.5331,289.1537,454.9128,275.6550,462.8480,264.1211
481.3953,283.6712,471.6465,293.7191,454.5904,277.1709,464.3391,267.1229
481.2822,286.4720,470.3894,296.7845,455.5840,281.1460,466.4768,270.8335
483.8579,290.3868,475.5399,301.6478,455.4707,286.8235,463.7888,275.5625
483.2336,294.3699,475.2157,304.6522,457.7225,291.0114,465.7404,280.7291
485.7376,297.1079,477.1097,308.1333,458.8902,293.8757,467.5181,282.8503
485.3907,294.0778,477.0425,308.4448,460.0255,298.5568,468.3737,284.1897
488.1198,297.8216,479.3972,311.2349,462.0645,299.9635,470.7870,286.5502
490.0526,303.7242,481.1251,315.3664,462.9572,301.4348,471.8848,289.7926
491.5897,303.6995,483.5811,316.9571,464.4308,305.3889,472.4394,292.1313
494.4333,308.1918,486.7815,319.5063,468.5816,307.1980,476.2335,295.8835
496.2869,311.8664,487.8126,322.8852,469.7191,308.9699,478.1935,297.9511
497.6329,312.6036,484.9857,326.5737,469.8274,312.8506,482.4747,298.8806
497.9424,310.0964,492.0698,323.5082,472.6074,314.9862,478.4800,301.5744
498.6025,313.3943,491.9868,328.5909,472.8144,320.2443,479.4301,305.0477
497.7532,319.3192,488.2295,333.4071,471.6846,322.2224,481.2084,308.1345
498.0233,316.2026,496.1655,330.3226,475.2657,327.5728,477.1234,313.4528
492.0497,318.2185,492.8779,333.9743,472.8100,335.0293,471.9818,319.2734
497.0030,325.5124,493.7943,338.3956,473.4279,333.3231,476.6366,320.4399
495.4308,316.2808,494.6866,331.8802,475.1295,330.9472,475.8737,315.3478
490.7646,342.3362,477.9685,342.9848,476.7421,318.7929,489.5382,318.1442
480.7139,310.2741,493.5263,312.0507,490.2301,335.8232,477.4177,334.0467
486.7328,301.6139,500.3002,305.0591,495.0521,325.7263,481.4848,322.2812
2
0
0
0
0
1
469.7816,324.3549,472.9023,338.5826,454.0815,342.7108,450.9608,328.4831
467.4735,326.1255,471.6153,339.3517,451.2264,345.7364,447.0847,332.5102
464.6418,326.8146,469.8330,340.6424,450.9997,347.7127,445.8085,333.8849
464.4836,329.5364,466.8490,342.7581,446.1003,346.4701,443.7349,333.2485
461.6841,329.5195,464.8181,341.8045,445.4994,346.7329,442.3653,334.4479
462.4410,330.1142,465.1215,341.9808,443.0800,346.9596,440.3995,335.0930
461.7425,331.7245,463.7868,342.6343,442.2111,346.6772,440.1667,335.7674
459.3394,331.9765,461.9741,342.0981,441.7892,347.3524,439.1544,337.2309
459.8626,332.1580,462.4160,342.4884,441.7632,347.5934,439.2097,337.2628
460.0002,333.1263,461.9066,342.7177,440.5409,346.9643,438.6345,337.3729
461.4246,333.8427,462.6076,344.6021,441.6393,346.9075,440.4563,336.1481
460.6991,332.6547,463.1780,343.3412,442.9267,348.0389,440.4477,337.3525
463.3135,331.9945,466.5623,345.2780,447.4405,349.9546,444.1917,336.6712
462.2834,332.1151,468.7569,345.2600,451.7118,353.6543,445.2383,340.5094
466.3788,334.5432,467.9751,348.3773,448.6171,350.6110,447.0208,336.7769
467.8181,335.6499,468.4647,349.2766,448.5845,350.2199,447.9379,336.5933
467.7899,335.6985,468.9139,347.9275,449.8898,349.6759,448.7659,337.4470
465.6141,335.5430,468.7483,344.9459,448.8258,351.5864,445.6917,342.1835
465.8911,338.8206,468.2924,347.5949,449.6281,352.7030,447.2267,343.9287
463.6271,340.7993,465.7762,349.0252,446.4256,354.0805,444.2766,345.8546
460.5009,340.1970,462.3581,350.2080,442.7375,353.8478,440.8803,343.8368
454.6453,339.8147,456.5997,349.8855,437.1921,353.6520,435.2377,343.5812
451.1823,340.5951,452.6147,350.5475,432.8186,353.3966,431.3862,343.4443
444.7320,342.2109,445.2862,352.4691,427.1498,353.4489,426.5956,343.1908
438.8524,339.5479,441.0479,349.3033,422.5528,353.4659,420.3572,343.7105
431.2359,337.2632,434.3364,348.5060,416.9842,353.2913,413.8837,342.0485
427.2252,335.8953,429.2768,346.1944,411.9587,349.6443,409.9071,339.3452
422.5649,333.9389,424.1770,345.3252,406.3548,347.8485,404.7427,336.4622
414.6799,328.8267,418.3596,337.8333,400.7709,345.0193,397.0912,336.0127
411.0870,326.2856,412.8868,335.8968,394.2114,339.3939,392.4117,329.7827
405.0203,321.8015,407.8016,331.2004,390.5414,336.3080,387.7602,326.9091
400.4167,318.2836,402.5000,327.1071,384.9817,331.2433,382.8984,322.4198
395.2307,316.8725,396.3760,326.5002,377.2510,328.7753,376.1057,319.1476
389.9238,312.2193,392.1579,321.6145,375.6190,325.5473,373.3849,316.1522
384.7375,310.8065,386.0581,321.1373,369.1953,323.2929,367.8747,312.9621
381.1030,308.3536,381.0186,319.3477,365.0284,319.2249,365.1129,308.2309
378.2690,304.4000,379.7477,314.9976,362.2537,317.4386,360.7750,306.8410
376.8787,301.7818,378.3126,311.1509,362.4968,313.5714,361.0629,304.2023
376.0666,298.2254,378.0267,308.4514,361.3307,311.6517,359.3705,301.4258
371.8108,295.5303,374.1866,305.7060,358.6057,309.3439,356.2298,299.1682
369.4926,293.9711,371.1766,304.0059,354.4848,306.8070,352.8008,296.7723
369.4901,292.3120,369.6545,303.6257,353.6562,303.8582,353.4918,292.5444
