1
680.8304,409.1746,655.5100,410.0869,650.5344,271.9966,675.8547,271.0842
684.6699,413.2596,657.0549,414.6176,650.2200,275.6256,677.8349,274.2676
688.4305,412.2806,660.2053,413.9576,651.8938,274.0642,680.1191,272.3873
689.4691,414.0234,661.3162,415.5486,653.7352,275.6138,681.8882,274.0886
683.6150,419.4887,650.1923,420.4352,646.1141,276.4330,679.5369,275.4865
674.5844,416.8097,645.3539,418.3213,638.1164,278.3683,667.3468,276.8567
670.6747,420.9439,643.5807,421.6010,640.1592,280.5225,667.2532,279.8654
679.0880,418.9550,649.4437,419.9731,644.6672,280.8951,674.3114,279.8770
676.4567,419.9388,650.3826,421.3427,643.1022,286.1222,669.1763,284.7183
670.9506,427.9359,642.7485,427.9629,642.6128,285.8629,670.8149,285.8360
668.2272,430.4248,637.4911,431.7603,631.1530,285.8779,661.8890,284.5425
660.7887,436.5999,634.0338,437.0181,631.6921,287.2141,658.4470,286.7958
631.8978,295.0105,661.2664,295.2123,660.2366,445.0312,630.8682,444.8293
655.2834,457.7339,626.6576,458.4279,622.9760,306.5725,651.6018,305.8785
624.9913,305.7113,652.8566,306.2400,650.0784,452.6669,622.2131,452.1382
655.0767,452.0060,627.7689,452.2485,626.4721,306.2343,653.7799,305.9917
664.7170,450.6313,635.5977,451.4002,631.8469,309.3497,660.9661,308.5808
641.6945,306.6880,670.3301,306.9972,668.8245,446.4688,640.1889,446.1597
670.0969,440.0816,642.8989,440.4623,640.9510,301.3159,668.1490,300.9352
638.2106,301.7389,667.6067,302.1494,665.5959,446.1221,636.1999,445.7115
658.0116,447.1012,630.1940,447.2168,629.5913,302.1781,657.4088,302.0624
666.5640,440.9939,634.2142,441.4295,632.4041,306.9857,664.7539,306.5501
676.1820,438.9979,646.6664,439.3158,645.1569,299.1840,674.6725,298.8660
677.4224,438.8230,649.8917,438.8745,649.6188,292.8547,677.1495,292.8033
649.3517,296.6342,677.1864,297.2267,674.1221,441.1927,646.2874,440.6002
676.6839,441.8731,651.2265,442.0716,650.0878,296.0560,675.5452,295.8575
679.3254,441.0555,652.7099,441.4760,650.4187,296.4541,677.0343,296.0336
681.7752,437.1723,655.9591,437.9155,651.8138,293.9152,677.6299,293.1720
684.8270,427.9760,658.5751,428.5305,655.6989,292.3408,681.9508,291.7864
687.8813,422.1460,662.4810,422.7516,659.2805,288.5298,684.6808,287.9241
687.9840,418.2514,662.4321,418.6930,660.0302,279.7137,685.5821,279.2722
691.7444,418.6201,666.8092,419.2259,663.3574,277.1679,688.2926,276.5620
696.4852,407.6201,669.6395,408.0285,667.5679,271.8242,694.4136,271.4159
694.7733,399.2951,666.3804,399.3411,666.1660,267.0413,694.5588,266.9953
687.6732,400.4775,659.8614,401.0334,657.0035,258.0620,684.8153,257.5061
682.6023,395.7325,655.1233,396.9585,649.0080,259.8949,676.4870,258.6689
649.4209,252.9058,677.2361,253.0801,676.3306,397.5233,648.5154,397.3490
648.9987,250.6119,677.7010,251.1060,675.2722,392.1919,646.5699,391.6978
675.6555,391.6422,648.2244,391.6730,648.0591,244.6731,675.4902,244.6423
672.7332,390.9720,645.4395,391.1427,644.5197,244.1456,671.8134,243.9748
642.3569,242.8329,669.6934,243.3427,666.9356,391.2186,639.5992,390.7088
660.4493,389.6354,630.9277,389.8987,629.6601,247.7652,659.1817,247.5019
652.2598,391.3092,625.5126,392.0561,621.3257,242.1145,648.0728,241.3676
632.4375,243.5637,664.5447,244.6941,659.3745,391.5443,627.2673,390.4139
667.8622,380.3138,639.4639,380.4461,638.7930,236.3876,667.1913,236.2554
641.0728,234.7046,670.2045,234.9868,668.8623,373.5794,639.7307,373.2973
635.5819,227.6968,668.3788,228.3849,665.3033,374.9634,632.5065,374.2752
634.6178,234.3794,667.4072,235.4267,663.0184,372.8376,630.2291,371.7903
634.3384,233.4996,672.4473,234.6816,668.1784,372.3164,630.0695,371.1344
640.4221,235.4792,679.5787,236.6483,675.5944,370.0959,636.4378,368.9268
644.7291,237.3976,685.7855,238.7823,681.3990,368.8363,640.3428,367.4516
644.7154,238.8512,688.8186,241.4387,681.3243,369.1766,637.2211,366.5891
643.3214,239.5675,691.7054,242.7024,683.7289,365.8106,635.3449,362.6757
641.1865,242.2675,694.9907,246.2085,686.8610,357.1982,633.0567,353.2571
645.4200,238.9004,699.2411,245.7487,684.3594,362.7058,630.5382,355.8575
646.6139,237.7586,696.2943,240.5943,689.3266,362.6677,639.6463,359.8320
647.9506,236.7529,696.7019,237.2522,695.3988,364.4853,646.6475,363.9860
697.9161,363.1432,651.6243,363.4979,650.6404,235.0777,696.9323,234.7230
656.4544,233.5538,702.8021,234.4946,700.1569,364.8078,653.8092,363.8670
663.7189,232.2328,707.7620,234.0337,702.3170,367.2024,658.2739,365.4016
668.5951,230.3006,711.3553,231.9061,706.2811,367.0508,663.5209,365.4453
678.9525,231.5507,720.4813,234.5628,710.9630,365.7929,669.4343,362.7808
681.2108,229.9314,719.9895,231.9341,713.1041,365.2521,674.3254,363.2493
715.5383,364.2345,679.4499,364.3509,679.0101,227.9748,715.0984,227.8584
719.4344,362.3206,685.7255,363.4034,681.4084,229.0167,715.1173,227.9339
726.4935,364.0869,692.1940,366.3512,683.0840,228.3540,717.3836,226.0897
731.9261,361.5544,699.6028,364.3729,687.3389,223.7277,719.6622,220.9092
735.3221,360.0553,704.3043,362.6826,692.3889,222.0075,723.4067,219.3803
739.3502,359.1006,707.7474,361.7501,695.4669,215.2639,727.0696,212.6145
738.8281,358.5476,708.3680,360.7989,697.8219,218.1081,728.2820,215.8568
736.0878,352.2400,702.6603,353.1158,699.0414,214.9832,732.4688,214.1074
732.9618,347.7755,699.6179,348.1529,697.9984,205.0821,731.3423,204.7047
734.1789,343.5314,702.6951,344.3078,699.1920,202.2510,730.6758,201.4746
738.9478,342.8060,708.4969,344.4742,700.5097,198.6728,730.9606,197.0046
739.3533,337.7538,710.1641,339.3524,702.6535,202.2208,731.8427,200.6221
740.2576,334.8606,710.2589,336.2549,703.9800,201.1607,733.9787,199.7664
739.7750,328.4794,707.8164,329.2665,704.5295,195.8114,736.4880,195.0243
742.9708,323.4292,706.6056,324.3592,703.2911,194.7475,739.6564,193.8176
747.0489,323.0056,710.2877,324.5555,704.8100,194.6376,741.5712,193.0877
717.0707,196.5944,759.5610,197.4504,756.8773,330.6653,714.3870,329.8093
775.8578,317.8221,728.6959,318.3940,727.1627,191.9833,774.3247,191.4114
790.6806,320.1963,743.6921,320.7413,742.1841,190.7424,789.1727,190.1973
797.0730,314.1018,753.0827,315.7493,748.2686,187.2071,792.2589,185.5596
745.8312,190.1677,792.1321,193.0126,783.9620,325.9843,737.6610,323.1394
784.0598,330.0646,740.7404,331.2301,737.1394,197.3846,780.4589,196.2191
790.3641,336.2798,744.6484,338.2864,738.6948,202.6514,784.4106,200.6447
793.9836,339.1201,750.0079,340.1103,747.0445,208.4975,791.0203,207.5074
745.8783,209.3255,794.8384,210.6953,791.0740,345.2403,742.1139,343.8705
787.9195,349.3569,745.3163,350.5915,741.4579,217.4481,784.0610,216.2135
789.2791,345.2036,746.8703,346.7870,742.0867,218.6746,784.4956,217.0911
783.0452,346.5034,738.2562,346.5989,737.9832,218.5776,782.7723,218.4821
778.8575,353.9243,737.2648,353.9664,737.1305,221.3007,778.7232,221.2586
736.9309,222.9400,778.9032,223.0667,778.5016,356.1091,736.5293,355.9824
777.4592,353.2522,736.9913,354.3549,733.4539,224.5409,773.9218,223.4382
778.5688,347.0628,737.5171,347.2234,737.0098,217.5367,778.0615,217.3761
781.6431,346.9713,736.9813,349.3082,729.9244,214.4377,774.5863,212.1008
770.3528,341.2903,726.5945,341.9878,724.5002,210.6094,768.2585,209.9119
770.6068,339.5651,726.7137,339.7952,726.0213,207.7407,769.9144,207.5105
773.3077,335.3621,732.6705,335.5284,732.1373,205.3032,772.7745,205.1369
738.1630,202.8614,778.0361,203.1533,777.0623,336.1654,737.1892,335.8735
741.6739,199.7227,781.4995,200.3118,779.4990,335.5657,739.6733,334.9766
740.8748,194.6741,780.9684,195.3641,778.6920,327.6445,738.5984,326.9545
740.4789,189.2803,781.1190,190.8801,775.8766,324.0569,735.2366,322.4572
744.7365,188.9431,786.6348,190.7264,780.8837,325.8441,738.9855,324.0607
754.2741,189.1481,790.9448,190.5739,785.8254,322.2413,749.1548,320.8156
756.1716,186.3911,794.4357,187.7365,789.4768,328.7693,751.2128,327.4240
755.5105,187.3212,793.5031,188.8638,787.8256,328.6943,749.8331,327.1517
755.4252,185.3485,792.2717,186.7955,786.8821,324.0269,750.0357,322.5799
755.5776,185.5538,795.2764,186.4658,792.2153,319.7107,752.5165,318.7987
761.1518,187.5870,798.7896,188.4527,795.7925,318.7582,758.1547,317.8925
764.9495,190.6530,801.6485,191.3953,799.0654,319.1024,762.3665,318.3601
764.7038,193.7056,800.5514,194.3256,798.3755,320.1192,762.5280,319.4991
765.7885,197.6715,802.6500,198.3630,800.3707,319.8616,763.5093,319.1701
769.2640,199.7700,806.7368,200.2576,805.2374,315.4958,767.7645,315.0082
807.0458,314.6200,768.1641,314.7766,767.6917,197.4176,806.5732,197.2611
803.9752,313.4295,763.3529,313.7168,762.5126,194.8879,803.1349,194.6007
804.3593,314.4539,763.4534,316.2819,758.1697,198.0454,799.0756,196.2174
804.6450,318.6744,765.3867,322.3156,754.0944,200.5649,793.3527,196.9237
803.9152,322.9284,766.1964,326.3870,754.5332,199.1896,792.2521,195.7310
802.5186,325.1234,767.2908,329.2812,752.0732,200.3496,787.3010,196.1917
804.3644,314.5214,766.4403,318.6611,753.1398,196.8126,791.0640,192.6730
813.3996,302.9337,772.0659,307.8908,758.5181,194.9259,799.8518,189.9688
818.5161,305.8962,779.8234,312.0270,761.5491,196.6933,800.2417,190.5626
812.8459,314.3396,780.6288,317.8722,767.4649,197.8174,799.6820,194.2849
809.0688,319.4383,777.2932,323.6370,761.1986,201.8340,792.9743,197.6353
807.8513,324.0623,770.6339,325.3146,766.4396,200.6626,803.6571,199.4104
814.0336,328.4732,769.0165,330.1223,764.3721,203.3346,809.3893,201.6856
814.3448,334.3965,769.0018,335.6218,765.4471,204.0847,810.7902,202.8594
814.3658,330.6039,772.9175,333.3200,764.6144,206.6166,806.0628,203.9005
812.4144,334.0115,770.6944,336.4826,763.2600,210.9677,804.9801,208.4966
816.5070,341.7676,778.7679,344.2513,769.7759,207.6214,807.5151,205.1377
815.3812,338.4621,773.7483,339.6353,769.9898,206.2607,811.6227,205.0875
819.9584,337.3401,775.4781,337.6718,774.5056,207.2372,818.9858,206.9055
828.5088,339.0114,778.7061,339.6212,777.0837,207.1169,826.8864,206.5071
839.4316,339.9797,787.5664,343.8647,777.4066,208.2318,829.2719,204.3467
802.7866,204.9757,842.5541,207.3511,834.1729,347.6632,794.4054,345.2878
817.2909,198.3679,854.3846,199.7497,849.2406,337.8339,812.1469,336.4521
860.2990,323.4057,819.2968,324.4145,816.3054,202.8388,857.3076,201.8300
874.7865,339.0289,824.9238,340.2593,821.5991,205.5213,871.4617,204.2909
892.4939,344.4379,838.0694,346.5264,832.7609,208.1943,887.1854,206.1057
908.7167,341.7631,859.1460,345.4893,849.6433,219.0731,899.2140,215.3469
872.1701,209.7487,914.4014,211.2438,909.8472,339.8845,867.6159,338.3893
925.3632,347.2429,883.3871,347.6422,881.8863,189.8693,923.8624,189.4700
936.1273,343.1110,897.3868,346.0880,885.0245,185.2151,923.7648,182.2381
928.6601,337.9003,887.7473,338.7307,884.5192,179.7021,925.4320,178.8716
924.3725,338.1740,883.8903,339.0785,880.2950,178.1749,920.7772,177.2703
924.5272,338.5430,884.2134,341.5608,872.4293,184.1377,912.7430,181.1200
922.9260,330.3242,876.4117,333.9174,864.2963,177.0784,910.8106,173.4853
923.5466,338.3095,878.6199,343.3564,860.5482,182.4832,905.4749,177.4363
928.5231,339.2332,886.8178,345.2966,862.6370,178.9752,904.3422,172.9118
925.3515,339.9716,880.7507,344.3954,863.7825,173.3233,908.3833,168.8995
920.1490,341.7536,878.9104,345.9483,860.9814,169.6835,902.2199,165.4888
922.1683,343.6075,881.3846,349.4144,856.1277,172.0273,896.9114,166.2204
919.1572,347.8915,874.7029,351.7940,858.7201,169.7322,903.1743,165.8296
924.3566,350.2301,875.6407,353.2890,864.0355,168.4611,912.7513,165.4023
921.7709,356.1516,870.0117,356.9610,867.1784,175.7924,918.9377,174.9830
867.2417,186.6743,922.2759,187.4153,919.9190,362.4612,864.8848,361.7201
862.9094,202.5631,919.6511,203.6528,916.2450,381.0001,859.5032,379.9104
921.8618,368.3978,856.2596,371.1634,849.6749,214.9655,915.2770,212.1999
933.4780,370.5620,856.7051,380.1397,839.4430,241.7689,916.2158,232.1913
914.9368,383.2729,838.5983,385.2787,834.8716,243.4430,911.2101,241.4373
953.8827,385.8784,866.2595,395.0305,850.9879,248.8188,938.6112,239.6667
851.2677,243.1154,929.1643,249.0054,918.1138,395.1517,840.2172,389.2617
888.4072,224.4893,933.8153,249.4905,860.4114,382.8093,815.0034,357.8081
878.7090,221.8829,934.1410,243.3464,879.6985,383.9500,824.2666,362.4865
878.1917,220.5242,937.0621,236.9473,895.4198,386.2184,836.5494,369.7953
875.8316,228.0392,929.6342,235.6851,908.5090,384.3381,854.7065,376.6922
867.6831,229.5304,923.9402,230.7899,920.4685,385.8662,864.2114,384.6068
930.5850,384.7511,879.8470,389.8898,863.6523,229.9877,914.3903,224.8491
940.6017,378.1245,883.3791,389.3612,852.9767,234.5380,910.1994,223.3013
943.5065,377.3567,895.5525,391.9178,850.7344,244.3195,898.6884,229.7583
934.3938,384.8581,886.6915,388.4894,875.0873,236.0504,922.7896,232.4191
935.9632,386.6605,884.6836,391.6596,869.8072,239.0614,921.0867,234.0623
940.3111,375.0865,890.2768,382.2758,870.1493,242.1985,920.1836,235.0091
940.2209,351.8101,875.9207,363.2964,853.6669,238.7196,917.9670,227.2333
943.8970,339.2621,889.3915,354.9422,852.9761,228.3591,907.4816,212.6790
906.0192,215.1255,956.8080,217.0284,951.4141,360.9874,900.6254,359.0844
2
0
0
0
0
1
855.1618,185.8899,953.1007,245.0680,852.2445,411.9836,754.3056,352.8055
844.3519,153.3972,940.4033,166.8607,902.2817,438.8260,806.2304,425.3625
873.0712,162.2023,965.0649,178.7357,916.4780,449.0787,824.4843,432.5453
880.4829,167.4422,978.9633,174.8396,958.1158,452.3777,859.6354,444.9803
994.5901,449.4686,902.6454,467.8163,862.2660,265.4656,954.2108,247.1179
996.6069,462.8335,905.7188,483.2765,861.6034,287.1423,952.4915,266.6993
993.7592,475.4854,918.9751,496.4643,859.5327,284.5688,934.3168,263.5899
1007.5082,436.0535,932.7380,484.2859,827.7527,321.5369,902.5230,273.3045
998.9426,410.4486,890.7315,487.2242,790.7292,346.2763,898.9403,269.5007
984.4217,322.3664,942.4655,472.1836,761.1827,421.4155,803.1389,271.5983
902.1111,249.1289,976.2748,347.8561,806.2191,475.6017,732.0554,376.8745
793.0663,233.7881,926.6197,256.4667,883.8516,508.3260,750.2982,485.6474
838.7822,485.7525,735.9351,488.1928,729.4492,214.8498,832.2964,212.4094
847.4551,515.6494,774.7876,523.4633,740.0021,199.9682,812.6697,192.1542
841.2113,488.3615,769.9096,498.7957,727.4117,208.3858,798.7134,197.9516
842.7983,376.7302,689.7476,461.0426,575.9282,254.4281,728.9789,170.1158
844.4464,351.4682,686.2717,439.6308,576.6904,243.0283,734.8651,154.8657
826.9694,228.5398,803.8765,346.1069,586.5308,303.4152,609.6236,185.8481
842.4081,223.7500,839.7062,329.0310,570.6835,322.1267,573.3854,216.8457
790.6688,199.6834,812.4829,275.8360,568.4645,345.7358,546.6504,269.5832
699.6132,213.3292,733.6946,287.4620,542.2025,375.4977,508.1210,301.3650
627.4261,187.1049,738.2340,261.4204,624.2913,431.3145,513.4833,356.9989
644.1563,173.3774,731.3288,230.4437,606.8008,420.6682,519.6283,363.6018
581.0926,214.7013,700.6941,238.9219,651.2103,483.2733,531.6088,459.0528
504.9370,238.9197,676.7104,245.8117,666.9852,488.1995,495.2118,481.3075
713.4249,437.0069,624.8517,452.7816,571.0716,150.8121,659.6447,135.0374
718.2245,237.6236,652.1901,365.1129,458.2989,264.6848,524.3334,137.1955
707.9990,317.5496,563.0939,399.6096,459.2668,216.2672,604.1720,134.2072
671.8994,196.7003,625.8486,345.3137,436.6182,286.6768,482.6691,138.0634
675.6171,183.5934,663.7399,303.1489,470.2499,283.9268,482.1271,164.3712
784.0250,279.4605,814.6721,378.5097,620.7836,438.5012,590.1366,339.4521
791.9245,275.1522,809.5310,375.8399,582.3131,415.5718,564.7066,314.8842
742.2683,260.3514,798.2826,317.7923,675.6038,437.4241,619.5896,379.9833
756.0989,239.4615,806.6179,288.2908,676.0179,423.4098,625.4990,374.5805
730.7501,215.3407,804.9226,257.1217,704.5782,435.2600,630.4058,393.4791
704.9602,208.4503,787.1816,233.0221,726.4836,436.1281,644.2622,411.5563
688.8984,202.3094,771.8871,216.6106,721.0837,511.4211,638.0949,497.1200
678.1900,187.2149,770.2570,194.3150,746.9653,496.3353,654.8983,489.2351
744.9907,453.6682,649.0097,457.8014,636.8669,175.8227,732.8478,171.6895
756.2437,393.3914,679.1450,406.4571,636.5717,155.2390,713.6703,142.1732
732.5586,428.5721,659.5684,430.0283,653.7820,140.0060,726.7722,138.5498
727.7412,430.1805,664.8297,433.3392,650.2346,142.6454,713.1460,139.4867
729.6429,513.2383,569.6525,520.4286,560.3424,313.2705,720.3328,306.0802
736.8801,453.0280,575.5089,533.3434,512.8585,407.4652,674.2297,327.1497
592.5577,344.7071,721.6406,371.4511,688.8452,529.7411,559.7624,502.9971
742.7448,398.1906,717.6951,532.1323,478.4692,487.3924,503.5190,353.4507
737.7628,496.1660,558.7146,570.4588,483.5712,389.3605,662.6194,315.0677
693.2019,539.0026,588.4675,541.1422,581.6788,208.8295,686.4131,206.6899
687.6239,515.6180,590.5724,517.3318,584.3081,162.5865,681.3596,160.8727
689.1390,569.7888,575.2426,575.9335,557.0165,238.0986,670.9130,231.9539
694.4279,565.5928,576.1279,574.1013,552.5502,246.2842,670.8503,237.7757
696.9913,557.9825,578.0498,567.2626,552.9858,246.0201,671.9274,236.7401
692.3539,574.2786,576.8454,580.3670,558.7516,237.0931,674.2601,231.0047
692.3156,593.1664,588.4517,602.9328,552.9451,225.3268,656.8089,215.5604
687.9973,551.6889,588.8510,564.5736,542.7497,209.8288,641.8960,196.9442
684.9601,547.1030,595.1495,557.7955,551.0957,187.7685,640.9062,177.0760
