1
228.2397,317.9039,136.4037,317.9279,136.3533,124.9279,228.1893,124.9039
133.3230,128.8330,226.6445,129.1693,225.9599,319.1226,132.6384,318.7862
222.8353,315.0081,131.2607,315.6694,129.9247,130.6743,221.4994,130.0130
222.3683,312.5677,130.0799,314.5935,126.0418,130.6378,218.3302,128.6120
224.5347,309.7071,133.5522,315.3910,121.9549,129.7529,212.9374,124.0690
218.1702,315.0890,124.5789,316.1838,122.4266,132.1964,216.0179,131.1015
121.8699,137.4878,216.5984,138.5238,214.6372,317.8458,119.9087,316.8098
121.7937,130.5840,213.3265,133.5233,207.2804,321.8070,115.7476,318.8678
121.9581,128.6018,208.9315,131.5220,202.4941,323.2505,115.5207,320.3304
121.1569,123.4540,206.4173,128.9611,193.5869,327.6011,108.3264,322.0940
118.3695,124.4784,201.1901,129.9319,187.9008,331.7556,105.0801,326.3022
113.2188,123.7390,199.9299,130.8231,183.1503,336.2084,96.4392,329.1243
110.3367,126.7610,196.2068,131.4865,185.1078,333.1774,99.2377,328.4520
105.1711,128.2413,190.0939,131.8618,181.4594,334.3943,96.5365,330.7737
103.5815,128.5500,187.5274,131.5650,180.1301,337.5263,96.1842,334.5113
102.1613,129.7315,185.1199,132.3531,178.5545,340.1086,95.5959,337.4869
101.1147,132.1501,182.0965,133.8693,177.7078,340.5954,96.7261,338.8763
102.8221,133.9292,182.7912,136.1533,176.9921,344.6654,97.0230,342.4413
101.2211,133.7616,182.1805,136.3267,175.5800,344.6491,94.6206,342.0840
100.6571,132.6215,181.6071,135.4678,174.1768,346.7900,93.2269,343.9437
100.3934,131.7383,181.3522,134.3206,174.5178,348.5871,93.5590,346.0048
104.6728,114.8941,183.5468,119.3529,170.2789,354.0549,91.4048,349.5961
99.3016,137.1270,180.2818,138.9167,175.6282,349.4836,94.6480,347.6939
99.4522,141.0719,180.3630,143.0092,175.3853,350.9069,94.4744,348.9696
97.0866,139.2005,178.0706,140.8117,173.8643,352.2443,92.8803,350.6332
97.8783,135.3077,177.8661,136.7061,174.1053,351.8137,94.1175,350.4153
96.5752,140.7775,176.5739,141.2200,175.4116,351.3396,95.4128,350.8971
96.5599,138.7863,176.5588,139.2135,175.4244,351.6052,95.4255,351.1779
175.6274,350.6346,95.8000,350.8760,95.1679,141.8770,174.9953,141.6356
178.5254,351.9661,96.6820,352.2038,96.0721,142.2047,177.9156,141.9670
179.6531,350.6489,97.9758,351.8556,94.9918,149.8777,176.6691,148.6710
179.3109,351.0038,97.8558,352.2193,94.7970,147.2421,176.2521,146.0266
180.5434,351.5432,98.8942,353.8530,93.4366,160.9302,175.0858,158.6204
180.8478,353.6672,99.9701,355.7060,94.9806,157.7689,175.8583,155.7301
180.6159,356.0073,101.2923,357.6323,97.2165,158.6741,176.5400,157.0490
180.4763,357.0916,101.0338,358.3680,97.8046,157.3940,177.2471,156.1176
183.0910,355.4054,102.8957,357.7751,97.1359,162.8602,177.3313,160.4904
184.2835,357.0684,104.3978,359.9445,97.3817,165.0708,177.2674,162.1947
182.7823,357.9305,102.9622,359.9952,97.8940,164.0608,177.7141,161.9961
182.6181,358.8309,103.6159,361.0276,98.1126,163.1041,177.1148,160.9074
183.0029,358.2449,103.9766,360.3772,98.6630,163.4489,177.6893,161.3166
184.0732,358.3151,104.8164,360.8064,98.6900,165.9026,177.9468,163.4113
183.3658,359.5226,104.3360,362.0284,98.1564,167.1263,177.1862,164.6206
184.9024,359.2514,103.8139,362.3500,96.4059,168.4915,177.4945,165.3929
185.9925,357.5003,104.1599,360.7205,96.4926,165.8713,178.3252,162.6512
187.6709,357.2607,102.2510,359.6113,96.8869,164.6851,182.3068,162.3345
191.7040,344.3069,100.6994,346.3347,96.5986,162.2971,187.6032,160.2693
113.7646,154.2635,212.4610,175.3057,178.9545,332.4650,80.2580,311.4228
128.8800,141.4321,220.1670,174.9453,162.3015,332.5655,71.0145,299.0523
165.8054,141.6168,252.5831,212.7048,146.6969,341.9608,59.9192,270.8727
180.3676,137.3168,260.4965,206.7522,142.8291,342.5411,62.7002,273.1057
203.1080,139.1279,270.8052,215.0364,126.8423,343.4263,59.1451,267.5178
216.6030,142.8844,274.9088,225.8972,112.0632,340.2751,53.7574,257.2623
235.0555,154.3957,280.0800,270.2973,102.9742,339.0980,57.9497,223.1964
228.0437,152.7845,283.2050,264.2194,110.2366,349.8403,55.0753,238.4053
231.2617,155.4377,283.6963,278.0060,110.8488,351.9500,58.4142,229.3817
229.2882,152.9102,285.0258,277.2137,116.2193,352.9063,60.4817,228.6029
232.6136,150.8112,284.5446,278.8113,114.9692,347.6097,63.0383,219.6096
243.0594,155.0238,280.3980,295.4007,114.1775,339.6134,76.8389,199.2365
221.5083,141.6474,284.4376,267.7124,129.6511,344.9790,66.7217,218.9141
225.3163,144.4329,279.1267,258.1922,122.7399,332.1662,68.9295,218.4069
234.4502,149.0988,276.8194,249.1111,114.7618,317.7650,72.3927,217.7527
224.6269,142.2651,279.7007,236.4598,126.9014,325.7984,71.8277,231.6037
220.7158,139.8130,279.7850,232.0627,129.0403,328.5873,69.9711,236.3376
210.7194,136.1289,279.4666,226.0175,134.9003,336.5824,66.1531,246.6937
209.4150,135.2127,276.8991,220.4593,133.4164,334.0450,65.9323,248.7984
201.6503,133.3037,274.6853,218.4585,136.5369,336.9448,63.5018,251.7900
195.7724,131.5532,272.6168,214.9375,139.3226,337.7775,62.4781,254.3933
193.6627,130.8029,273.2665,216.9728,141.4304,338.7632,61.8266,252.5932
191.6807,132.0343,272.8932,217.5758,143.7157,340.2161,62.5032,254.6745
188.9764,133.5426,271.5793,216.0960,147.0811,340.6689,64.4782,258.1155
190.9688,133.7932,272.6739,218.7895,144.5401,341.9617,62.8350,256.9655
193.6011,135.0060,273.0896,218.7319,143.4619,341.7994,63.9733,258.0735
198.2073,134.9655,275.3759,222.1639,140.0634,341.9124,62.8948,254.7139
203.5677,136.2205,276.7923,229.3417,130.5002,344.3765,57.2756,251.2553
203.9202,136.6386,276.4065,226.5137,129.0842,345.3326,56.5979,255.4575
200.8382,136.9189,275.3726,227.1915,131.3981,346.0655,56.8637,255.7929
198.9068,136.4002,274.4610,227.2599,130.6471,346.8481,55.0929,255.9884
196.0293,136.1524,273.8842,226.0157,134.0999,347.1206,56.2450,257.2573
195.7308,136.8099,273.0732,226.2614,131.9211,348.3058,54.5787,258.8544
195.6726,137.4008,271.9146,225.4976,130.3590,348.0046,54.1170,259.9078
194.1022,138.0458,269.9237,223.2306,129.3506,348.3521,53.5291,263.1673
194.0009,139.4384,270.4171,224.3087,131.3884,349.4883,54.9722,264.6180
194.8241,139.1341,270.7337,223.5463,130.5296,349.6281,54.6200,265.2160
195.2462,140.0442,271.1890,225.3276,130.5830,350.5339,54.6402,265.2505
195.7598,141.1699,271.4584,225.5303,131.1954,351.3918,55.4968,267.0314
196.2360,142.1358,272.0721,227.2705,131.4944,352.4939,55.6583,267.3592
194.6568,143.4934,271.4671,229.0102,131.8327,354.4284,55.0224,268.9116
197.9013,145.2242,272.1462,228.0487,130.9511,354.6177,56.7062,271.7932
196.7312,146.0142,270.8624,228.9887,129.8597,354.9635,55.7285,271.9890
198.8004,146.9586,272.2808,229.7460,129.6264,356.3632,56.1460,273.5757
197.6834,148.6830,271.0905,230.1742,129.7616,357.4829,56.3545,275.9918
198.2230,150.3751,270.6207,230.7181,129.3760,357.9947,56.9783,277.6517
198.5082,151.4549,270.9756,232.2513,129.2285,359.3861,56.7612,278.5897
197.5000,151.5789,270.9985,234.0285,130.5692,359.2123,57.0707,276.7627
197.8909,153.6195,270.6617,234.8900,131.3486,359.6331,58.5777,278.3626
198.5537,154.5893,271.4451,236.5945,132.4253,360.1642,59.5339,278.1591
200.1368,155.3048,272.1616,237.9818,131.1617,360.8151,59.1369,278.1382
198.5081,155.8583,272.7321,236.1610,139.8138,359.0176,65.5899,278.7148
190.4000,155.8289,270.0331,227.4909,152.3023,358.3170,72.6692,286.6551
189.7527,155.8526,271.3501,228.1927,154.9064,359.5377,73.3090,287.1976
191.3071,156.7828,271.5905,227.0923,155.2494,359.9375,74.9659,289.6280
191.7868,158.0788,272.5804,230.2074,156.2313,360.5336,75.4378,288.4050
191.7931,157.4833,272.0403,227.8976,156.4450,359.6349,76.1979,289.2206
192.0072,156.7839,273.7495,228.6592,158.6047,359.6109,76.8624,287.7356
191.7006,155.9168,273.5610,226.7723,159.7657,358.2417,77.9053,287.3862
195.2014,158.3934,275.1183,228.7439,160.7693,358.6422,80.8525,288.2916
195.7270,157.5185,276.3372,226.6848,162.0316,359.9030,81.4212,290.7366
197.3575,156.7405,277.2114,226.2997,162.1796,358.3561,82.3257,288.7969
198.0450,157.0557,277.3208,226.0533,162.3714,358.1259,83.0956,289.1283
198.1673,157.7063,277.6801,228.1758,161.5188,359.2438,82.0060,288.7743
196.4180,157.6606,276.8603,226.5960,163.4068,358.9874,82.9645,290.0521
196.4343,157.6780,276.9036,225.6803,164.7077,358.4453,84.2384,290.4431
195.9415,158.4842,276.4358,226.5084,164.8135,358.5932,84.3192,290.5691
195.9244,158.5398,276.2015,225.5780,165.9179,357.6408,85.6407,290.6026
196.2841,158.2916,277.3146,226.0860,166.9630,357.9825,85.9325,290.1881
197.5531,157.5453,278.1266,225.9898,165.5938,358.4645,85.0203,290.0201
197.5132,157.7753,277.6480,224.9745,166.5832,357.4189,86.4483,290.2197
198.6526,159.3499,278.9197,227.2141,168.2583,358.1002,87.9911,290.2360
197.1498,159.2973,278.3448,226.0116,169.4961,358.4863,88.3012,291.7719
197.1986,159.0774,278.4673,226.0719,169.6244,358.1054,88.3557,291.1109
197.9167,158.5357,278.8280,224.8221,169.9623,357.7069,89.0510,291.4204
198.7628,158.9132,279.9688,227.6232,169.4765,358.2102,88.2705,289.5002
196.0512,159.2092,279.3708,225.7340,173.4408,358.4070,90.1212,291.8823
204.2507,156.5140,283.3798,224.0120,169.2466,357.8122,90.1175,290.3142
203.1310,157.2124,282.5976,224.0753,169.9710,357.9321,90.5043,291.0692
207.0617,154.5787,285.7507,223.5008,168.9954,356.8013,90.3064,287.8792
208.7475,154.1795,286.0791,223.0028,167.9971,355.6826,90.6656,286.8593
207.7535,152.7882,285.8599,222.1628,168.1038,354.7402,89.9974,285.3655
207.6861,152.8317,285.7790,221.3902,169.6770,353.6386,91.5841,285.0802
207.4105,151.3523,286.5544,222.0130,168.4596,354.2857,89.3157,283.6250
206.0499,149.8004,285.8225,221.2687,168.3247,352.4194,88.5520,280.9511
203.0068,148.9474,285.5657,219.6845,171.5117,352.7995,88.9528,282.0624
201.0040,147.5802,283.8917,218.5354,169.9166,351.6776,87.0289,280.7224
197.9695,147.5667,279.9771,218.6170,168.2063,347.6250,86.1987,276.5747
178.5208,147.8877,271.7154,208.7662,182.6752,345.0714,89.4807,284.1930
194.8248,140.4273,279.2593,212.4823,169.7431,340.8140,85.3087,268.7590
183.9646,140.0296,274.0017,205.9383,177.0888,338.3299,87.0517,272.4212
183.3711,135.9490,277.6689,203.2123,180.3631,339.6271,86.0653,272.3638
186.3576,135.1138,280.1633,207.6315,179.8687,337.3680,86.0630,264.8503
190.5425,133.2254,282.8679,215.1525,176.8042,334.6778,84.4789,252.7506
193.3532,133.1819,283.1397,223.3082,171.9145,334.1141,82.1280,243.9878
197.7742,136.1180,281.3557,229.8121,161.3598,336.8564,77.7784,243.1622
202.2733,138.8836,278.9530,236.9023,151.4812,336.6232,74.8014,238.6045
212.6196,142.4703,277.9329,241.3668,140.9508,331.8325,75.6375,232.9359
212.5353,143.9145,276.1037,234.7415,137.5077,331.7426,73.9393,240.9156
209.0837,147.2150,272.0854,235.1515,136.1122,332.5690,73.1104,244.6325
203.4779,146.0275,269.8775,230.7682,137.3665,334.5989,70.9669,249.8583
194.4996,144.8222,263.6196,224.6841,138.8689,332.6551,69.7489,252.7931
187.4894,145.1259,258.4202,222.8040,137.2011,333.4937,66.2703,255.8157
183.0217,146.0430,255.0238,224.1355,136.7547,333.1808,64.7526,255.0884
179.2907,145.1253,252.4012,223.5295,135.6477,332.4000,62.5373,253.9958
177.1196,145.1109,251.7954,225.9625,136.5814,332.3760,61.9056,251.5244
172.7757,145.1688,248.9888,224.9781,137.2097,331.7204,60.9966,251.9111
168.1913,144.3972,246.5817,221.9718,139.3335,330.3478,60.9431,252.7733
163.1772,142.4190,244.1149,215.2700,141.2076,329.6005,60.2698,256.7495
158.5606,140.9354,245.5378,215.5203,147.8475,329.4417,60.8703,254.8568
155.6562,139.8767,245.4991,213.6875,152.2728,327.1631,62.4299,253.3524
163.0198,138.9986,247.6182,216.9291,145.4859,327.8001,60.8875,249.8696
160.7229,140.2148,244.1192,212.2642,146.8338,324.8709,63.4375,252.8215
155.3546,140.4352,240.5280,206.7189,150.0759,322.9483,64.9025,256.6646
139.8392,143.2488,228.2767,190.0286,159.8316,319.4244,71.3942,272.6447
133.9829,145.0409,228.9509,187.8026,169.8735,319.0054,74.9056,276.2437
135.5170,144.4936,225.5235,184.2941,166.6509,317.4312,76.6444,277.6307
138.1452,143.7383,227.4287,188.0964,161.3512,321.0964,72.0677,276.7383
140.5181,140.9688,227.6769,185.9103,159.2121,318.6901,72.0533,273.7487
144.7122,138.9619,226.2816,183.0364,155.7482,313.5735,74.1789,269.4989
106.4522,150.5199,201.4066,153.4650,196.5228,310.9241,101.5685,307.9790
201.9284,304.9452,109.7330,311.0349,98.8958,146.9655,191.0912,140.8758
196.3481,309.0001,108.6011,315.1221,96.3809,139.9689,184.1279,133.8469
194.8638,309.6275,112.4084,317.6739,94.9391,138.6553,177.3944,130.6089
189.6194,299.7681,106.7786,306.8134,92.6367,140.5275,175.4775,133.4822
95.9444,137.5584,176.0256,138.4590,174.1379,306.3213,94.0567,305.4207
92.0228,137.5424,171.3779,138.4724,169.3327,312.9824,89.9776,312.0523
171.3159,309.4803,88.3183,310.1125,87.0385,142.1174,170.0361,141.4851
172.0348,308.6181,89.1581,313.1412,80.0573,146.3894,162.9339,141.8662
167.4879,313.6755,79.2017,316.3483,74.0911,147.5386,162.3773,144.8658
70.1533,149.9248,154.9691,150.0772,154.6624,320.8121,69.8466,320.6598
163.2838,312.1092,80.3942,326.5343,50.9966,157.6095,133.8861,143.1844
180.7003,309.5425,98.8762,339.5092,33.3291,160.5328,115.1533,130.5661
170.2059,299.4126,66.1016,312.5323,45.0957,145.8507,149.2001,132.7310
166.5300,287.6368,80.4136,313.6360,31.8577,152.8059,117.9742,126.8067
166.2707,267.1036,84.2983,304.2590,20.7213,163.9951,102.6937,126.8397
190.5754,249.5040,103.8118,313.3191,7.3813,182.2112,94.1449,118.3961
169.7897,179.2307,120.0812,267.1515,9.3003,204.5183,59.0088,116.5975
133.2178,119.8643,157.3442,195.5936,31.9218,235.5516,7.7953,159.8223
135.3002,115.3503,159.8498,199.2103,25.5674,238.5207,1.0179,154.6607
138.2672,113.7225,163.4565,212.0109,20.2614,248.7089,-4.9279,150.4205
168.1953,137.7249,155.4490,264.7438,10.1427,250.1623,22.8891,123.1434
76.6725,107.2253,165.9162,177.6612,76.6307,290.7878,-12.6130,220.3520
30.7192,124.1225,111.5190,132.7551,96.4684,273.6269,15.6685,264.9943
162.1104,261.7792,42.9813,288.0899,11.6416,146.1907,130.7708,119.8800
197.2269,200.6028,121.8849,305.8083,-1.6265,217.3566,73.7155,112.1511
46.0725,125.0304,157.3173,142.8629,134.1946,287.1097,22.9498,269.2772
206.0203,224.7249,107.5608,314.8891,5.7078,203.6656,104.1673,113.5014
183.6188,262.1464,63.2844,291.5505,30.2207,156.2395,150.5551,126.8355
61.9564,133.5219,170.2550,147.6871,152.7428,281.5758,44.4442,267.4106
91.1726,115.4487,183.6063,158.5764,122.9656,288.5450,30.5319,245.4173
112.2435,114.4287,198.9673,175.3794,115.8785,293.6025,29.1547,232.6519
102.5113,121.4390,190.0125,173.8560,120.6481,289.6482,33.1469,237.2312
74.5212,137.3624,177.3717,159.3759,151.2367,281.4828,48.3862,259.4694
71.5777,138.1783,179.9782,157.8512,157.6915,280.6537,49.2910,260.9807
178.2867,268.6186,62.8088,272.1156,58.8957,142.8972,174.3736,139.4002
199.3150,246.8673,80.3308,281.7779,44.1451,158.4480,163.1294,123.5374
197.9949,253.6512,71.6844,278.5126,46.2410,149.2449,172.5514,124.3836
216.9662,180.0487,149.8983,292.8720,33.8536,223.8892,100.9215,111.0658
212.5379,167.0804,162.7845,287.4252,33.4053,233.9367,83.1587,113.5919
204.4071,160.2630,188.7421,271.2049,39.2252,250.0931,54.8902,139.1512
197.1758,152.0749,200.5630,259.2736,44.6408,264.2003,41.2536,157.0016
200.8325,154.9855,205.1224,258.1479,42.2632,264.9203,37.9732,161.7579
205.6974,178.2478,211.6692,247.9120,48.2685,261.9193,42.2966,192.2551
205.6886,175.7279,213.7215,243.8226,51.8440,262.9188,43.8111,194.8242
203.2052,163.6179,213.0212,242.0057,55.2534,261.7620,45.4374,183.3742
211.6321,180.4238,216.4506,244.2421,54.9104,256.4391,50.0919,192.6207
206.1769,175.7794,211.6123,244.5649,56.0971,256.8538,50.6617,188.0682
211.5755,178.8822,216.2756,245.7171,56.6698,256.9414,51.9697,190.1065
211.9334,178.6309,215.8872,253.5267,56.1097,261.9613,52.1559,187.0656
213.7414,177.4805,216.7540,255.4223,56.8734,261.6021,53.8608,183.6602
225.4126,185.0552,221.0809,264.9379,55.3244,255.9497,59.6561,176.0671
225.3815,183.1973,220.5902,264.0554,56.8774,254.3545,61.6687,173.4963
220.7681,179.2003,217.0847,266.1223,59.2264,259.4330,62.9098,172.5110
213.4440,175.1418,210.3656,264.0885,60.4554,258.9003,63.5337,169.9535
216.0827,175.1599,211.4532,264.0394,61.6562,256.2368,66.2858,167.3573
215.4471,175.3203,211.1654,265.2184,62.3341,258.1298,66.6158,168.2317
214.6644,168.4159,214.0992,263.4142,65.1019,262.5277,65.6671,167.5294
213.0614,158.7857,218.7174,260.6739,70.9449,268.8771,65.2889,166.9889
212.0651,149.5248,223.2069,256.8131,77.2496,271.9707,66.1077,164.6824
223.6653,163.4055,223.0174,261.4033,72.0207,260.4050,72.6686,162.4072
224.4390,158.3522,228.5263,257.1214,76.6562,263.4060,72.5690,164.6369
232.0055,159.0595,232.8417,257.6485,82.8471,258.9207,82.0109,160.3316
234.3596,155.4834,235.1017,255.3420,86.1058,256.4493,85.3637,156.5907
237.3349,153.0974,238.9414,250.2258,80.9630,252.8387,79.3565,155.7103
241.3047,150.9912,244.4332,249.3411,84.6193,254.4248,81.4908,156.0749
191.4902,136.5748,214.5572,232.8729,89.1061,262.9232,66.0391,166.6250
2
0
0
0
0
1
246.0016,285.6479,208.6841,285.7888,208.1670,148.7898,245.4845,148.6489
214.4019,160.8569,258.2946,161.1499,257.4594,286.2443,213.5666,285.9513
273.7300,291.1122,222.3603,295.1182,212.9434,174.3632,264.3131,170.3572
282.8320,293.6886,227.4546,302.0156,210.2241,187.4276,265.6016,179.1006
278.4084,300.3117,225.9483,306.7491,212.5044,197.1924,264.9645,190.7549
281.3045,306.8027,228.3160,312.9281,215.1457,198.9959,268.1342,192.8706
279.9085,319.5407,222.8750,321.2252,219.4200,204.2429,276.4535,202.5584
279.8633,321.1157,223.7781,322.8972,219.8095,197.9602,275.8947,196.1787
277.4868,324.9821,225.6273,325.8161,223.5047,193.8332,275.3642,192.9991
224.1874,192.3229,281.9360,198.4708,267.8289,330.9826,210.0802,324.8347
230.6885,192.1799,282.3952,202.1498,257.6928,330.2629,205.9861,320.2930
238.9403,194.7552,288.6234,211.8525,248.6111,328.1241,198.9281,311.0268
243.3108,199.8825,292.5630,224.3201,241.8936,326.4407,192.6413,302.0030
239.6292,209.2869,289.9462,229.0738,255.3693,317.0005,205.0524,297.2136
242.5328,199.3709,292.2863,211.9579,266.6581,313.2605,216.9045,300.6735
236.0105,199.5130,289.8658,207.8455,273.5053,313.5873,219.6500,305.2548
231.0275,200.2926,280.5708,206.6188,267.2712,310.7731,217.7280,304.4469
277.7548,290.2384,218.6169,306.8638,195.9343,226.1800,255.0723,209.5546
209.5938,179.6776,272.2596,180.3361,271.1353,287.3302,208.4695,286.6717
275.9200,279.3300,207.4039,282.7013,202.0301,173.4859,270.5462,170.1146
280.5494,277.3793,219.7215,286.1850,202.6324,168.1378,263.4603,159.3320
268.7147,268.6356,204.3370,273.8575,195.1202,160.2307,259.4980,155.0088
280.5527,260.2179,207.4815,280.0529,179.0912,175.4644,252.1624,155.6294
268.0744,252.0526,192.9742,262.0974,178.0417,150.4532,253.1419,140.4084
235.4671,259.8159,182.8701,260.7166,180.8840,144.7336,233.4810,143.8329
236.3104,258.3787,184.0971,262.3846,175.7590,153.7039,227.9722,149.6981
240.8487,243.1826,179.6696,248.4945,168.8571,123.9630,230.0362,118.6511
229.2657,250.7942,180.8886,257.1259,165.5751,140.1238,213.9523,133.7921
232.8612,222.1815,178.2657,230.2299,160.8929,112.3826,215.4884,104.3343
206.4864,209.8428,166.6332,212.2139,159.6846,95.4204,199.5378,93.0493
202.7002,214.7226,171.3747,216.4962,164.3716,92.8084,195.6970,91.0348
209.2795,222.0264,181.4748,226.7711,158.7660,93.6948,186.5707,88.9501
212.9968,222.8993,182.0357,229.0560,155.3161,94.6869,186.2773,88.5302
210.9161,220.4972,174.8322,225.7635,156.2023,98.1159,192.2863,92.8495
2
0
0
0
0
1
358.7210,304.1075,258.1258,336.5659,203.4106,166.9918,304.0058,134.5335
377.1002,306.8170,277.5295,343.1139,214.2485,169.5194,313.8192,133.2226
399.3906,310.5641,283.8357,349.6005,226.8619,180.9474,342.4167,141.9110
440.2304,281.1263,334.9724,368.6119,221.6578,232.2779,326.9158,144.7923
463.8975,256.3369,383.1020,370.8517,247.6057,275.2527,328.4012,160.7379
443.7775,332.6305,335.3759,365.6845,287.1942,207.6716,395.5958,174.6175
530.4725,303.3394,457.5238,412.0087,284.6875,295.9853,357.6362,187.3159
546.6850,296.8100,455.1135,420.8622,307.8816,312.1802,399.4531,188.1280
578.2348,291.3086,516.0379,416.3781,345.9133,331.7755,408.1102,206.7059
605.5460,321.5294,513.8369,426.4859,368.7362,299.6995,460.4453,194.7430
591.3461,400.7697,449.6898,410.6441,437.3336,233.3839,578.9899,223.5095
