1
418.5894,112.2390,419.2509,123.9741,337.3809,128.5895,336.7194,116.8544
412.4389,113.2104,413.0099,125.8004,333.0921,129.4254,332.5210,116.8354
404.7544,115.2971,404.9765,128.1722,322.9887,129.5867,322.7666,116.7116
397.1602,117.1337,397.0138,131.1022,309.0186,130.1800,309.1650,116.2114
396.0468,116.4613,396.0169,131.4613,303.0171,131.2761,303.0470,116.2761
397.0898,118.3411,396.6688,133.9819,297.7046,131.3180,298.1256,115.6772
376.3518,111.2524,373.8906,139.6554,288.2117,132.2312,290.6728,103.8283
366.0683,100.3474,362.6770,142.3687,292.5603,136.7099,295.9516,94.6886
360.4286,130.7707,328.5173,159.0733,280.1020,104.4851,312.0133,76.1824
351.6803,145.5388,328.7338,164.5688,284.4003,111.1112,307.3467,92.0812
336.4846,154.7892,317.4818,163.7378,282.1208,88.6472,301.1236,79.6986
326.3930,156.3897,310.6944,161.5244,280.2289,68.3801,295.9276,63.2454
322.8988,153.7048,307.6874,158.4350,277.6969,61.9903,292.9083,57.2602
320.9557,148.1075,306.2019,152.7083,275.8367,55.3329,290.5905,50.7321
322.6844,130.7462,297.3052,138.7686,269.6736,51.3546,295.0529,43.3322
317.1701,121.5283,287.0563,128.0009,268.6976,42.5869,298.8114,36.1143
302.1556,121.6772,277.9230,122.0065,276.6042,24.9543,300.8368,24.6250
284.2367,13.3602,303.9318,14.9966,295.0583,121.7912,275.3633,120.1547
288.8304,11.2695,305.7929,14.0495,288.0020,122.6012,271.0396,119.8212
288.8413,14.0196,308.5232,18.4757,285.3513,120.8247,265.6693,116.3687
288.8776,11.8918,310.5302,17.0501,286.6781,117.1718,265.0254,112.0135
290.5486,11.0920,309.7388,15.2312,288.0220,115.9158,268.8319,111.7766
292.7836,10.8008,313.8187,16.3463,289.0797,110.1868,268.0446,104.6413
289.8283,13.1247,319.9965,20.2578,299.2290,108.0901,269.0608,100.9570
295.1007,12.2713,323.0333,23.2153,291.0126,104.9423,263.0800,93.9983
304.8981,8.7828,328.0545,22.6675,280.5612,101.8753,257.4048,87.9907
312.8510,8.7027,332.0488,23.1056,274.8982,99.2825,255.7003,84.8796
322.0717,7.4546,337.3640,22.1266,266.9916,95.4742,251.6992,80.8022
319.6822,10.7337,338.2740,32.1314,267.2061,93.8803,248.6143,72.4826
308.6584,8.3258,335.9607,50.7064,276.0004,89.3338,248.6981,46.9532
274.5446,7.4132,325.9378,10.9184,320.9024,84.7469,269.5093,81.2417
328.7662,88.6245,288.3321,95.4126,275.3557,18.1167,315.7898,11.3286
338.4479,92.6086,306.7118,104.8079,275.9169,24.6954,307.6530,12.4962
344.6546,90.8171,324.7241,102.2964,277.9271,21.0471,297.8576,9.5678
348.2777,94.8159,333.1950,105.3260,273.7365,19.9991,288.8192,9.4890
349.7198,94.8942,337.0943,104.7045,272.6695,21.7922,285.2951,11.9819
345.6370,88.8262,328.1500,103.2148,265.8828,27.5392,283.3698,13.1506
336.5789,99.2276,286.6056,116.8817,260.0871,41.8158,310.0605,24.1618
324.3026,31.5673,333.3426,85.8193,274.7496,95.5826,265.7097,41.3306
315.7590,24.4232,344.4426,66.5925,286.8937,105.7373,258.2101,63.5680
314.6453,22.4727,338.1339,49.7544,277.5960,101.8755,254.1075,74.5938
310.0593,24.1905,331.5115,43.7046,272.9597,108.0716,251.5075,88.5575
310.6285,25.9819,329.8575,41.9583,268.4089,115.9166,249.1799,99.9402
306.1499,30.0663,322.0038,41.4175,263.7883,122.7253,247.9344,111.3741
304.0173,32.5655,317.6035,41.5643,260.1740,128.2699,246.5878,119.2711
296.8077,41.9042,310.6331,50.6571,257.1417,135.1478,243.3163,126.3948
296.9605,46.4813,309.8165,54.7611,254.5872,140.5150,241.7312,132.2351
295.7148,46.9806,308.4464,55.1710,252.1798,142.6356,239.4481,134.4452
293.0490,50.5388,306.3174,59.1010,248.3008,149.0069,235.0323,140.4447
290.9139,56.6613,304.0872,65.2645,246.1262,154.0143,232.9529,145.4111
289.7228,58.7042,303.5458,67.8685,242.7636,159.5501,228.9406,150.3859
281.5404,63.6433,297.7415,73.4692,242.7727,164.1027,226.5716,154.2768
268.6295,71.5519,296.7873,89.1811,248.0335,167.0516,219.8757,149.4223
266.7831,80.0397,299.0868,111.5714,246.2986,165.6518,213.9949,134.1201
271.2916,82.0279,299.4689,111.7842,242.5148,165.7159,214.3375,135.9596
284.3211,86.0080,307.9423,125.2198,239.2015,166.6293,215.5803,127.4174
291.3318,93.0346,311.5629,125.3963,238.3969,171.1364,218.1658,138.7747
290.7026,111.7827,301.9362,132.8267,221.6583,175.6805,210.4246,154.6365
292.3315,112.3238,310.0730,149.2865,231.8408,186.8367,214.0993,149.8740
260.7923,109.4015,287.4128,128.9040,238.7460,195.3333,212.1254,175.8308
248.3603,110.2629,272.5025,119.9146,237.3879,207.7487,213.2457,198.0971
245.3102,108.2619,265.3519,113.9092,236.0606,217.8612,216.0189,212.2139
242.4488,111.8291,258.0208,115.0525,234.9133,226.6860,219.3413,223.4626
239.1737,125.7456,254.5248,128.7690,233.8484,233.7523,218.4973,230.7289
240.5613,123.8639,255.8028,126.9350,233.0870,239.6692,217.8455,236.5980
240.6616,131.7556,257.3328,135.7692,231.3515,243.6857,214.6803,239.6721
237.6832,140.0455,259.2663,146.3844,230.5227,244.2507,208.9397,237.9117
232.1068,140.2409,260.0620,147.5106,234.6915,245.0717,206.7363,237.8021
229.5774,148.2926,259.2078,155.2726,238.5554,242.9431,208.9250,235.9631
242.9396,148.4867,261.5841,154.1852,231.7707,251.7308,213.1261,246.0324
236.9722,154.2469,264.3322,160.1993,243.0098,258.2076,215.6498,252.2553
227.6683,163.3113,254.6308,164.7338,249.3152,265.4915,222.3527,264.0690
252.3749,278.9673,232.0856,280.7310,222.5594,171.1443,242.8487,169.3806
254.8231,286.6308,239.8418,289.4260,219.7223,181.5893,234.7037,178.7942
259.4807,292.2770,243.3006,295.8859,218.9185,186.5721,235.0986,182.9632
259.6223,299.2128,244.4072,302.4356,220.7844,190.9100,235.9995,187.6872
261.9680,304.9041,246.3773,308.2936,222.1584,196.8960,237.7490,193.5064
267.0311,311.1472,248.8655,315.1324,225.0590,206.6156,243.2246,202.6304
273.7531,313.8031,251.4541,319.7566,224.7038,219.5616,247.0029,213.6081
277.7243,316.0415,253.7542,323.6649,222.8976,226.6439,246.8677,219.0204
282.6180,323.7506,263.9729,331.6261,221.9496,232.1372,240.5947,224.2617
284.7383,329.2501,269.7233,336.5806,221.9030,238.6306,236.9180,231.3000
289.3024,333.1912,272.5801,341.8794,224.2622,248.8815,240.9845,240.1933
290.9669,337.5918,268.6619,348.2363,224.1304,254.9225,246.4354,244.2781
292.0586,338.7143,267.5995,350.1487,227.2721,263.8856,251.7313,252.4511
292.4258,344.4575,267.2149,354.1224,232.3590,263.2008,257.5699,253.5359
290.9684,358.3706,270.0019,364.3004,241.1540,262.3015,262.1205,256.3716
288.5578,366.3459,272.1833,369.9652,248.4431,262.5575,264.8177,258.9383
288.9952,370.9839,273.1535,374.1743,250.6470,262.4181,266.4886,259.2277
290.5777,375.0449,275.0841,378.3544,251.2708,266.8693,266.7644,263.5598
292.2834,381.4417,277.4084,384.6540,253.3440,273.2229,268.2189,270.0105
292.9294,385.5051,276.6301,388.9621,252.7697,276.4646,269.0691,273.0076
294.6120,387.5249,276.7505,391.3725,253.4689,283.2941,271.3303,279.4465
296.1912,391.5066,268.5114,395.7292,253.3272,296.1961,281.0070,291.9734
295.4767,391.6907,260.5884,394.4851,253.4725,305.6408,288.3608,302.8465
260.5833,306.0695,295.2970,308.0783,289.7821,403.3835,255.0685,401.3748
283.5931,310.4685,301.8833,315.0854,275.2058,420.7704,256.9156,416.1535
286.7427,314.1803,303.6756,319.2749,271.1184,427.4832,254.1856,422.3885
283.9206,320.9779,301.0558,325.7784,270.3028,435.5520,253.1676,430.7516
274.4662,335.8402,297.1445,341.7454,270.8271,442.8146,248.1488,436.9095
282.5272,340.4232,299.5875,346.5737,261.9422,450.9951,244.8819,444.8447
282.1659,346.7759,299.3505,353.3327,259.4242,457.9745,242.2396,451.4176
277.7740,356.0306,297.0862,363.2485,258.5757,466.2870,239.2635,459.0691
273.3085,360.8097,292.0482,366.8212,258.1426,472.5161,239.4029,466.5046
269.6438,365.7240,287.8221,370.8343,257.5117,478.6549,239.3334,473.5446
267.0831,367.4725,285.5679,372.1548,258.0660,480.7258,239.5812,476.0434
265.1009,368.3375,284.2479,372.9200,258.1794,481.8439,239.0323,477.2615
263.2227,368.1842,281.9401,372.2735,257.1809,485.6004,238.4635,481.5111
259.7316,374.1080,278.1251,377.5589,257.6573,486.6555,239.2637,483.2046
258.4372,376.1661,277.4719,379.3314,258.9357,490.8007,239.9010,487.6354
258.7368,377.2959,276.9373,380.6757,256.3060,491.7763,238.1055,488.3965
260.3310,381.6307,277.0396,384.9011,255.5259,494.8154,238.8172,491.5450
258.1517,385.4171,276.1071,388.9913,254.6317,496.8746,236.6764,493.3004
258.3729,388.5843,275.2271,391.9321,253.7965,499.8243,236.9423,496.4765
256.9111,388.6307,273.4276,391.7325,252.7555,501.8082,236.2390,498.7064
254.0194,389.3869,271.9545,392.0981,255.2139,502.8399,237.2787,500.1287
249.8381,404.0977,278.4755,408.6693,263.1883,504.4303,234.5509,499.8586
245.2846,408.1393,274.2235,410.0198,267.7057,510.3260,238.7667,508.4456
266.6186,525.6360,248.5797,527.1406,239.1874,414.5316,257.2263,413.0271
270.0917,532.0763,253.3562,534.6024,236.3416,421.8792,253.0771,419.3532
273.7454,538.8655,254.2151,541.7813,237.6771,431.0090,257.2074,428.0932
278.9493,540.8707,252.3309,544.3531,238.9226,441.8652,265.5410,438.3828
283.3498,551.8042,261.3210,557.4094,234.4425,451.7754,256.4713,446.1702
287.2189,560.0229,271.6111,565.7254,233.5187,461.4662,249.1264,455.7638
289.0777,564.1161,270.8088,571.0315,233.1142,471.4497,251.3832,464.5344
291.7867,566.8500,268.3252,575.4846,234.1574,482.6449,257.6189,474.0104
292.2212,574.4744,266.2204,581.7518,238.7919,483.7560,264.7927,476.4786
291.8787,580.7810,262.4086,586.3945,243.1857,485.4777,272.6558,479.8642
289.6701,581.2809,258.8550,584.6613,248.3663,489.0472,279.1814,485.6668
286.6411,588.7181,256.6486,589.3903,254.3858,488.4156,284.3783,487.7435
264.5369,491.2689,289.0046,493.0131,281.3845,599.9134,256.9167,598.1693
273.5984,494.1379,293.7505,497.6754,274.5589,607.0038,254.4068,603.4662
278.6790,496.5788,296.1708,500.6375,270.6291,610.7130,253.1373,606.6543
279.7811,499.9789,295.2625,503.6597,268.8933,614.5681,253.4119,610.8872
279.8361,504.1328,295.4463,508.1532,267.0134,618.5505,251.4032,614.5301
278.8833,509.1032,294.7345,513.2617,265.8060,623.5302,249.9548,619.3717
278.8661,512.2849,294.6244,516.6378,264.2706,626.5225,248.5124,622.1696
270.0479,524.7437,292.5553,529.4780,271.3543,630.2724,248.8468,625.5381
259.6673,536.1577,293.4854,539.6701,284.3470,627.6562,250.5289,624.1439
284.8287,639.9515,260.7659,642.8071,248.7458,541.5178,272.8086,538.6622
287.2873,651.8146,270.2610,655.8904,244.6970,549.1007,261.7234,545.0248
316.2055,601.4420,291.7141,651.5079,231.6042,622.1032,256.0956,572.0374
307.4071,582.3776,324.2107,622.7200,245.8003,655.3799,228.9967,615.0375
340.5266,574.3082,349.8620,586.6374,258.1789,656.0579,248.8434,643.7287
361.6193,562.9321,370.5010,577.7255,271.0485,637.4348,262.1668,622.6414
380.8212,549.6940,389.3497,563.0588,296.4553,622.3378,287.9268,608.9730
395.5113,537.8223,403.8283,549.3358,313.8728,614.3158,305.5558,602.8022
410.4166,528.0001,418.5714,539.7223,324.5767,605.1121,316.4218,593.3898
424.1619,518.5734,431.9507,530.3137,342.1692,589.8765,334.3804,578.1362
437.7414,510.6945,445.3064,522.3420,355.9096,580.4056,348.3445,568.7582
448.0386,503.1533,455.5322,515.1893,358.7560,575.4419,351.2624,563.4059
459.7477,496.5002,466.8771,508.2074,370.3649,566.9814,363.2355,555.2744
469.7804,489.1830,478.8098,505.1464,387.6969,556.6824,378.6675,540.7190
467.2735,488.0507,484.8561,527.2916,415.6701,558.2917,398.0874,519.0508
495.5627,508.2582,483.6484,548.5328,408.0104,526.1572,419.9247,485.8825
507.2690,520.9105,493.3920,545.2298,414.5310,500.2306,428.4079,475.9113
518.8594,540.7977,506.5978,555.0877,427.2485,487.0016,439.5101,472.7116
518.8864,532.5421,497.5794,557.7416,432.4529,502.6751,453.7598,477.4756
519.1667,548.7573,485.0448,565.4813,450.9728,495.9643,485.0948,479.2403
516.3619,560.6496,482.3026,568.7090,463.0728,487.4440,497.1322,479.3845
510.6631,577.4897,486.0807,579.0203,479.8044,478.2155,504.3867,476.6849
495.2289,489.2347,514.3998,491.5481,503.1380,584.8711,483.9671,582.5576
494.9117,495.8832,517.5613,499.3090,503.9100,589.5676,481.2603,586.1419
497.6924,501.5469,521.0656,507.0147,500.2274,596.0907,476.8543,590.6229
508.3316,500.9166,526.6672,507.5348,491.6977,604.4169,473.3621,597.7986
511.7640,504.4883,526.9359,510.7300,486.6074,608.7586,471.4355,602.5170
508.6989,514.6015,523.1245,520.5569,484.5831,613.9141,470.1575,607.9587
508.8813,511.4117,524.1780,517.4722,484.0288,618.8085,468.7321,612.7480
501.1803,524.5678,537.3560,541.6359,502.0027,616.5673,465.8269,599.4993
520.7124,614.9850,483.1245,621.8336,468.5861,542.0411,506.1740,535.1925
522.0285,631.6929,502.0109,640.4008,461.4573,547.1778,481.4749,538.4698
526.6641,642.0228,514.2799,649.4734,462.2128,562.9293,474.5969,555.4787
530.5391,651.5372,518.3340,658.7940,463.9851,567.3845,476.1902,560.1277
536.3965,661.2798,523.9907,668.6759,468.2414,575.1649,480.6472,567.7687
541.6019,668.0664,529.3584,675.9708,469.1529,582.7169,481.3964,574.8124
548.9534,675.0504,534.9788,684.4241,474.6251,594.4471,488.5997,585.0734
567.7178,648.2258,535.0289,684.2009,481.2798,635.3615,513.9688,599.3864
526.9899,603.4178,569.2800,632.7510,530.3260,688.9114,488.0359,659.5782
540.0415,602.2957,569.5500,616.3333,531.9769,695.3160,502.4684,681.2785
547.2853,577.5773,571.9563,583.2101,547.6941,689.4755,523.0230,683.8427
553.3263,567.9575,579.5767,579.0905,537.0183,679.4388,510.7679,668.3058
569.2930,539.1381,585.7526,544.9751,550.3240,644.8792,533.8644,639.0421
574.4924,519.6656,590.8793,524.1197,562.4249,628.8059,546.0380,624.3519
585.8805,503.7443,598.8028,508.7444,557.6638,615.0627,544.7415,610.0626
584.7684,497.4863,617.8247,511.7439,583.7703,590.6992,550.7139,576.4415
633.4986,518.7558,611.9661,572.7698,553.6294,549.5140,575.1619,495.5001
644.2615,525.8663,629.9357,554.4805,555.9910,517.4600,570.3167,488.8458
663.3255,555.6722,653.5352,566.8665,572.2397,495.7676,582.0300,484.5733
681.5462,566.2762,672.5114,577.7741,584.4467,508.5744,593.4814,497.0766
699.0544,576.5908,688.0632,590.8454,600.5313,523.3531,611.5225,509.0984
710.9783,591.2661,701.0236,602.2343,620.6373,529.2754,630.5920,518.3073
725.4899,600.4028,715.2744,612.2256,629.0143,537.6924,639.2299,525.8695
739.0122,608.9810,729.8219,620.5451,640.5737,549.6173,649.7640,538.0532
750.1661,617.8826,740.7825,629.4410,656.2360,560.8027,665.6196,549.2443
759.9414,627.2198,750.6879,638.4174,667.9352,570.0313,677.1887,558.8338
769.8292,634.8065,760.5071,646.3768,674.3251,576.9404,683.6472,565.3701
780.1047,642.0308,770.8848,653.7958,681.9893,584.1312,691.2093,572.3661
788.4495,648.9693,779.0212,660.9470,694.5798,594.4786,704.0081,582.5009
795.1917,654.4901,785.9949,666.1333,700.7260,598.7803,709.9228,587.1371
802.8926,660.9946,793.8107,672.6814,705.3748,603.9567,714.4567,592.2698
811.8782,659.2003,799.4515,676.8096,713.6418,616.2538,726.0685,598.6446
814.1045,642.9284,790.7777,676.9399,725.2587,632.0038,748.5854,597.9922
815.2183,623.2158,812.6110,667.6591,735.9763,663.1631,738.5837,618.7198
819.6612,627.8293,823.7974,659.9621,735.0112,671.3909,730.8749,639.2581
824.2272,625.9336,832.1470,651.6469,742.6131,679.2236,734.6933,653.5104
834.9130,620.5729,843.3372,636.7922,749.0565,685.7606,740.6324,669.5412
839.4692,616.7939,847.3515,628.9170,761.4465,684.7718,753.5641,672.6487
845.0237,612.9702,853.0861,625.2678,763.2875,684.1408,755.2251,671.8433
850.3575,609.9635,858.3870,623.2213,764.6066,680.0186,756.5771,666.7607
855.9637,608.7175,862.9573,621.4819,763.8569,675.7785,756.8633,663.0141
860.9905,604.6949,869.1226,622.2015,771.0698,667.7485,762.9377,650.2419
865.9758,601.1591,874.0253,616.8649,777.9026,666.1301,769.8530,650.4243
863.2023,600.2321,877.1900,626.7716,804.1155,665.2856,790.1279,638.7462
881.3516,604.6656,887.5695,632.9912,799.8191,652.2537,793.6013,623.9281
906.2730,616.4152,906.0831,635.5267,798.5874,634.4587,798.7773,615.3472
914.3420,620.7557,912.4348,640.2534,810.9222,630.3234,812.8295,610.8257
921.9778,623.4162,920.0349,639.9811,817.8517,627.9952,819.7947,611.4304
931.1156,623.0568,929.5132,639.2590,826.6256,629.0831,828.2281,612.8809
941.3886,619.0474,940.0784,641.4962,837.2228,635.4932,838.5330,613.0444
945.3071,615.2706,944.2195,641.9266,848.5112,638.0217,849.5988,611.3657
951.4595,611.1741,953.4035,637.3728,858.0056,644.4514,856.0616,618.2526
964.4318,610.3915,968.2687,628.9515,860.5464,651.2206,856.7095,632.6606
974.9993,608.6559,978.9867,623.6268,872.6254,651.9556,868.6381,636.9848
983.9524,609.2757,987.3531,624.2017,878.1517,649.0823,874.7510,634.1562
989.2280,608.0295,992.3430,628.2767,885.8762,644.6566,882.7612,624.4094
997.8639,605.7715,1001.5187,621.6578,896.0468,645.9222,892.3920,630.0359
1007.5070,602.5646,1011.5123,615.6210,902.8194,648.9652,898.8140,635.9089
1015.8125,599.8107,1020.1593,613.4648,912.6234,647.6988,908.2766,634.0447
1023.0648,598.8232,1026.7271,611.4120,914.3845,644.0944,910.7222,631.5056
1028.9662,597.5966,1032.6443,610.9047,920.8362,641.8067,917.1580,628.4987
1035.8226,596.0708,1039.3806,608.3487,928.9250,640.3575,925.3671,628.0797
1037.8895,594.4180,1041.5370,606.7460,933.7139,638.6473,930.0664,626.3193
1036.6543,592.3886,1044.1482,618.3278,956.2899,643.7103,948.7959,617.7712
1047.8301,597.2344,1050.5361,628.1161,962.4571,635.8341,959.7510,604.9524
1068.2108,605.5092,1066.8051,626.8992,958.0397,619.7510,959.4454,598.3610
1076.1355,614.2814,1073.1541,629.3972,965.2409,608.1123,968.2224,592.9965
1083.3562,617.1968,1080.1183,632.0228,976.3981,609.3713,979.6359,594.5453
1092.3728,617.2262,1088.9463,634.5706,980.6404,613.1740,984.0669,595.8296
1098.9603,621.3672,1095.3770,636.2638,985.5109,609.8353,989.0943,594.9388
1106.2112,625.2897,1102.2805,639.0161,996.8793,608.8334,1000.8101,595.1070
1114.5532,626.5892,1110.5404,641.1511,1002.0541,611.2553,1006.0670,596.6934
1122.5043,627.5532,1118.3315,643.4861,1007.9693,614.5830,1012.1420,598.6501
1124.5677,619.4422,1119.8849,644.1680,1021.4645,625.5281,1026.1473,600.8023
1123.3354,608.5763,1122.2499,641.5024,1037.5537,638.7098,1038.6393,605.7837
1133.9186,604.9755,1138.6350,629.6382,1042.2020,648.0798,1037.4856,623.4171
1145.8967,603.9894,1151.0958,622.1155,1049.6956,651.2001,1044.4965,633.0740
1151.7655,597.9931,1159.1193,616.1157,1065.7919,653.9864,1058.4380,635.8638
1152.0634,591.5620,1170.1248,646.8413,1083.1420,675.2611,1065.0806,619.9818
1172.3654,605.0645,1167.3647,652.1816,1077.3226,642.6253,1082.3232,595.5082
1179.6854,597.5071,1175.8750,655.6041,1075.8495,649.0436,1079.6599,590.9468
1171.1708,596.8875,1172.8773,637.8156,1071.2334,642.0535,1069.5270,601.1254
1174.7670,586.8823,1180.2247,626.5963,1073.1727,641.3080,1067.7150,601.5941
1207.8175,590.0653,1211.7941,605.5162,1099.4550,634.4286,1095.4784,618.9778
1209.1014,590.4796,1211.6456,625.3870,1104.5140,633.1954,1101.9697,598.2880
1218.5272,614.9925,1189.9801,648.4747,1124.2721,592.4519,1152.8192,558.9697
1218.4965,662.2735,1200.3214,668.7502,1164.4041,567.9587,1182.5790,561.4819
1223.9656,686.6895,1210.0909,691.4023,1173.7909,584.5345,1187.6655,579.8217
1231.5420,703.0496,1214.6506,709.1349,1178.3821,608.4630,1195.2734,602.3776
1232.4866,724.6684,1219.3538,728.0664,1192.1072,622.7628,1205.2400,619.3648
1239.1570,743.5715,1224.1255,747.2814,1197.7988,640.6127,1212.8302,636.9028
1244.7937,758.0193,1230.8101,762.2473,1199.1595,657.5662,1213.1432,653.3382
1251.1276,771.4947,1236.8856,776.2099,1202.5765,672.5822,1216.8185,667.8669
1272.2456,761.8550,1231.1516,777.6187,1203.4553,705.4180,1244.5493,689.6542
1292.6949,738.1386,1291.5219,769.8490,1196.5868,766.3371,1197.7599,734.6267
1330.1736,747.4575,1330.9825,764.2858,1227.1024,769.2792,1226.2936,752.4508
1371.2262,751.2183,1369.6960,771.0417,1269.0688,763.2745,1270.5989,743.4510
1399.0533,745.0006,1399.1302,766.3262,1296.4871,766.6970,1296.4100,745.3713
1395.4808,698.5461,1419.8148,712.3171,1373.5181,794.1255,1349.1842,780.3545
1422.6008,657.2654,1440.3948,666.3962,1393.3180,758.1382,1375.5240,749.0074
1454.6809,627.6536,1465.2334,636.1855,1400.7004,716.0015,1390.1479,707.4695
1480.5391,597.7906,1491.1857,607.6118,1419.1598,685.6911,1408.5132,675.8700
1503.9788,575.8152,1513.5308,586.0464,1433.8572,660.4313,1424.3052,650.2002
1526.0374,554.1812,1535.7864,565.0607,1455.4448,637.0543,1445.6957,626.1747
1546.1493,533.5781,1556.2305,544.2272,1477.7448,618.5273,1467.6637,607.8783
1561.4203,516.1961,1571.5520,526.1518,1494.4550,604.6122,1484.3231,594.6566
1574.9452,499.4588,1585.6854,509.3582,1511.8121,589.5064,1501.0718,579.6069
1552.6388,479.8169,1592.9489,504.5514,1555.0228,566.3596,1514.7129,541.6252
1597.6606,536.6833,1568.5261,552.1810,1528.3656,476.6821,1557.5002,461.1844
1599.5027,519.3186,1588.1549,529.9183,1515.1155,451.7247,1526.4633,441.1250
1587.8301,504.1540,1576.3470,514.6049,1502.3075,433.2529,1513.7906,422.8020
1573.2705,485.1026,1561.7578,495.6512,1489.4731,416.7592,1500.9860,406.2107
1562.0223,464.5706,1548.5925,477.7322,1472.9990,400.5984,1486.4288,387.4368
1546.8594,454.8742,1531.8710,466.9394,1464.1495,382.8097,1479.1381,370.7445
1531.7589,450.3089,1519.1759,458.5850,1457.6304,365.0107,1470.2134,356.7346
1521.9067,436.3468,1509.6461,444.2263,1449.0938,350.0063,1461.3545,342.1267
1516.3331,423.6822,1503.9838,432.2225,1440.8481,340.9268,1453.1975,332.3866
1509.9468,410.1534,1497.4878,419.1653,1432.4333,329.2268,1444.8923,320.2150
1506.1339,398.8836,1492.5641,409.2822,1423.8322,319.5887,1437.4020,309.1901
1499.8407,389.6477,1486.5281,399.8674,1417.7186,310.2333,1431.0314,300.0136
1503.2443,377.3302,1456.4944,403.9761,1411.9281,325.7850,1458.6780,299.1391
1493.4867,306.2741,1495.8560,360.4058,1407.1598,364.2880,1404.7904,310.1563
2
0
0
0
0
1
1216.3889,356.3711,1216.0210,367.3636,1136.0657,364.6876,1136.4336,353.6950
1202.1385,356.9868,1201.6859,367.3073,1126.7579,364.0215,1127.2106,353.7010
1183.8496,355.7080,1183.6748,366.2022,1109.6851,364.9693,1109.8599,354.4751
1167.2072,356.2473,1166.6636,368.7503,1095.7306,365.6665,1096.2742,353.1635
1154.0963,356.3576,1153.7322,368.4511,1081.7649,366.2848,1082.1289,354.1913
1136.6003,357.1577,1136.1246,368.7073,1068.1823,365.9086,1068.6580,354.3590
1124.7238,357.7191,1124.4044,367.7296,1055.4395,365.5294,1055.7588,355.5189
1111.8817,357.6988,1111.4064,368.5389,1041.4735,365.4724,1041.9489,354.6323
1098.9860,358.4153,1098.5220,369.0334,1027.5896,365.9341,1028.0536,355.3160
1088.0609,359.0188,1087.4916,370.0144,1013.5906,366.1879,1014.1599,355.1923
1066.9473,359.3629,1064.6523,375.0442,995.3901,364.9081,997.6849,349.2269
1042.6040,350.9030,1032.9531,383.5045,974.4621,366.1897,984.1130,333.5882
1023.5912,389.2244,1009.0392,403.4155,965.0543,358.3119,979.6064,344.1208
1036.0594,393.8380,1029.0787,405.8017,966.8908,369.5159,973.8715,357.5522
1044.1332,396.9782,1038.3136,407.7751,969.6525,370.7664,975.4720,359.9695
1052.5002,402.5100,1047.1155,412.8447,977.0551,376.3408,982.4398,366.0061
1054.8837,402.7524,1049.8564,412.9957,980.7326,379.0708,985.7599,368.8275
1056.7646,403.5158,1051.5532,414.3029,984.9218,382.1122,990.1331,371.3251
1057.2635,395.4628,1051.7355,410.0727,984.3503,384.5753,989.8785,369.9654
1062.9015,392.1997,1047.0536,415.2831,1003.8448,385.6183,1019.6927,362.5349
1062.7023,419.3632,1032.1918,424.8502,1022.2736,369.7003,1052.7842,364.2133
1059.9606,436.2536,1023.6446,436.9107,1022.5530,376.5803,1058.8689,375.9232
1072.7229,398.5302,1064.1650,442.6996,1004.9048,431.2178,1013.4626,387.0485
1050.1360,431.0981,1039.2900,443.4581,984.4200,395.3096,995.2659,382.9496
1039.0464,415.6717,1032.7651,426.8928,968.1936,390.7470,974.4749,379.5260
1028.6853,400.7610,1022.1602,417.8922,945.5306,388.7047,952.0557,371.5735
1015.6086,398.9703,1006.4885,413.3169,948.2584,376.2999,957.3785,361.9534
999.6495,373.2032,997.6561,390.5375,920.1668,381.6263,922.1603,364.2921
972.7919,367.3518,970.3732,385.7227,889.0748,375.0189,891.4935,356.6479
956.8630,376.3452,952.0305,390.8156,870.4591,363.5738,875.2917,349.1035
935.0081,365.6653,931.2112,380.5696,851.7492,360.3262,855.5461,345.4220
922.3786,358.9528,920.7672,370.2696,838.5961,358.5688,840.2075,347.2520
905.9019,352.7542,903.9478,369.3173,823.5057,359.8267,825.4598,343.2635
880.4766,341.2505,879.5478,363.5116,802.6147,360.3015,803.5436,338.0404
869.3981,338.9038,867.1019,367.0719,784.3763,360.3282,786.6725,332.1600
848.8765,358.0945,840.3691,371.8927,766.3135,326.2334,774.8209,312.4352
829.2039,327.8450,822.2621,359.0830,753.6757,343.8415,760.6174,312.6035
833.0959,318.6989,833.9662,331.8876,740.1702,338.0769,739.2999,324.8882
806.7587,315.6465,808.0223,335.2114,721.2031,340.8187,719.9395,321.2537
792.6543,334.4807,790.2310,347.8651,700.6868,331.6527,703.1101,318.2683
772.5269,327.1246,770.8115,341.6012,684.4159,331.3642,686.1312,316.8876
748.9632,318.0642,748.1229,338.2984,666.1935,334.8960,667.0338,314.6618
737.7771,325.2145,734.1935,341.8672,649.1406,323.5644,652.7241,306.9117
722.3695,328.6128,717.8934,342.8204,631.0990,315.4756,635.5752,301.2679
706.8012,322.9903,702.3057,336.6903,612.9913,307.3828,617.4868,293.6828
695.6192,316.0379,690.6428,333.5449,603.1104,308.6635,608.0869,291.1564
686.3437,314.7392,680.8751,331.7405,593.2943,303.5695,598.7629,286.5681
674.8843,308.4716,669.9683,325.4120,574.8907,297.8210,579.8068,280.8807
672.3362,302.4348,669.4651,316.7223,565.5427,295.8383,568.4139,281.5508
662.1130,297.9115,659.7109,313.0136,554.0392,296.2061,556.4413,281.1040
649.1594,294.0094,646.7236,309.3408,544.9995,293.1785,547.4354,277.8471
642.7604,294.3019,640.3605,308.0208,534.9611,289.5832,537.3609,275.8643
633.7830,293.8395,631.0443,307.4439,525.1684,286.1297,527.9071,272.5253
626.8488,293.6802,623.5967,307.9775,514.3864,283.1361,517.6384,268.8389
613.1483,285.4103,608.5228,309.9787,506.3184,290.7363,510.9440,266.1679
584.6454,255.6949,590.7631,274.2815,493.2321,306.3829,487.1145,287.7964
560.1053,267.1512,564.8845,285.2081,462.4128,312.3292,457.6337,294.2723
535.5891,283.2493,537.6655,299.3135,440.4742,311.8767,438.3977,295.8124
506.1250,283.4586,508.9359,296.4231,409.2519,318.0357,406.4411,305.0713
485.4217,290.3571,487.7009,303.5036,388.1854,320.7565,385.9062,307.6100
465.1604,297.4597,466.7344,311.0433,365.4124,322.7843,363.8383,309.2007
445.3042,299.0766,447.0426,313.4450,345.7810,325.6962,344.0426,311.3277
412.4105,286.6133,416.7686,320.4513,328.2575,331.8509,323.8994,298.0130
397.2344,313.8016,377.3944,347.1557,311.4812,307.9487,331.3211,274.5945
383.3641,330.8687,357.3076,352.1471,302.5515,285.0956,328.6080,263.8172
359.0141,343.5521,344.0551,350.9752,299.1600,260.5018,314.1191,253.0787
346.0891,336.1804,332.1817,341.9943,292.0695,246.0411,305.9769,240.2273
338.2601,322.1430,324.9124,327.9731,280.4826,226.2529,293.8303,220.4228
332.3276,311.0129,318.3849,316.9815,275.8833,217.6960,289.8260,211.7274
321.1291,302.9090,308.1771,307.4603,271.3783,202.7375,284.3303,198.1863
314.7466,293.3264,300.6261,297.7518,267.1317,190.8775,281.2522,186.4521
310.5438,278.7802,296.7792,283.3608,262.3617,179.9372,276.1263,175.3566
307.1161,269.6872,292.0641,274.6110,257.8641,170.0627,272.9161,165.1388
304.7899,262.1588,290.2195,267.1701,254.4435,163.1505,269.0139,158.1392
302.2610,254.7464,286.1740,260.4234,248.5702,153.8638,264.6572,148.1868
298.8326,246.7899,282.0385,252.4637,246.1905,146.3557,262.9846,140.6819
314.9286,207.1786,269.9985,226.8136,239.8006,157.7128,284.7307,138.0778
280.0964,132.4875,313.6659,169.5428,263.4198,215.0622,229.8503,178.0069
297.0748,130.6805,314.9385,163.0824,241.4146,203.6172,223.5509,171.2153
325.2480,127.5500,331.6614,146.1845,226.7038,182.3080,220.2904,163.6735
339.1713,127.3427,343.3904,142.4745,235.5056,172.5556,231.2865,157.4238
350.3719,120.8744,355.5345,136.5064,249.1844,171.6297,244.0217,155.9977
360.7929,116.5468,366.1866,132.6239,259.0550,168.5656,253.6612,152.4885
371.1160,113.2725,375.9753,128.6621,268.2193,162.6862,263.3600,147.2966
380.3315,111.7477,384.1486,125.4886,275.2714,155.7335,271.4543,141.9926
390.8540,108.4567,394.6328,122.4643,284.7338,152.1109,280.9551,138.1034
398.8352,107.0385,402.2703,121.5030,291.9562,147.7002,288.5212,133.2358
406.9210,104.8675,410.1346,118.5019,298.2018,144.8844,294.9882,131.2501
413.1732,102.5719,416.3118,116.0264,304.3188,142.1521,301.1801,128.6975
419.7753,100.3615,422.9601,113.9864,313.1635,139.6515,309.9787,126.0267
423.7310,98.5200,427.4073,118.6549,322.4712,137.8146,318.7949,117.6797
420.9931,97.2797,425.2257,127.9894,340.9150,139.6097,336.6823,108.9001
435.1977,105.6147,431.1061,138.3601,344.9433,127.5939,349.0349,94.8485
448.2053,116.1428,441.6007,138.1742,347.4451,109.9479,354.0497,87.9166
459.7434,128.9775,454.2752,142.0203,361.1199,102.9651,366.5881,89.9223
469.2747,131.7385,463.7028,145.6260,368.7685,107.5368,374.3404,93.6493
478.9935,133.7391,474.3400,146.6843,372.7070,110.1504,377.3605,97.2051
486.5680,135.8932,482.2021,148.7153,378.0730,113.2591,382.4390,100.4370
496.7145,139.8474,492.3014,152.7414,383.4978,115.5019,387.9109,102.6079
500.2668,141.5938,495.6440,154.7768,393.8673,119.0879,398.4900,105.9049
507.4037,144.5394,502.4389,157.9034,398.4916,119.2863,403.4564,105.9223
513.5803,148.6268,508.8138,161.1207,405.1048,121.5549,409.8713,109.0610
