1
108.6045,579.8698,109.7689,615.7944,46.4767,617.8458,45.3123,581.9212
132.7387,587.2316,136.2566,624.6756,72.7420,630.6428,69.2241,593.1987
154.7216,595.9973,159.5136,635.1226,97.1790,642.7573,92.3870,603.6320
180.1160,604.8906,184.1446,644.3748,119.6221,650.9580,115.5935,611.4739
208.3899,611.0850,216.7366,647.8250,150.9472,662.7712,142.6005,626.0313
225.8960,610.3848,239.7632,653.5732,179.4800,672.9294,165.6128,629.7409
249.4480,617.9405,264.4449,659.0032,206.2844,680.2445,191.2875,639.1818
274.2770,622.7543,290.4754,662.5483,234.2242,685.4459,218.0257,645.6518
278.5378,629.9029,315.6318,659.5460,283.3017,700.0023,246.2077,670.3592
304.5745,637.5899,343.6396,655.3536,321.0382,705.0575,281.9731,687.2938
336.9971,643.1451,377.6679,661.8651,354.6298,711.9173,313.9590,693.1973
412.2784,670.1496,385.6876,716.0617,339.2939,689.1920,365.8846,643.2799
440.4044,696.2262,395.1343,717.2183,372.9721,669.4248,418.2422,648.4327
430.8545,652.5780,474.7422,668.8863,453.4946,726.0662,409.6069,709.7579
452.9254,656.9114,502.5102,661.8759,496.7915,718.9931,447.2067,714.0286
530.7261,714.8665,487.8555,717.5929,484.0338,657.5011,526.9044,654.7746
530.7484,647.1436,571.1612,680.2561,534.3699,725.1588,493.9571,692.0463
546.4140,650.8832,592.0280,651.5787,591.1178,711.2769,545.5038,710.5815
630.2311,701.9725,578.6349,704.3295,575.9963,646.5698,627.5927,644.2128
633.7683,621.9745,675.4144,651.3700,635.4568,707.9799,593.8108,678.5844
637.2498,633.6210,690.7682,637.5774,686.3380,697.5049,632.8195,693.5484
680.5873,614.9206,723.5832,640.1855,692.0994,693.7646,649.1036,668.4996
710.4628,602.0277,753.4557,627.7967,717.7388,687.3869,674.7458,661.6179
740.0515,595.6461,777.5655,632.7204,727.6088,683.2696,690.0948,646.1953
747.4235,592.2852,789.8185,615.0745,757.2810,675.6044,714.8859,652.8152
770.6585,587.7842,810.1146,616.0715,770.6932,671.0577,731.2372,642.7705
786.4166,583.9261,827.3949,606.1993,794.5839,666.5652,753.6056,644.2921
828.6958,583.0671,856.7263,629.5493,797.4488,665.2960,769.4182,618.8138
829.4515,578.7431,869.2693,608.2430,832.2782,658.1719,792.4605,628.6720
850.9443,576.4387,886.6548,605.5405,846.4138,654.9201,810.7032,625.8184
882.1431,576.5604,905.2000,616.2833,837.2518,655.7231,814.1951,616.0003
891.6402,572.4963,919.5695,609.1719,870.4353,646.5886,842.5061,609.9130
907.4941,567.3887,936.7613,604.2403,888.6569,642.4445,859.3896,605.5929
911.5078,559.4594,949.9467,580.4677,916.4117,641.8262,877.9729,620.8178
922.9893,562.2738,969.4908,590.9740,935.6312,645.8351,889.1296,617.1349
954.7973,561.6707,987.8737,600.6322,935.5295,645.0697,902.4532,606.1082
966.0839,559.5936,992.9028,587.0970,948.0029,630.8795,921.1840,603.3760
1008.7040,564.1484,1019.0794,609.6738,954.1054,624.4817,943.7300,578.9562
1014.3712,622.1859,959.6111,624.1826,957.3799,562.9911,1012.1400,560.9944
1026.4401,630.7610,971.3260,637.5479,962.7516,567.9170,1017.8657,561.1302
1037.0626,613.7665,990.7733,625.8300,976.7693,572.0945,1023.0587,560.0310
1013.4655,552.5486,1050.1155,585.8819,1015.2775,624.1863,978.6275,590.8530
1022.6138,549.4553,1050.7489,578.3159,1015.7040,612.4798,987.5689,583.6193
1046.4756,549.7929,1059.3643,580.6357,997.9936,606.2814,985.1049,575.4387
1061.4214,546.1730,1069.2667,581.0562,1013.8120,593.5281,1005.9666,558.6449
1060.9584,538.1174,1072.8751,568.5303,1021.0042,588.8549,1009.0875,558.4420
1058.1448,519.4578,1081.3987,553.1348,1039.4642,582.0903,1016.2104,548.4133
1091.2402,525.7838,1095.7181,553.9634,1029.3232,564.5139,1024.8453,536.3344
1090.0801,523.8259,1093.1801,549.1326,1023.5909,557.6569,1020.4910,532.3502
1087.1827,510.0886,1094.8728,569.2465,1031.1836,577.5256,1023.4935,518.3677
1109.0020,513.7628,1100.0543,576.6512,1020.0873,565.2738,1029.0349,502.3853
1113.9121,501.2324,1106.3948,529.3753,1050.0571,514.3267,1057.5745,486.1838
1130.2026,494.3094,1124.8904,521.6800,1062.3573,509.5430,1067.6696,482.1724
1132.8177,482.4961,1127.2360,515.2928,1064.7722,504.6620,1070.3539,471.8653
1126.9542,476.0665,1117.0892,512.5284,1061.2760,497.4277,1071.1410,460.9658
1129.9247,474.7206,1119.2161,512.1165,1063.6302,496.1992,1074.3387,458.8033
1129.8357,480.3548,1106.0077,514.4196,1056.5605,479.8319,1080.3884,445.7670
1128.8644,487.4793,1100.0190,504.8309,1069.4163,453.9566,1098.2615,436.6050
1122.0922,465.9405,1102.2692,488.8918,1059.5786,452.0200,1079.4017,429.0687
1099.9777,426.6582,1097.5283,454.8108,1030.1628,448.9499,1032.6122,420.7973
1101.6611,425.2179,1100.2224,444.9549,1030.8265,439.8962,1032.2653,420.1591
1102.4272,418.8949,1101.4286,437.4577,1038.4760,434.0708,1039.4746,415.5080
1100.0088,409.8881,1096.0756,434.8339,1034.1208,425.0655,1038.0541,400.1198
1100.7794,405.0097,1098.6580,425.4357,1037.2483,419.0576,1039.3698,398.6315
1103.4150,398.9092,1101.9382,420.7759,1032.0973,416.0591,1033.5741,394.1924
1104.5513,395.2504,1103.5596,412.1601,1044.3662,408.6886,1045.3579,391.7788
1098.8013,387.6759,1097.8656,407.5070,1031.2997,404.3663,1032.2354,384.5352
1130.8444,381.0357,1130.8989,398.7954,1068.4733,398.9873,1068.4187,381.2275
1096.9381,374.1278,1095.1218,393.6484,1042.4294,388.7456,1044.2457,369.2250
1125.2300,373.5956,1123.4456,389.3205,1065.2347,382.7146,1067.0193,366.9897
1110.9559,362.1883,1109.4578,378.6632,1062.6509,374.4067,1064.1490,357.9318
1120.4077,358.3824,1118.5172,374.8714,1062.0471,368.3974,1063.9375,351.9084
1117.0438,354.0004,1115.6147,369.7051,1060.9606,364.7321,1062.3895,349.0273
1113.6168,349.0666,1112.6356,363.6863,1059.9321,360.1490,1060.9135,345.5292
1089.9066,348.0810,1084.9559,363.6274,1052.6704,353.3463,1057.6211,337.7999
1109.3741,348.4936,1107.6099,361.6904,1056.1278,354.8078,1057.8921,341.6109
1087.2676,343.6536,1083.7462,356.8806,1052.1918,348.4800,1055.7131,335.2530
1087.0166,338.8797,1082.6903,353.9924,1051.9255,345.1856,1056.2517,330.0729
1086.9028,336.3170,1083.0981,350.4019,1051.2963,341.8117,1055.1008,327.7268
1086.2528,335.2029,1082.4877,349.2783,1053.1542,341.4317,1056.9192,327.3563
1087.8596,336.5182,1083.0978,349.1983,1052.4203,337.6776,1057.1821,324.9976
1088.7311,336.6163,1084.3604,349.5165,1057.3239,340.3562,1061.6946,327.4559
1096.2278,338.1280,1092.4434,351.4046,1058.6542,341.7731,1062.4386,328.4965
1097.1945,338.4598,1094.2120,352.3353,1062.5770,345.5356,1065.5594,331.6601
1094.5730,341.5059,1090.2952,354.2097,1063.7771,345.2800,1068.0549,332.5763
1097.4764,346.1334,1092.7394,357.2811,1067.1986,346.4278,1071.9358,335.2801
1101.8574,347.9055,1097.1958,359.9414,1072.1068,350.2243,1076.7684,338.1883
1105.2748,348.0925,1100.7339,360.6508,1075.8625,351.6579,1080.4033,339.0995
1110.3691,346.6169,1105.8899,359.2685,1080.8412,350.4002,1085.3204,337.7486
1115.3196,347.4586,1110.9872,359.2481,1086.5798,350.2788,1090.9122,338.4893
1118.9705,349.3608,1114.3149,361.2904,1089.9861,351.7960,1094.6416,339.8665
1122.4564,349.2161,1117.8483,360.6367,1094.8075,351.3399,1099.4156,339.9193
1127.3894,346.2986,1122.9225,357.7734,1099.7065,348.7358,1104.1736,337.2610
1132.5967,341.4263,1128.6582,352.7386,1104.9386,344.4804,1108.8771,333.1681
1136.7461,338.1334,1133.0432,349.3875,1108.9437,341.4582,1112.6466,330.2041
1139.7094,334.1653,1136.6982,344.7082,1113.3727,338.0463,1116.3838,327.5033
1143.7517,331.1538,1140.7986,341.4013,1117.3674,334.6487,1120.3207,324.4013
1144.1027,327.1285,1141.5839,337.3611,1119.2344,331.8597,1121.7532,321.6271
1146.9128,326.6554,1144.3970,336.6191,1121.6057,330.8640,1124.1216,320.9004
1148.4901,322.3572,1146.8119,332.0910,1121.7635,327.7723,1123.4419,318.0385
1145.4797,319.1178,1143.8025,329.1942,1121.8708,325.5436,1123.5481,315.4673
1144.4329,319.8833,1142.7302,327.9337,1120.7762,323.2904,1122.4789,315.2401
1143.0146,317.4432,1141.5021,326.6049,1118.6954,322.8397,1120.2079,313.6781
1142.5005,319.4193,1141.2217,326.8437,1116.2972,322.5505,1117.5762,315.1261
1138.9271,318.1375,1138.1252,326.1136,1114.8438,323.7730,1115.6456,315.7968
1135.4487,318.4717,1134.7286,326.5962,1111.2983,324.5197,1112.0184,316.3952
1134.1863,319.0834,1133.4866,326.7787,1108.9879,324.5510,1109.6876,316.8558
1129.3756,318.9327,1128.5625,326.0711,1106.4558,323.5530,1107.2689,316.4146
1127.8044,319.8070,1126.9738,325.9944,1104.1545,322.9305,1104.9854,316.7430
1126.0009,318.1736,1124.9252,325.5897,1102.5706,322.3473,1103.6461,314.9313
1125.1844,317.9810,1124.2734,324.7280,1102.8940,321.8414,1103.8049,315.0944
1124.8846,318.0774,1123.6444,324.6993,1101.2020,320.4962,1102.4421,313.8743
1122.7043,316.4247,1121.7887,323.3070,1100.5455,320.4810,1101.4612,313.5987
1122.2235,316.2845,1121.0951,323.0378,1098.9840,319.3431,1100.1125,312.5897
1122.9154,317.0881,1122.1342,323.2841,1100.1713,320.5150,1100.9524,314.3191
1123.3273,317.7119,1122.2308,324.7684,1098.9800,321.1556,1100.0765,314.0992
1124.0333,318.1347,1122.8254,324.8770,1100.5817,320.8919,1101.7896,314.1497
1125.8242,318.2451,1124.7296,325.0635,1101.5634,321.3446,1102.6580,314.5262
1129.4349,320.3557,1128.2102,326.9483,1104.1223,322.4738,1105.3469,315.8811
1131.2150,322.3702,1130.3077,329.6314,1106.9595,326.7145,1107.8666,319.4532
1133.6938,325.8899,1132.4890,333.1750,1109.3148,329.3423,1110.5197,322.0572
1134.2062,326.6558,1132.8344,333.2634,1110.8365,328.6964,1112.2084,322.0888
1116.2693,323.0273,1138.0621,323.0273,1138.0621,333.0273,1116.2693,333.0273
1140.3960,324.8986,1138.7122,331.2183,1118.4202,325.8117,1120.1039,319.4920
1142.1667,322.2115,1140.8301,328.8905,1119.2578,324.5733,1120.5945,317.8943
1144.2236,320.2535,1142.0217,327.5101,1121.9498,321.4197,1124.1517,314.1631
1146.3955,315.4402,1144.9724,324.1689,1123.2590,320.6287,1124.6823,311.9000
1145.7074,313.0681,1144.0618,322.5056,1124.3590,319.0700,1126.0046,309.6325
1147.0543,311.8229,1144.4805,321.6917,1123.9375,316.3341,1126.5112,306.4653
1146.1583,309.8455,1143.9130,319.0581,1124.7262,314.3818,1126.9716,305.1693
1146.1281,306.9799,1145.0203,315.9415,1124.1820,313.3654,1125.2898,304.4039
1145.8193,306.6146,1145.1941,315.7442,1124.6621,314.3381,1125.2874,305.2084
1144.3403,304.6129,1144.5515,314.8745,1123.9758,315.2979,1123.7648,305.0363
1143.5782,304.7100,1143.6434,314.5644,1122.0704,314.7068,1122.0052,304.8524
1141.6047,303.6808,1142.1632,314.3979,1120.1930,315.5426,1119.6345,304.8255
1138.8605,305.6337,1138.5247,315.2702,1117.7324,314.5457,1118.0682,304.9092
1135.8666,304.7162,1135.5281,315.0081,1116.1646,314.3712,1116.5031,304.0794
1135.0376,303.5482,1136.1406,313.2800,1115.5662,315.6121,1114.4630,305.8803
1130.2915,304.2280,1129.9622,313.1238,1109.0660,312.3501,1109.3954,303.4543
1130.4250,304.8148,1129.4158,313.8500,1106.2753,311.2652,1107.2845,302.2299
1129.2173,305.7271,1128.1650,314.7502,1104.3052,311.9677,1105.3574,302.9447
1124.4812,305.8149,1123.2605,314.1918,1101.4309,311.0106,1102.6517,302.6337
1120.1283,303.4304,1119.2931,311.2507,1099.0739,309.0913,1099.9091,301.2710
1119.0774,302.0348,1117.8433,309.7400,1096.7871,306.3678,1098.0211,298.6626
1117.6646,300.0264,1116.5760,307.2598,1093.5050,303.7880,1094.5935,296.5546
1113.7333,299.1637,1112.5343,306.6360,1090.7726,303.1443,1091.9716,295.6719
