1
390.2197,208.4604,308.7961,234.2776,280.7539,145.8369,362.1776,120.0197
296.6207,125.7003,385.0728,142.3201,367.2321,237.2693,278.7800,220.6494
312.7988,121.5648,393.9783,159.8256,351.5217,249.9078,270.3421,211.6470
294.2773,135.8514,383.3985,144.6469,373.8360,241.5394,284.7148,232.7439
403.7501,195.4677,332.7585,255.7771,269.2702,181.0435,340.2619,120.7341
400.0684,215.6849,324.5446,246.4059,287.2795,154.7943,362.8033,124.0733
402.5002,214.8141,328.8340,246.7580,289.3900,155.7955,363.0562,123.8517
406.8911,211.6473,334.4183,249.3764,287.4562,159.1681,359.9290,121.4391
415.2135,189.7772,346.6230,260.8310,273.5882,190.3281,342.1787,119.2743
329.1221,123.1535,414.5578,174.6411,359.0608,266.7299,273.6251,215.2423
418.4557,209.6572,343.3556,258.7346,285.0991,169.5885,360.1992,120.5110
424.3549,196.3377,350.6834,254.8128,285.3848,172.5445,359.0564,114.0694
364.6583,110.1182,429.7991,183.1751,349.2412,255.0042,284.1003,181.9472
430.6496,202.9884,353.0504,240.1125,307.7449,145.4122,385.3441,108.2880
434.7549,196.9974,360.2128,238.6932,309.5337,148.0912,384.0759,106.3953
440.2989,193.0569,368.5619,239.6928,310.0734,149.7236,381.8104,103.0877
442.3357,186.9941,372.8323,240.6721,306.3333,154.5679,375.8367,100.8898
442.5598,182.5868,375.4885,238.6128,304.1991,153.2691,371.2704,97.2430
445.5614,184.3987,373.1129,235.4125,310.1165,145.9467,382.5650,94.9329
447.2065,198.4747,358.4292,233.4953,318.0648,131.1713,406.8420,96.1507
458.8516,166.7371,389.2962,228.2027,317.4883,146.9438,387.0437,85.4782
464.0167,163.4925,392.2640,225.6037,321.4265,143.7702,393.1791,81.6590
470.0892,166.0461,402.1756,224.9600,328.5353,140.0705,396.4489,81.1565
477.1667,181.7366,401.2130,233.3382,338.0426,140.3562,413.9962,88.7546
491.7830,194.2292,417.5232,247.0431,346.8569,147.6815,421.1167,94.8677
499.8365,194.2242,429.6878,253.8745,346.9730,156.6020,417.1218,96.9517
487.9604,190.5095,417.1506,240.2662,348.4523,142.5002,419.2621,92.7435
474.6698,180.8322,400.4413,225.5279,343.1638,130.4044,417.3924,85.7086
467.4702,162.2375,393.1567,210.7302,333.4787,119.2755,407.7922,70.7828
448.8916,173.2121,364.7536,200.5425,332.3476,100.7792,416.4856,73.4487
444.4664,160.0090,369.9897,199.0013,319.8327,103.1998,394.3094,64.2074
445.4971,154.6421,371.1732,198.9004,313.9143,102.7442,388.2382,58.4860
445.6650,156.5611,371.0764,201.3416,313.7343,105.8297,388.3230,61.0492
452.1238,161.4371,380.2603,210.1342,316.9887,116.7629,388.8522,68.0657
463.2039,179.7269,388.6970,225.8468,326.4891,125.3498,400.9961,79.2299
483.3187,185.7383,412.7599,244.2423,335.4763,151.0344,406.0349,92.5304
468.3511,222.4821,379.4102,240.4146,356.3829,126.2043,445.3238,108.2719
495.0704,204.0101,421.3838,257.6513,344.5806,152.1473,418.2672,98.5061
482.2711,203.2484,403.8964,243.8646,341.5551,123.5682,419.9297,82.9520
471.6891,182.9662,391.5775,221.5099,342.0714,118.6133,422.1830,80.0696
465.6707,178.7402,382.9943,212.0060,340.3853,106.1086,423.0618,72.8428
463.2896,177.4743,377.7030,207.8035,338.0851,96.0052,423.6717,65.6760
459.1661,183.0122,372.3584,205.2923,342.8471,90.3101,429.6548,68.0301
462.9569,175.7783,381.5635,207.8769,339.4200,101.0127,420.8134,68.9140
467.6069,167.4115,390.2999,209.2983,338.8028,114.2541,416.1098,72.3674
474.3145,163.8600,402.9538,220.0137,339.4861,139.3583,410.8468,83.2046
472.7464,194.8988,388.0938,228.9533,351.2670,137.4096,435.9196,103.3551
487.0222,217.2685,403.8310,260.1974,350.6461,157.1313,433.8373,114.2024
496.0638,235.3957,415.4949,280.6806,347.9260,160.4651,428.4949,115.1802
480.3085,237.9438,400.7390,266.0360,354.4641,134.9649,434.0335,106.8727
468.4658,216.9651,388.7983,242.7619,349.9829,122.8896,429.6504,97.0928
462.6626,210.3220,381.7759,235.0544,345.0340,114.8905,425.9207,90.1581
457.8663,207.5802,381.5229,232.9899,341.1003,111.5402,417.4437,86.1306
459.8752,203.7068,378.1202,235.4533,332.7332,118.5704,414.4881,86.8240
458.8728,207.2127,380.4891,239.3863,333.0080,123.7093,411.3918,91.5357
449.4971,223.4205,369.4638,244.5173,339.3864,130.4149,419.4197,109.3182
449.6010,240.3952,370.1389,262.1500,338.2871,145.8079,417.7492,124.0531
457.9099,256.0934,379.2648,286.4660,335.1552,172.2511,413.8004,141.8785
454.6685,275.9497,374.1791,302.0019,335.6730,183.0357,416.1624,156.9835
446.7909,276.8260,369.9461,303.3475,326.9392,178.7371,403.7839,152.2156
429.5953,235.8188,353.8258,260.3351,319.2091,153.3494,394.9786,128.8331
418.4496,223.0405,343.9911,245.8832,312.3412,142.7164,386.7998,119.8738
411.3503,213.8707,334.9125,236.0531,306.0059,136.4447,382.4437,114.2623
403.7708,222.5070,321.8108,234.8002,305.1497,123.7189,387.1097,111.4257
394.8770,216.5471,316.1508,231.5396,296.1089,126.2992,374.8350,111.3066
387.2921,216.2284,311.4704,228.7922,295.0598,129.7555,370.8815,117.1917
386.2153,221.6956,310.5608,234.5754,293.6099,135.0080,369.2644,122.1282
383.6276,227.1660,304.6880,237.3465,292.5619,143.3218,371.5016,133.1412
381.7465,234.9925,305.5706,247.2003,291.3777,158.6380,367.5536,146.4301
389.1755,260.6889,314.9741,281.9322,286.0819,181.0137,360.2834,159.7704
393.4695,285.2548,318.0693,307.4596,284.1696,192.3474,359.5698,170.1426
380.6345,280.8601,304.6428,295.1022,283.4064,181.7915,359.3981,167.5494
374.2601,256.2442,303.0157,277.7307,272.3295,175.9822,343.5739,154.4957
366.1711,240.3567,291.8500,257.7944,267.0378,152.0425,341.3589,134.6048
356.6694,229.8415,283.8195,244.0932,263.2863,139.1340,336.1361,124.8823
351.3788,221.2180,278.6432,234.8403,259.6968,133.6772,332.4325,120.0549
346.0141,220.6785,273.5956,231.7542,258.0176,129.8967,330.4361,118.8210
340.5683,221.0748,267.8529,228.3917,257.7809,128.2955,330.4963,120.9786
337.7191,221.6417,262.8527,227.9690,254.9634,134.6214,329.8299,128.2941
337.9848,232.4525,266.2310,243.2932,251.6604,146.8521,323.4142,136.0113
332.1785,244.5780,261.3863,251.1235,252.7319,157.5227,323.5242,150.9772
336.7599,257.4463,262.5353,270.8852,246.0725,179.9593,320.2970,166.5203
253.3463,181.8688,327.1748,182.1325,326.8176,282.1318,252.9891,281.8681
330.3506,282.8306,256.8375,290.5773,245.9385,187.1500,319.4516,179.4033
329.2121,276.5064,257.0055,286.3078,243.0319,183.3648,315.2385,173.5634
324.6515,256.8140,252.8935,268.8626,238.1425,181.0103,309.9006,168.9617
320.9728,251.6428,252.3631,267.5700,233.0148,184.2234,301.6245,168.2961
322.1318,245.9636,255.7925,270.7504,227.6206,195.3512,293.9599,170.5644
328.1184,235.9822,270.3798,280.6397,222.0439,218.1453,279.7825,173.4877
319.3683,255.4533,253.6951,282.1029,224.1167,209.2124,289.7899,182.5628
319.3834,216.1204,303.8206,280.5992,227.5527,262.1909,243.1156,197.7121
318.9218,232.0687,290.3219,288.1591,224.7377,254.7185,253.3376,198.6280
316.1350,231.6351,286.1047,289.0923,219.6067,254.3368,249.6370,196.8796
312.7573,226.0814,293.5968,284.9348,224.1532,262.3266,243.3137,203.4732
316.9002,250.2507,268.2215,290.0008,225.6671,237.8879,274.3457,198.1378
313.1696,264.1479,261.3277,287.6819,232.7991,224.8377,284.6410,201.3037
211.3771,162.9218,262.8165,163.5535,261.6904,255.2504,210.2510,254.6187
219.6916,161.4522,270.2961,165.3473,263.5150,253.4477,212.9104,249.5526
2
0
0
0
0
1
269.5226,180.7827,315.8512,215.7560,281.2331,261.6141,234.9045,226.6408
304.1057,243.1917,256.1996,245.9081,252.2020,175.4066,300.1081,172.6902
310.6789,237.1405,260.5184,239.4991,257.4771,174.8210,307.6376,172.4624
295.9721,161.1073,317.9207,206.5531,264.0071,232.5915,242.0584,187.1457
272.0735,170.1851,313.1226,171.8855,310.0804,245.3262,269.0313,243.6258
312.6138,178.8305,309.0206,222.2295,244.2423,216.8662,247.8355,173.4672
308.9425,181.8743,304.8914,222.4851,234.3834,215.4515,238.4345,174.8407
306.7572,190.7890,298.7897,235.1763,238.8762,224.4219,246.8437,180.0346
296.1219,185.3717,276.0418,224.0296,225.0495,197.5426,245.1296,158.8847
280.4536,217.5717,230.0052,219.4589,227.7935,160.3343,278.2419,158.4471
296.6867,184.9387,275.9433,217.8687,226.3551,186.6317,247.0985,153.7017
285.2271,191.2104,280.1402,226.4335,218.2276,217.4921,223.3145,182.2691
283.7640,158.7332,289.3318,208.4018,234.5514,214.5426,228.9836,164.8740
227.6282,152.5202,278.6207,152.5331,278.6071,206.3477,227.6146,206.3349
241.4597,136.8814,287.3773,153.5105,266.2291,211.9067,220.3115,195.2776
304.4205,151.8979,300.8949,182.1580,227.6154,173.6203,231.1410,143.3602
303.4985,161.0965,299.0364,197.5445,234.5969,189.6555,239.0591,153.2076
294.7986,166.3356,296.9821,215.2506,239.2853,217.8260,237.1019,168.9111
303.9102,194.7342,266.5070,228.4741,230.2265,188.2545,267.6297,154.5146
246.3833,156.7939,292.3268,162.8734,285.1770,216.9053,239.2335,210.8258
258.4832,170.4566,306.3117,171.3243,305.2946,227.3885,257.4660,226.5207
315.2100,202.5535,286.8250,233.6581,245.9428,196.3504,274.3278,165.2458
326.9922,218.1188,280.2465,238.8354,257.8505,188.3003,304.5962,167.5837
301.2317,171.6723,333.0558,203.5262,297.8529,238.6962,266.0287,206.8423
283.7612,181.1335,321.9530,187.1287,312.8089,245.3800,274.6171,239.3848
329.3376,186.2588,341.9239,235.0873,285.9304,249.5205,273.3441,200.6920
333.4350,200.6408,327.8319,236.0817,276.3790,227.9471,281.9821,192.5063
331.3223,204.6947,328.3515,239.4243,274.3771,234.8074,277.3478,200.0778
336.5041,224.1677,309.8939,251.3108,275.0500,217.1511,301.6602,190.0080
338.3558,215.2358,317.4773,254.4651,271.4412,229.9639,292.3198,190.7346
340.3610,220.7022,323.5610,254.3342,279.8410,232.4950,296.6410,198.8630
343.1369,215.8963,328.1443,255.2398,277.4173,235.9093,292.4100,196.5658
344.4215,207.4296,329.8432,252.2638,277.6407,235.2897,292.2190,190.4554
296.5032,197.7410,340.7973,204.0214,334.1845,250.6594,289.8905,244.3790
341.7804,206.8723,338.4843,241.4760,284.2092,236.3062,287.5052,201.7025
345.4700,234.5756,307.7678,255.2793,284.5492,212.9973,322.2513,192.2936
292.9110,197.9102,329.2241,198.1004,328.9805,244.5956,292.6674,244.4054
341.3129,219.3459,316.3507,256.9013,274.0993,228.8179,299.0614,191.2624
307.9845,199.3103,343.4538,221.4069,319.0741,260.5408,283.6048,238.4442
296.1353,199.4962,336.7847,212.9253,321.5204,259.1299,280.8710,245.7008
307.8021,194.9133,337.7872,220.1985,308.8597,254.5028,278.8747,229.2177
336.1906,210.2447,327.1663,249.0893,282.3392,238.6751,291.3636,199.8305
297.4572,185.5287,332.5786,209.7479,305.9553,248.3555,270.8339,224.1363
302.9586,183.1163,326.8409,217.8292,288.5404,244.1797,264.6581,209.4669
307.7080,206.2760,303.9328,237.4284,258.4922,231.9217,262.2675,200.7693
306.1145,204.5496,301.0753,239.6565,258.9339,233.6076,263.9731,198.5007
297.3545,233.5732,258.9511,242.7039,249.5740,203.2644,287.9774,194.1337
296.4641,218.5417,273.3223,247.0044,240.8968,220.6407,264.0385,192.1779
253.1200,192.9086,287.6943,209.7094,269.9216,246.2840,235.3472,229.4833
246.2977,196.7888,282.6176,204.2063,274.2458,245.1993,237.9259,237.7819
283.8684,218.5317,255.0403,244.6039,229.3891,216.2413,258.2172,190.1691
284.8503,221.6180,255.5526,237.3062,233.0447,195.2731,262.3424,179.5848
283.5148,221.3615,251.7473,235.8855,231.8162,192.2912,263.5837,177.7672
281.4809,217.5843,246.9003,234.7950,226.9886,194.7875,261.5692,177.5768
282.7027,201.8277,265.3652,230.9205,225.3822,207.0932,242.7197,178.0004
277.7726,203.9868,258.5609,231.4960,223.1517,206.7670,242.3635,179.2578
275.7595,200.4874,266.5895,233.2896,222.5358,220.9743,231.7057,188.1720
270.0424,191.0296,272.4055,232.8160,224.2597,235.5387,221.8967,193.7523
284.6221,206.4942,277.5746,241.1710,230.3740,231.5782,237.4215,196.9014
282.0207,206.6770,279.9047,238.8452,230.6346,235.6044,232.7506,203.4361
282.1508,245.9088,244.9568,249.1614,241.2678,206.9773,278.4619,203.7247
297.1532,212.9788,286.9205,245.6672,239.3076,230.7625,249.5404,198.0742
281.4262,210.2455,274.7957,243.1759,230.2500,234.2065,236.8806,201.2762
281.2585,221.5660,253.2921,244.1673,228.3480,213.3019,256.3144,190.7006
272.6153,204.9187,262.4283,240.3467,224.5031,229.4417,234.6901,194.0136
237.6936,191.7309,272.7206,199.0071,264.0508,240.7433,229.0237,233.4671
245.4420,190.2403,280.2951,198.7751,268.9475,245.1148,234.0944,236.5800
254.7069,204.3055,281.3089,226.8584,257.8585,254.5190,231.2565,231.9661
255.4122,212.1173,280.2744,229.0993,259.4037,259.6548,234.5415,242.6728
2
0
0
0
0
1
379.1165,175.8484,394.0183,237.5737,304.1326,259.2740,289.2308,197.5487
383.9142,173.6111,397.6805,236.5835,300.9646,257.7264,287.1983,194.7541
392.5571,175.3345,402.1525,234.8130,301.3197,251.0799,291.7243,191.6013
396.2384,168.6977,411.3582,231.9330,315.8387,254.7720,300.7189,191.5367
414.9514,164.2894,428.9510,228.6725,324.8544,251.3076,310.8548,186.9244
417.5857,174.1167,418.4027,236.4204,327.7033,237.6098,326.8863,175.3061
426.0755,176.5787,419.6826,240.3350,328.1897,231.1609,334.5826,167.4046
422.4246,176.0316,425.5392,241.2032,337.9474,245.3893,334.8328,180.2176
442.7632,203.0356,421.3551,271.0365,329.2896,242.0523,350.6978,174.0514
441.8329,196.4529,426.2557,269.1542,346.0583,251.9709,361.6355,179.2697
442.0266,202.5677,418.0991,275.6293,332.1886,247.4938,356.1161,174.4322
433.3468,246.7889,357.3820,264.2951,337.0125,175.9055,412.9773,158.3993
439.5511,221.5725,372.0211,261.0408,325.6986,181.7835,393.2286,142.3152
420.5791,244.5365,338.9283,247.3868,335.9294,161.4792,417.5801,158.6288
425.2882,237.3616,351.1500,253.9424,330.7164,162.5770,404.8546,145.9962
430.5415,220.1620,372.4260,259.8264,321.5151,185.2327,379.6307,145.5683
423.6844,191.3284,407.0077,254.6249,322.8787,232.4595,339.5554,169.1629
423.3419,193.1458,405.5094,262.7480,324.3167,241.9461,342.1492,172.3438
436.5257,241.7755,371.9471,286.6916,323.5473,217.1043,388.1259,172.1882
433.6409,246.3452,367.3412,281.3746,328.5454,207.9461,394.8450,172.9168
432.7438,217.9219,379.9912,267.6906,320.3062,204.4272,373.0587,154.6585
430.6286,218.1555,361.9897,248.6004,329.6422,175.6720,398.2811,145.2271
419.2260,225.7848,349.6576,238.6747,334.1941,155.2164,403.7626,142.3265
340.2807,141.3719,416.0807,148.5122,407.6078,238.4592,331.8078,231.3190
416.0354,224.5008,343.2427,232.7837,333.5197,147.3351,406.3124,139.0522
399.0461,162.6853,420.6185,227.7074,335.3953,255.9819,313.8229,190.9597
347.9482,140.8652,420.6482,163.9378,394.1908,247.3033,321.4908,224.2308
353.4030,148.2360,421.8205,174.9262,390.3385,255.6268,321.9211,228.9366
370.1741,149.7955,423.4861,203.6329,362.1020,264.4178,308.7900,210.5804
399.5834,238.8566,330.5004,259.6065,307.4765,182.9523,376.5594,162.2024
389.9776,232.8024,319.3694,254.6941,294.3454,173.9830,364.9536,152.0913
355.2764,147.6349,388.9098,214.7957,319.4120,249.5994,285.7787,182.4386
324.9167,143.7690,388.0648,176.7420,349.5695,250.4662,286.4214,217.4932
325.5532,143.1141,385.6411,179.6049,340.2935,254.2767,280.2056,217.7859
314.8363,149.3620,381.0654,178.5388,346.8084,256.2998,280.5793,227.1231
314.3667,155.7838,377.6844,183.6052,344.6763,258.7272,281.3586,230.9058
318.5290,161.2898,379.7313,198.8812,334.9311,271.8201,273.7288,234.2287
333.1620,171.7046,379.1767,227.9507,315.0710,280.3953,269.0563,224.1492
310.6868,179.7934,377.2566,207.8178,342.2397,290.9975,275.6700,262.9731
312.9094,174.9938,376.0339,198.6106,343.7155,284.9936,280.5910,261.3769
319.8996,170.3330,379.7128,208.7332,335.9754,276.8597,276.1622,238.4595
336.9200,164.1396,380.6040,215.4894,319.6595,267.3357,275.9755,215.9858
335.9019,161.2598,380.1801,212.1650,323.3905,261.5615,279.1123,210.6562
325.6049,159.1469,381.9113,203.6982,334.2160,263.9782,277.9096,219.4269
323.4615,162.0305,379.6032,200.7779,332.8389,268.5353,276.6973,229.7879
317.4664,169.8140,376.5939,200.7137,338.8588,272.9208,279.7313,242.0211
299.9848,185.1325,362.4099,190.4679,355.3923,272.5761,292.9672,267.2408
306.7507,182.9380,370.8631,201.5489,348.8778,277.2861,284.7654,258.6753
304.9503,176.3784,365.6170,190.9550,347.7519,265.3080,287.0851,250.7313
356.6534,240.9463,290.4067,246.6966,284.3843,177.3152,350.6310,171.5648
302.7663,156.2131,360.0424,181.2033,331.2806,247.1236,274.0045,222.1334
319.9612,152.6899,362.8610,199.8884,309.2899,248.5803,266.3902,201.3819
308.6206,153.0989,358.7133,185.6983,320.3587,244.6344,270.2660,212.0350
308.2497,154.0042,357.8641,187.8125,317.7228,246.7206,268.1085,212.9122
305.3846,159.3114,358.0494,189.7021,323.7657,249.1130,271.1010,218.7223
320.5495,166.3185,359.8094,215.4804,307.4328,257.3076,268.1729,208.1457
290.9128,181.5510,349.3155,186.3766,343.7014,254.3221,285.2987,249.4965
314.8784,174.0311,363.8311,214.4536,317.4181,270.6610,268.4654,230.2385
334.0003,160.7972,364.7537,209.7350,300.7715,249.9426,270.0181,201.0048
328.0738,162.6827,367.5207,201.4111,316.1723,253.7121,276.7254,214.9838
337.3158,172.7435,366.4347,219.6445,303.7959,258.5343,274.6770,211.6333
339.6025,172.5874,374.7029,218.9601,313.3011,265.4362,278.2008,219.0636
343.3540,172.6384,372.3245,221.6833,307.2022,260.1507,278.2317,211.1057
336.8556,160.5055,373.2274,203.6637,313.8836,253.6759,277.5119,210.5177
341.0923,155.1540,371.2977,198.0537,307.6016,242.9017,277.3962,200.0020
333.0186,145.1368,367.9483,182.5539,312.6882,234.1403,277.7586,196.7231
331.0378,138.7016,369.0078,170.5654,320.5247,228.3395,282.5547,196.4757
328.6840,134.5738,367.6533,167.1150,326.4842,216.4165,287.5149,183.8753
329.0096,132.4905,367.0245,164.2232,326.3220,212.9835,288.3072,181.2508
304.8552,146.7956,353.8468,151.4137,348.6767,206.2617,299.6851,201.6436
310.4595,147.4510,358.8046,160.9676,343.6922,215.0203,295.3471,201.5036
336.4673,146.0115,367.9165,185.9791,318.6621,224.7357,287.2130,184.7680
342.6255,147.1562,366.1825,191.9994,311.4302,220.7619,287.8732,175.9187
347.3752,137.6205,370.1749,180.4245,310.5398,212.1892,287.7401,169.3852
318.0052,127.1825,364.3399,148.2720,339.3684,203.1357,293.0337,182.0463
310.2249,130.0189,355.7587,136.0690,348.7442,188.8607,303.2104,182.8106
352.1700,180.9686,310.1562,182.9773,307.7207,132.0355,349.7344,130.0268
307.2268,126.6096,351.1236,128.0274,349.3899,181.7049,305.4931,180.2872
309.0330,127.9809,352.9442,133.5653,346.5685,183.6981,302.6573,178.1136
306.3493,130.5280,350.9339,134.8472,346.3576,182.0846,301.7730,177.7653
310.4063,121.3760,358.0118,134.9942,341.5099,192.6803,293.9044,179.0620
310.8226,127.8068,355.8741,141.7608,337.9093,199.7612,292.8578,185.8071
312.3810,128.1762,354.9561,145.3793,332.9982,199.7219,290.4231,182.5188
301.6306,128.7764,346.2325,134.0576,339.4304,191.5033,294.8286,186.2221
322.9280,120.2646,350.8665,159.8805,307.5718,190.4134,279.6333,150.7975
310.2242,114.1346,349.1003,138.9188,319.8730,184.7642,280.9969,159.9800
310.3274,115.9366,348.4803,141.7076,318.3027,186.3844,280.1498,160.6134
317.9817,112.5293,350.7035,143.2234,310.8781,185.6799,278.1562,154.9858
320.5636,116.3810,350.1045,148.4766,305.3258,189.6910,275.7849,157.5954
308.3852,121.2552,346.8856,141.4625,317.7276,197.0166,279.2271,176.8094
312.1106,132.8289,346.3490,159.7616,310.6256,205.1752,276.3872,178.2424
301.5860,136.5583,342.8935,157.9134,315.8593,210.2061,274.5518,188.8509
292.2940,142.6668,335.9551,153.5797,321.9461,209.6279,278.2850,198.7149
303.9810,141.1536,338.9521,169.2657,306.5622,209.5583,271.5912,181.4462
331.2654,153.7900,326.5626,194.7237,278.5220,189.2045,283.2248,148.2707
337.4097,172.5319,308.1765,202.4740,274.8726,169.9586,304.1058,140.0165
337.4320,153.2449,329.0664,196.8201,282.2358,187.8296,290.6014,144.2544
343.6159,178.2420,305.5545,203.9437,279.6693,165.6105,317.7307,139.9088
342.1857,168.1620,324.5370,207.4261,281.6528,188.1502,299.3016,148.8861
345.4265,175.3403,322.3562,214.1540,282.6751,190.5681,305.7454,151.7545
297.8727,156.8293,341.5400,166.7539,330.9305,213.4345,287.2632,203.5099
310.2435,150.9595,346.5737,179.9952,316.0999,218.1250,279.7696,189.0893
346.7481,170.8875,320.7454,210.3370,278.6615,182.5978,304.6643,143.1484
336.6800,146.5279,340.4491,188.4697,289.8959,193.0127,286.1268,151.0709
337.1476,189.2180,293.1421,191.1263,291.0782,143.5355,335.0837,141.6271
332.4969,133.1705,349.1739,172.9253,300.7757,193.2281,284.0987,153.4732
321.2530,134.2429,342.1930,174.2373,302.6772,194.9268,281.7371,154.9325
309.8275,136.6213,344.4623,160.7389,317.6400,199.2579,283.0052,175.1404
309.0677,139.3623,347.8231,151.6403,332.3831,200.3768,293.6276,188.0988
289.7504,142.3168,338.2542,146.6133,333.5241,200.0123,285.0203,195.7159
301.2993,140.5657,341.1987,145.6116,334.5190,198.4306,294.6195,193.3847
302.5737,134.4538,343.4210,142.0064,334.2819,191.4342,293.4346,183.8817
303.3799,129.4243,342.9968,135.4445,335.6461,183.8166,296.0292,177.7963
322.6399,120.4066,356.8948,146.1494,326.8819,186.0864,292.6270,160.3436
327.4038,118.5278,360.9387,145.2173,328.0606,186.5281,294.5257,159.8386
328.7435,120.7740,362.0529,149.4313,327.3617,189.7543,294.0522,161.0970
317.6236,126.5607,357.4265,141.8037,339.1849,189.4369,299.3819,174.1939
342.1920,132.7688,359.9334,172.3210,315.5757,192.2180,297.8342,152.6658
310.2597,137.1978,352.5117,138.9494,350.1094,196.8991,307.8574,195.1476
313.8090,131.7086,359.8764,139.1297,350.7128,196.0144,304.6454,188.5933
313.9345,125.2585,353.9399,131.5823,344.8841,188.8709,304.8787,182.5471
321.7986,117.7620,361.8892,137.3233,337.5318,187.2434,297.4412,167.6821
322.9698,115.4490,360.6166,135.1270,335.4148,183.3417,297.7679,163.6636
322.2268,114.9764,358.5569,129.3354,338.4477,180.2143,302.1175,165.8552
325.5382,115.8510,360.1552,131.6027,337.4746,181.4471,302.8576,165.6954
319.1896,118.5545,356.4753,125.2641,346.6112,180.0791,309.3255,173.3694
332.1617,167.8558,294.4370,170.8112,290.1024,115.4822,327.8271,112.5268
333.6952,176.5949,293.6731,178.5989,290.6904,119.0319,330.7126,117.0279
291.2799,122.8788,333.7581,123.1264,333.4682,172.8658,290.9901,172.6182
325.0513,136.6580,363.0643,149.0043,344.5614,205.9729,306.5484,193.6266
328.3517,130.9838,364.2711,140.2086,349.2024,198.8830,313.2831,189.6582
332.9760,124.5946,366.6472,141.1189,341.7315,191.8889,308.0604,175.3646
331.7531,119.9967,367.2235,136.3477,343.9123,186.9171,308.4419,170.5660
333.2195,119.3733,367.3201,136.2793,343.7307,183.8609,309.6300,166.9549
336.3311,117.4527,369.5876,140.1720,338.2654,186.0214,305.0089,163.3021
333.1627,120.2634,368.1623,141.4442,339.2054,189.2932,304.2058,168.1124
333.7350,125.1786,367.7607,149.3639,336.4163,193.4615,302.3907,169.2762
328.3004,128.7495,366.2859,143.1707,346.3282,195.7392,308.3427,181.3180
334.1256,128.4514,369.7514,149.4172,340.9446,198.3666,305.3188,177.4007
312.1611,98.8898,349.0588,116.4870,325.6638,165.5414,288.7662,147.9442
331.9129,111.5522,367.0326,130.3031,339.7464,181.4088,304.6267,162.6579
331.5391,107.1759,365.3946,122.1419,343.2328,172.2756,309.3773,157.3097
336.0849,107.8692,366.0304,131.0151,333.9714,172.4921,304.0259,149.3462
334.7643,105.6926,366.5254,127.1297,335.7365,172.7465,303.9754,151.3095
329.7155,108.5886,363.1047,124.6498,340.2227,172.2188,306.8334,156.1576
323.6564,114.6405,357.9274,127.1676,340.1856,175.7046,305.9146,163.1775
316.3505,120.3362,352.6754,126.4516,343.7646,179.3813,307.4397,173.2659
313.3991,127.2655,349.8766,134.3316,339.5945,187.4104,303.1170,180.3443
311.6593,127.3500,351.0711,136.8487,339.0818,186.5944,299.6701,177.0957
311.2691,123.3027,348.5422,129.6482,339.8401,180.7642,302.5670,174.4188
311.2625,117.3542,349.0187,126.1140,337.1520,177.2613,299.3958,168.5015
317.4681,111.6114,352.9990,132.6282,326.6699,177.1401,291.1390,156.1232
315.3131,107.2739,351.6815,122.8014,330.2926,172.8984,293.9242,157.3709
312.2011,111.3584,348.7889,121.0066,335.2430,172.3754,298.6552,162.7273
311.8980,115.5319,348.5188,124.0206,336.8505,174.3582,300.2297,165.8695
314.8803,120.4861,352.2827,136.3510,333.5155,180.5956,296.1131,164.7306
324.8080,127.9003,354.5607,158.0341,319.3508,192.7986,289.5981,162.6648
318.3943,131.5811,355.9343,156.4564,326.5762,200.7616,289.0361,175.8863
314.2362,130.1335,357.2171,151.4889,333.7112,198.7978,290.7304,177.4424
319.8592,122.2455,359.8973,150.3062,328.5174,195.0803,288.4793,167.0197
315.9689,120.6310,356.7916,137.4339,336.3772,187.0308,295.5544,170.2278
320.1251,117.1680,357.4867,133.7808,336.5041,180.9700,299.1425,164.3572
324.4838,117.8714,358.7000,133.2572,337.0556,181.3917,302.8394,166.0060
325.7310,118.9201,360.2084,133.8110,339.2076,182.4344,304.7303,167.5435
324.9071,120.7210,360.1815,131.7317,344.0469,183.4209,308.7725,172.4102
325.7695,127.6670,360.9900,138.2706,345.8885,188.4309,310.6680,177.8273
326.3448,127.7950,363.5170,139.1271,348.1247,189.6181,310.9525,178.2861
329.5910,124.6272,368.0950,139.2826,348.1038,191.8053,309.5998,177.1500
333.1482,125.1651,369.8216,144.2501,345.2956,191.3790,308.6221,172.2940
335.9047,124.7898,370.6390,149.1169,340.3097,192.4211,305.5754,168.0940
333.1665,129.6691,367.2914,141.9605,350.5066,188.5603,316.3817,176.2689
335.7296,128.6314,365.5456,147.2693,337.1084,192.7618,307.2924,174.1239
345.0633,145.3594,380.4768,149.1127,374.0233,210.0038,338.6097,206.2505
339.2996,139.7409,374.7364,140.7511,372.7338,211.0001,337.2970,209.9899
338.6852,144.1070,375.1441,144.8279,373.8481,210.3707,337.3891,209.6497
341.0931,149.4254,376.5793,153.0568,370.6066,211.4212,335.1205,207.7897
337.3396,144.8622,372.4372,145.4083,371.4205,210.7489,336.3229,210.2028
338.6991,144.3867,371.9856,145.7658,369.3410,209.5995,336.0545,208.2205
369.8208,208.1401,334.8492,208.4633,334.2625,144.9875,369.2341,144.6643
368.0814,207.9888,334.4160,208.4934,333.4295,142.6734,367.0948,142.1688
330.1862,140.7580,367.6695,141.7179,366.1026,202.9069,328.6193,201.9471
365.3207,195.8468,329.3875,196.1492,328.9110,139.5362,364.8442,139.2338
333.8196,144.8024,367.8497,145.4838,366.7313,201.3406,332.7012,200.6592
334.2164,145.0738,366.7848,147.1222,362.9206,208.5614,330.3522,206.5131
335.1136,137.6315,366.4492,139.5573,362.5532,202.9529,331.2176,201.0271
349.3998,124.8668,366.1479,157.9845,330.8951,175.8123,314.1470,142.6946
328.3663,123.6147,363.1251,136.1252,347.9576,178.2658,313.1989,165.7553
329.3123,146.9068,363.4478,146.9759,363.3384,201.0351,329.2029,200.9661
331.7897,145.3457,366.4424,148.4387,361.6172,202.4973,326.9645,199.4043
331.1048,151.4301,365.0015,153.6852,361.6478,204.0941,327.7512,201.8390
309.1227,134.6291,339.5973,138.7363,333.3633,184.9909,302.8888,180.8837
311.4205,130.3591,346.0448,135.7777,338.4106,184.5595,303.7863,179.1409
338.4896,181.8774,308.9910,182.1123,308.6024,133.3116,338.1010,133.0766
339.5826,184.4378,308.4045,185.5233,306.6245,134.3988,337.8026,133.3132
340.6912,186.0928,309.5847,187.7503,306.7592,134.7209,337.8657,133.0635
343.2977,187.2203,312.7096,190.4240,307.1207,137.0637,337.7088,133.8599
344.1121,189.1308,313.6749,192.5338,307.7712,139.7295,338.2084,136.3265
384.3524,145.8016,366.1074,161.1617,332.5872,121.3456,350.8322,105.9855
390.0544,146.4936,374.5097,162.7061,335.5644,125.3649,351.1090,109.1525
2
0
0
0
0
1
388.2562,211.1595,353.5475,215.1794,345.7809,148.1211,380.4897,144.1013
389.1761,212.4220,354.5179,217.8503,343.8913,150.0020,378.5495,144.5738
388.2077,210.2266,354.9329,218.0134,339.4576,151.8843,372.7324,144.0975
383.9507,226.2559,351.6780,229.9517,342.5316,150.0826,374.8042,146.3868
376.0726,229.5491,348.1590,231.8952,341.6184,154.0751,369.5320,151.7290
2
0
