1
206.0000,190.0000,206.0000,137.0000,313.0000,137.0000,313.0000,190.0000
203.0000,190.0000,203.0000,138.0000,312.0000,138.0000,312.0000,190.0000
201.0000,191.0000,201.0000,139.0000,313.0000,139.0000,313.0000,191.0000
199.0000,191.0000,199.0000,139.0000,313.0000,139.0000,313.0000,191.0000
198.6987,196.6031,195.3956,142.9295,311.2032,135.8029,314.5062,189.4765
194.0000,194.0000,194.0000,142.0000,313.0000,142.0000,313.0000,194.0000
192.0000,194.0000,192.0000,142.0000,310.0000,142.0000,310.0000,194.0000
190.0000,195.0000,190.0000,143.0000,309.0000,143.0000,309.0000,195.0000
190.2141,199.3070,185.9318,146.4920,303.2685,136.9782,307.5508,189.7932
188.6106,200.1593,185.0974,147.4602,302.9734,139.6018,306.4867,192.3009
187.5149,202.1485,182.2079,149.0792,300.1287,137.2871,305.4357,190.3564
185.8880,203.2699,179.8058,150.0508,296.3691,136.7293,302.4513,189.9484
180.0000,200.0000,180.0000,146.0000,301.0000,146.0000,301.0000,200.0000
178.0000,199.0000,178.0000,146.0000,300.0000,146.0000,300.0000,199.0000
181.1677,206.9337,174.0404,153.0829,294.1858,137.1813,301.3131,191.0321
180.2447,210.2398,171.4725,156.0118,293.1273,136.3324,301.8995,190.5604
181.0149,213.4061,169.9355,159.2405,290.0030,134.6812,301.0823,188.8468
173.0000,204.0000,173.0000,150.0000,299.0000,150.0000,299.0000,204.0000
180.1024,215.4780,168.4683,161.1853,293.3756,134.4195,305.0098,188.7122
179.6169,218.8525,166.4189,163.6607,291.9164,133.6504,305.1144,188.8422
172.0000,210.0000,172.0000,156.0000,297.0000,156.0000,297.0000,210.0000
172.0000,212.0000,172.0000,157.0000,295.0000,157.0000,295.0000,212.0000
169.0000,213.0000,169.0000,158.0000,288.0000,158.0000,288.0000,213.0000
168.0000,214.0000,168.0000,159.0000,287.0000,159.0000,287.0000,214.0000
167.0000,215.0000,167.0000,159.0000,287.0000,159.0000,287.0000,215.0000
166.0000,214.0000,166.0000,159.0000,284.0000,159.0000,284.0000,214.0000
163.0000,215.0000,163.0000,160.0000,281.0000,160.0000,281.0000,215.0000
162.0000,216.0000,162.0000,161.0000,278.0000,161.0000,278.0000,216.0000
161.0000,217.0000,161.0000,162.0000,277.0000,162.0000,277.0000,217.0000
158.0000,217.0000,158.0000,162.0000,275.0000,162.0000,275.0000,217.0000
161.8108,224.8649,152.7027,170.2162,265.7297,151.3784,274.8378,206.0270
154.0000,217.0000,154.0000,164.0000,270.0000,164.0000,270.0000,217.0000
153.5346,223.3465,148.0495,168.4951,262.2079,157.0792,267.6931,211.9307
151.0000,219.0000,151.0000,166.0000,263.0000,166.0000,263.0000,219.0000
151.0000,221.0000,151.0000,167.0000,261.0000,167.0000,261.0000,221.0000
152.0000,221.0000,152.0000,167.0000,260.0000,167.0000,260.0000,221.0000
152.0000,221.0000,152.0000,167.0000,260.0000,167.0000,260.0000,221.0000
253.8245,232.4879,145.4503,215.0081,154.1420,161.1197,262.5162,178.5994
254.9189,231.4865,146.5946,213.4324,155.5405,159.7568,263.8649,177.8108
258.1379,221.8956,151.0810,219.0022,152.5679,163.9883,259.6248,166.8818
152.0000,220.0000,152.0000,164.0000,257.0000,164.0000,257.0000,220.0000
256.6630,219.8069,149.3952,216.9841,150.8443,161.9170,258.1121,164.7398
252.7838,228.2973,143.4865,210.0811,152.6487,155.1081,261.9460,173.3243
249.6010,231.9099,143.0960,207.8604,155.4950,152.9505,262.0000,177.0000
245.1950,236.5187,143.1203,209.2988,158.3734,152.0996,260.4481,179.3195
247.9925,228.3736,146.6793,209.3774,156.9472,154.6151,258.2604,173.6113
242.6904,237.7417,144.7394,203.4588,163.1047,150.9867,261.0557,185.2695
243.2590,238.5192,144.6493,202.8519,163.6229,150.3955,262.2326,186.0628
243.5312,239.1912,145.6558,203.9561,164.6246,151.2649,262.5000,186.5000
241.7991,241.5907,144.8176,204.9533,165.2485,150.8716,262.2299,187.5091
249.5941,223.2765,152.1706,215.7823,156.5235,159.1941,253.9471,166.6882
153.0000,221.0000,153.0000,162.0000,250.0000,162.0000,250.0000,221.0000
157.0198,229.1980,150.6535,165.5347,245.0099,156.0990,251.3763,219.7624
157.4131,226.9841,151.3553,164.8922,245.5079,155.7065,251.5657,217.7985
153.0000,220.0000,153.0000,162.0000,250.0000,162.0000,250.0000,220.0000
249.7874,221.1651,152.8337,217.8218,154.7744,161.5439,251.7280,164.8871
247.7091,221.8005,152.0000,216.0000,155.4291,159.4200,251.1382,165.2205
248.2953,223.5184,152.5227,213.1646,158.5762,157.1704,254.3487,167.5242
248.0407,224.9141,154.2968,213.5511,161.0733,157.6453,254.8172,169.0082
249.9617,223.1426,155.6883,213.9452,161.1756,157.7000,255.4491,166.8974
250.9268,225.6585,155.4390,215.0488,161.7073,158.6341,257.1951,169.2439
249.4800,227.6400,155.4000,214.2000,163.4200,158.0600,257.5000,171.5000
250.5946,228.4324,155.2433,212.5405,164.5406,156.7567,259.8919,172.6486
240.1516,242.8817,151.6488,200.7375,175.7338,150.1590,264.2366,192.3031
240.2000,241.6000,152.6000,197.8000,176.8000,149.4000,264.4000,193.2000
239.0000,241.0000,153.4000,198.2000,177.6000,149.8000,263.2000,192.6000
247.4706,230.1177,154.0588,206.7647,167.1765,154.2942,260.5883,177.6471
249.2520,228.0531,155.6631,208.3501,166.8886,155.0292,260.4775,174.7321
246.7920,226.1440,154.8320,209.4240,164.6720,155.3040,256.6320,172.0240
244.0477,225.2257,154.4954,209.6514,163.8972,155.5908,253.4496,171.1651
243.3545,224.5439,153.9769,209.1340,163.2494,155.3533,252.6270,170.7633
241.2973,224.2162,153.7297,209.6216,162.7027,155.7838,250.2703,170.3784
233.9978,232.1492,149.6771,202.6370,167.5434,151.5902,251.8642,181.1025
231.2990,235.5773,148.7217,198.8763,170.7010,149.4227,253.2784,186.1237
229.9627,236.8996,147.0129,198.8809,169.8336,149.0904,252.7833,187.1090
225.0860,240.7359,145.3709,195.8961,171.8902,148.7508,251.6053,193.5905
238.0611,223.2592,149.0636,209.9095,157.2421,155.3863,246.2396,168.7360
235.9041,220.3961,151.3993,217.0160,153.6933,159.6677,238.1981,163.0479
217.7692,241.8461,141.8461,191.2308,170.7692,147.8461,246.6923,198.4615
217.0112,241.3820,139.7079,193.0674,167.3483,148.8427,244.6517,197.1573
209.4324,240.5946,138.7703,190.1216,168.9054,147.9324,239.5676,198.4054
200.0754,241.8569,138.4862,186.7508,173.5585,147.5523,235.1477,202.6585
194.8110,240.7633,137.4165,186.7450,173.6734,148.2220,231.0679,202.2404
189.3492,239.8741,136.7744,183.5439,175.8599,147.0641,228.4347,203.3943
185.4351,241.1711,136.2763,181.4783,177.4268,147.5897,226.5856,207.2825
183.3659,239.7073,135.5610,179.9512,177.1464,146.6829,224.9512,206.4390
144.0000,218.0000,144.0000,160.0000,213.0000,160.0000,213.0000,218.0000
209.3253,221.1729,139.6840,212.0892,146.8104,157.4535,216.4517,166.5372
206.0550,223.5580,136.9863,207.8605,148.9509,155.2161,218.0196,170.9136
145.0000,218.0000,145.0000,162.0000,214.0000,162.0000,214.0000,218.0000
209.9512,221.4390,141.7927,213.8658,147.8293,159.5366,215.9878,167.1097
210.4414,220.4966,143.6138,216.5655,146.9069,160.5828,213.7345,164.5138
202.7812,223.8340,138.0566,211.6981,148.0755,158.2642,212.8000,170.4000
146.0000,219.0000,146.0000,161.0000,205.0000,161.0000,205.0000,219.0000
182.9786,236.3801,129.7839,186.7316,160.3444,153.9881,213.5392,203.6366
179.6111,236.2044,130.1611,180.8204,161.8574,152.5202,211.3073,207.9042
174.0769,234.6154,133.7692,174.1538,167.9231,151.3846,208.2308,211.8462
173.8139,234.5386,136.1030,174.8297,169.4753,153.7525,207.1861,213.4614
173.4412,233.7353,137.4412,173.7353,170.8235,153.7059,206.8235,213.7059
175.1661,233.0361,135.4621,171.2744,168.8195,149.8303,208.5235,211.5920
176.8760,233.9320,137.6000,177.2000,170.1520,154.6640,209.4280,211.3960
178.7692,232.1538,140.9231,175.3846,175.3077,152.4615,213.1538,209.2308
182.4230,233.1154,141.3923,180.3615,175.2461,154.0308,216.2769,206.7846
184.1271,233.2050,142.6535,181.8568,176.8935,154.2014,218.3670,205.5497
181.0588,233.7647,145.7647,174.9412,183.7059,152.1765,219.0000,211.0000
203.0880,225.0160,156.0960,216.4720,167.5680,153.3760,214.5600,161.9200
164.0000,223.0000,164.0000,155.0000,208.0000,155.0000,208.0000,223.0000
178.2000,231.6000,155.7000,164.1000,194.4000,151.2000,216.9000,218.7000
166.0000,224.0000,166.0000,154.0000,206.0000,154.0000,206.0000,224.0000
180.5310,231.9646,151.8743,161.9150,184.0761,148.7416,212.7328,218.7911
175.4118,230.6470,156.8824,156.5294,188.6471,148.5882,207.1765,222.7059
168.2335,226.7354,163.5097,151.1556,194.7627,149.2023,199.4864,224.7821
167.0461,228.0763,160.7758,149.6979,191.8569,147.2115,198.1272,225.5898
164.0000,227.0000,164.0000,153.0000,195.0000,153.0000,195.0000,227.0000
166.6721,228.3935,159.9262,154.1885,193.0164,151.1803,199.7623,225.3853
161.0000,227.0000,161.0000,149.0000,194.0000,149.0000,194.0000,227.0000
170.7693,230.8462,155.3077,153.5385,188.5769,146.8846,204.0385,224.1923
168.0923,230.7385,158.3385,152.7077,191.2000,148.6000,200.9539,226.6308
176.1317,233.0214,153.4093,160.3096,185.9787,150.1317,208.7011,222.8434
162.0000,229.0000,162.0000,152.0000,196.0000,152.0000,196.0000,229.0000
171.0811,230.4865,158.4324,154.5946,190.7027,149.2162,203.3513,225.1081
171.5838,231.2948,159.8613,155.0983,194.0520,149.8382,205.7746,226.0347
172.5607,234.1445,160.3988,155.0925,196.8439,149.4855,209.0058,228.5376
165.0000,232.0000,165.0000,152.0000,203.0000,152.0000,203.0000,232.0000
165.0000,232.0000,165.0000,154.0000,201.0000,154.0000,201.0000,232.0000
184.7043,236.3790,152.2274,168.1775,185.3383,152.4104,217.8152,220.6119
164.9751,233.4774,161.1041,152.1855,194.7896,150.5815,198.6606,231.8733
163.9797,233.5724,160.2693,155.6538,196.8055,153.9140,200.5159,231.8326
163.8635,232.7204,162.2017,156.2782,197.4894,155.5111,199.1512,231.9532
164.0000,233.0000,164.0000,157.0000,199.0000,157.0000,199.0000,233.0000
166.0000,232.0000,166.0000,157.0000,199.0000,157.0000,199.0000,232.0000
166.0000,232.0000,166.0000,155.0000,200.0000,155.0000,200.0000,232.0000
172.5237,236.6972,162.8943,156.4527,196.8455,152.3786,206.4748,232.6230
174.4335,235.3179,162.2254,155.9653,196.8670,150.6358,209.0751,229.9884
178.4125,236.6273,163.5717,156.4867,196.5876,150.3727,211.4284,230.5133
171.0207,235.2483,164.2483,153.9793,201.4069,150.8828,208.1793,232.1518
174.4610,232.2007,164.3959,155.0353,200.8624,150.2788,210.9275,227.4442
170.0000,230.0000,170.0000,154.0000,206.0000,154.0000,206.0000,230.0000
173.0000,232.0000,173.0000,154.0000,209.0000,154.0000,209.0000,232.0000
184.7615,230.8716,164.7798,164.2661,201.8440,153.1468,221.8257,219.7523
183.7647,230.0588,166.2941,160.1765,203.4706,150.8823,220.9412,220.7647
188.3000,229.9000,166.7000,165.1000,203.9000,152.7000,225.5000,217.5000
190.3000,228.9000,168.8000,164.4000,206.0000,152.0000,227.5000,216.5000
194.7759,228.8104,168.5000,167.5000,205.3103,151.7241,231.5862,213.0345
195.8793,230.0517,169.3448,168.1379,207.0000,152.0000,233.5345,213.9138
195.2371,231.2165,171.3196,169.0309,210.7217,153.8763,234.6392,216.0619
194.2847,231.5328,171.1898,168.0219,211.5766,153.3358,234.6715,216.8467
190.6514,231.5046,171.6606,168.2018,215.4220,155.0734,234.4128,218.3761
190.6625,231.2645,170.9093,168.7128,215.1310,154.7481,234.8841,217.2997
190.1012,232.7909,168.9207,171.8971,216.0455,155.5059,237.2260,216.3997
183.5000,229.5000,171.5769,169.8846,222.1539,159.7693,234.0769,219.3846
190.5434,232.4098,169.6526,172.7216,217.1804,156.0869,238.0713,215.7751
177.8649,228.1892,168.2433,170.4595,224.5135,161.0811,234.1351,218.8108
186.2000,233.6000,166.8000,175.4000,218.1000,158.3000,237.5000,216.5000
170.6954,224.7360,166.7563,169.5888,228.7970,165.1574,232.7360,220.3046
230.8759,226.4110,156.7080,198.8630,173.1119,154.6987,247.2798,182.2468
233.4161,225.6913,153.9282,202.0598,167.4235,156.6665,246.9114,180.2980
232.6269,224.5249,152.8510,201.1759,165.8241,156.8510,245.6000,180.2000
234.2690,224.4276,151.6504,202.7894,163.0822,159.1406,245.7008,180.7787
237.1347,221.9119,153.1622,204.3363,162.0503,161.8710,246.0228,179.4466
239.2385,222.0032,152.2845,204.9904,160.5471,162.7592,247.5011,179.7720
240.2196,221.6934,152.5842,205.5971,160.3332,163.4081,247.9686,179.5044
242.0636,221.0867,153.8439,207.5144,160.4335,164.6821,248.6532,178.2543
243.3699,220.8309,155.3457,209.3494,160.9944,166.0427,249.0186,177.5242
246.8687,219.5103,157.9324,211.7768,161.6960,168.4953,250.6323,176.2289
249.8860,218.3359,160.7323,213.9869,162.8783,169.9940,252.0320,174.3430
252.9562,218.1159,162.9965,214.5881,164.6940,171.3017,254.6537,174.8295
166.4659,216.8272,165.5653,172.7027,255.2015,170.8734,256.1020,214.9979
168.9778,218.4240,167.2792,174.2585,258.4904,170.7504,260.1891,214.9158
171.4255,215.8484,170.5462,172.7643,262.2019,170.8938,263.0812,213.9779
171.9055,219.5421,170.2097,175.4535,263.4948,171.8656,265.1906,215.9542
174.3690,222.1867,171.8769,178.1579,264.6739,172.9053,267.1661,216.9340
174.8674,222.6853,173.1054,178.6358,266.3562,174.9057,268.1182,218.9553
175.4055,223.8693,174.5266,180.8056,268.2223,178.8934,269.1011,221.9571
175.0000,224.0000,175.0000,182.0000,269.0000,182.0000,269.0000,224.0000
176.0000,226.0000,176.0000,183.0000,269.0000,183.0000,269.0000,226.0000
175.0000,228.0000,175.0000,185.0000,270.0000,185.0000,270.0000,228.0000
175.0000,228.0000,175.0000,185.0000,271.0000,185.0000,271.0000,228.0000
174.5594,232.2221,173.0831,189.4109,271.3456,186.0226,272.8219,228.8337
175.1314,234.4047,172.1444,191.0935,271.5681,184.2367,274.5550,227.5479
172.0000,235.0000,172.0000,191.0000,273.0000,191.0000,273.0000,235.0000
173.7776,240.4802,169.2994,196.4441,270.8760,186.1143,275.3543,230.1504
170.5332,240.5869,166.3138,197.6904,270.9734,187.3961,275.1927,230.2925
172.6034,241.1178,168.1332,198.9707,269.8976,188.1775,274.3677,230.3246
169.8920,243.5552,165.1088,201.7019,269.6857,189.7502,274.4690,231.6035
168.1521,242.5933,164.8713,201.0365,269.6393,192.7654,272.9202,234.3221
167.8566,244.7816,163.0307,203.7611,268.9181,191.3037,273.7440,232.3242
168.5149,244.1485,164.4159,203.1584,268.4753,192.7525,272.5742,233.7426
167.7034,243.8854,163.7798,202.6877,268.3551,192.7281,272.2787,233.9258
168.5415,246.0611,163.0219,204.6638,266.6463,190.8472,272.1660,232.2446
171.7645,251.0900,162.4173,207.7531,262.3564,186.1976,271.7035,229.5345
175.0690,259.8276,163.9496,207.0107,261.4695,186.4801,272.5889,239.2971
194.9353,272.0412,161.0059,218.7235,238.7176,169.2706,272.6470,222.5882
200.6351,277.6892,160.9054,222.0676,222.2027,178.2838,261.9324,233.9054
193.5000,271.5000,156.3378,219.4730,226.7162,169.2027,263.8784,221.2297
173.3077,262.5385,162.5000,208.5000,246.3462,191.7308,257.1539,245.7692
182.7983,264.4407,162.0104,218.2453,240.7630,182.8066,261.5509,229.0020
179.6266,262.4018,166.1186,210.6212,252.5416,188.0761,266.0496,239.8566
178.8071,266.2918,157.5742,215.8635,247.1200,178.1600,268.3530,228.5882
180.6054,264.9676,164.7135,213.3189,254.6595,185.6432,270.5514,237.2919
183.9794,265.4536,163.0722,218.4124,252.2371,178.7835,273.1443,225.8247
184.5990,265.6171,164.8286,219.6988,255.8802,180.4960,275.6506,226.4143
184.3008,265.2384,163.9037,219.6849,257.1243,177.9443,277.5214,223.4978
183.2931,263.0173,164.5690,219.3276,259.7931,178.5172,278.5173,222.2069
182.5099,264.6820,163.4836,220.5757,261.7310,178.1945,280.7572,222.3008
178.7416,263.7865,162.6232,221.1201,266.3137,181.9481,282.4321,224.6145
177.9355,262.7042,162.5552,220.1822,268.7662,181.7654,284.1465,224.2874
178.1387,263.1314,162.6642,220.5766,270.8978,181.2190,286.3723,223.7737
177.0070,262.7568,162.4541,221.3958,274.0629,182.1261,288.6158,223.4870
177.2313,261.2608,163.0560,219.4810,275.6646,181.2746,289.8398,223.0544
179.2675,263.3638,163.9188,221.3566,274.9765,180.7778,290.3253,222.7850
177.2195,263.2476,162.9500,221.1525,277.0582,182.4718,291.3278,224.5669
175.6000,263.8000,161.4000,221.2000,278.4000,182.2000,292.6000,224.8000
176.5668,264.3403,162.3594,222.3944,279.1972,182.8203,293.4047,224.7662
175.1782,262.4709,161.8162,220.6421,281.9716,182.2591,295.3336,224.0879
172.3193,262.2550,159.6872,217.7678,283.6206,182.5769,296.2527,227.0640
163.2123,254.7810,160.1260,209.5141,247.7640,203.5388,250.8504,248.8057
166.0000,251.0000,166.0000,207.0000,276.0000,207.0000,276.0000,251.0000
166.0000,251.0000,166.0000,208.0000,279.0000,208.0000,279.0000,251.0000
167.2827,253.1647,164.6368,209.5069,279.6990,202.5334,282.3449,246.1912
167.0000,251.0000,167.0000,207.0000,281.0000,207.0000,281.0000,251.0000
170.0560,252.7113,167.6331,207.4840,279.7399,201.4782,282.1628,246.7056
170.2893,254.0508,166.8985,206.5787,280.1066,198.4924,283.4975,245.9645
170.7199,254.2119,166.8752,206.7939,258.8382,199.3375,262.6829,246.7555
173.8713,254.7129,169.0495,206.4951,253.9010,198.0099,258.7227,246.2277
175.3951,254.0902,171.5854,207.4216,257.3811,200.4179,261.1908,247.0865
175.9887,254.5008,172.9440,209.8447,252.6869,204.4077,255.7316,249.0638
173.0000,253.0000,173.0000,208.0000,255.0000,208.0000,255.0000,253.0000
175.0000,253.0000,175.0000,208.0000,253.0000,208.0000,253.0000,253.0000
176.0000,255.0000,176.0000,208.0000,250.0000,208.0000,250.0000,255.0000
240.8400,260.1200,172.2400,250.3200,178.8600,203.9800,247.4600,213.7800
234.9294,262.3177,170.4471,247.9882,181.0117,200.4471,245.4941,214.7765
174.0000,252.0000,174.0000,207.0000,243.0000,207.0000,243.0000,252.0000
175.0000,252.0000,175.0000,207.0000,242.0000,207.0000,242.0000,252.0000
175.0000,253.0000,175.0000,207.0000,237.0000,207.0000,237.0000,253.0000
179.4000,260.2000,165.3000,217.9000,228.6000,196.8000,242.7000,239.1000
174.0000,255.0000,174.0000,207.0000,238.0000,207.0000,238.0000,255.0000
231.9189,260.4865,171.9189,250.4865,180.0270,201.8379,240.0270,211.8378
177.0000,255.0000,177.0000,205.0000,238.0000,205.0000,238.0000,255.0000
180.0000,255.0000,180.0000,205.0000,236.0000,205.0000,236.0000,255.0000
190.5269,260.8697,170.0170,217.2861,220.5836,193.4901,241.0935,237.0737
189.4824,259.2706,170.9977,215.3694,219.8165,194.8141,238.3012,238.7153
184.0218,256.6638,177.4017,207.0131,226.3974,200.4803,233.0175,250.1310
183.0000,253.0000,183.0000,203.0000,230.0000,203.0000,230.0000,253.0000
184.0000,254.0000,184.0000,203.0000,229.0000,203.0000,229.0000,254.0000
179.0000,254.0000,179.0000,204.0000,226.0000,204.0000,226.0000,254.0000
224.8308,257.3539,182.2462,252.0308,188.6462,200.8308,231.2308,206.1539
192.5882,260.3530,179.6471,208.5883,222.4706,197.8824,235.4118,249.6471
190.4324,256.5946,181.8378,205.0270,229.5135,197.0811,238.1081,248.6487
196.6000,259.2000,175.0000,216.0000,221.0000,193.0000,242.6000,236.2000
187.0000,253.0000,187.0000,203.0000,233.0000,203.0000,233.0000,253.0000
196.1067,255.1292,185.1854,207.8033,227.5449,198.0281,238.4663,245.3539
212.5000,257.5000,179.0000,224.0000,208.5000,194.5000,242.0000,228.0000
209.8280,257.1960,182.5400,217.7800,217.0680,193.8760,244.3560,233.2920
211.2838,258.7973,182.7027,218.7838,218.4595,193.2433,247.0405,233.2568
218.5000,260.5000,181.5000,223.5000,213.0000,192.0000,250.0000,229.0000
219.5000,262.5000,180.5000,223.5000,213.0000,191.0000,252.0000,230.0000
213.7027,261.7838,183.2297,219.1216,223.5270,190.3378,254.0000,233.0000
220.0000,263.0001,180.0000,223.0000,215.0000,188.0000,255.0000,228.0000
228.3600,265.5200,179.5600,228.9200,209.2000,189.4000,258.0000,226.0000
239.4389,261.6289,181.4502,234.1606,201.4457,191.9480,259.4344,219.4163
236.4910,263.4653,180.5090,230.5347,205.3162,188.3625,261.2982,221.2931
188.0000,251.0000,188.0000,201.0000,257.0000,201.0000,257.0000,251.0000
188.0000,249.0000,188.0000,200.0000,257.0000,200.0000,257.0000,249.0000
258.1671,249.4877,187.4863,246.8698,189.3424,196.7534,260.0233,199.3712
185.0000,248.0000,185.0000,199.0000,261.0000,199.0000,261.0000,248.0000
187.0000,248.0000,187.0000,198.0000,262.0000,198.0000,262.0000,248.0000
186.0000,247.0000,186.0000,198.0000,263.0000,198.0000,263.0000,247.0000
184.0000,244.0000,184.0000,197.0000,264.0000,197.0000,264.0000,244.0000
263.9526,245.9476,181.2095,241.8105,183.6010,193.9801,266.3442,198.1172
185.0897,247.5242,182.2000,198.4000,264.4448,193.5621,267.3345,242.6862
182.0000,243.0000,182.0000,197.0000,268.0000,197.0000,268.0000,243.0000
182.0000,244.0000,182.0000,195.0000,270.0000,195.0000,270.0000,244.0000
184.0000,243.0000,184.0000,196.0000,272.0000,196.0000,272.0000,243.0000
185.0000,243.0000,185.0000,195.0000,274.0000,195.0000,274.0000,243.0000
188.0000,243.0000,188.0000,195.0000,276.0000,195.0000,276.0000,243.0000
273.8439,247.3013,189.3013,237.1562,195.0505,189.2461,279.5931,199.3912
193.0000,243.0000,193.0000,195.0000,280.0000,195.0000,280.0000,243.0000
195.0000,243.0000,195.0000,195.0000,281.0000,195.0000,281.0000,243.0000
194.0000,243.0000,194.0000,195.0000,281.0000,195.0000,281.0000,243.0000
194.0000,243.0000,194.0000,195.0000,284.0000,195.0000,284.0000,243.0000
194.0000,242.0000,194.0000,195.0000,285.0000,195.0000,285.0000,242.0000
192.0000,242.0000,192.0000,195.0000,286.0000,195.0000,286.0000,242.0000
192.1297,244.5477,190.1189,197.2928,287.1559,193.1636,289.1667,240.4184
189.9347,243.1057,188.3385,196.8159,287.3587,193.4014,288.9549,239.6912
187.8735,243.2042,186.3307,196.9223,289.3163,193.4894,290.8591,239.7714
188.7543,244.4838,185.8327,198.7128,290.6609,192.0216,293.5825,237.7926
188.6776,242.0389,187.3172,195.7848,292.4028,192.6940,293.7632,238.9482
188.7007,241.9270,187.4504,195.6635,293.4540,192.7985,294.7044,239.0621
193.0820,246.9017,188.8279,200.1066,293.6885,190.5738,297.9426,237.3689
192.0000,241.0000,192.0000,195.0000,298.0000,195.0000,298.0000,241.0000
193.0000,240.0000,193.0000,195.0000,300.0000,195.0000,300.0000,240.0000
195.0000,241.0000,195.0000,195.0000,302.0000,195.0000,302.0000,241.0000
201.0000,242.0000,201.0000,196.0000,304.0000,196.0000,304.0000,242.0000
203.0000,243.0000,203.0000,197.0000,307.0000,197.0000,307.0000,243.0000
205.0000,242.0000,205.0000,197.0000,309.0000,197.0000,309.0000,242.0000
208.0000,241.0000,208.0000,196.0000,312.0000,196.0000,312.0000,241.0000
210.0000,239.0000,210.0000,195.0000,314.0000,195.0000,314.0000,239.0000
212.0000,240.0000,212.0000,195.0000,316.0000,195.0000,316.0000,240.0000
214.0000,238.0000,214.0000,194.0000,317.0000,194.0000,317.0000,238.0000
215.0000,238.0000,215.0000,194.0000,318.0000,194.0000,318.0000,238.0000
215.0000,237.0000,215.0000,193.0000,319.0000,193.0000,319.0000,237.0000
317.4268,241.1585,215.4634,229.8293,220.4512,184.9390,322.4146,196.2683
219.0000,236.0000,219.0000,192.0000,322.0000,192.0000,322.0000,236.0000
320.1892,241.8649,217.2162,224.7027,224.6757,179.9459,327.6487,197.1081
319.9920,242.7878,220.4059,221.8223,229.7852,177.2706,329.3714,198.2361
321.6353,243.1412,222.6353,221.1412,232.5176,176.6706,331.5176,198.6706
224.0000,235.0000,224.0000,190.0000,328.0000,190.0000,328.0000,235.0000
225.0000,235.0000,225.0000,191.0000,330.0000,191.0000,330.0000,235.0000
325.7738,245.0154,227.5604,219.5527,238.8882,175.8599,337.1016,201.3226
328.1662,246.4065,230.7626,219.1335,242.9451,175.6246,340.3487,202.8976
328.7634,247.9668,229.5205,220.3090,241.7935,176.2704,341.0364,203.9282
330.6415,248.7547,232.6415,220.7547,245.2076,176.7736,343.2076,204.7736
333.7647,247.9412,234.7059,223.1765,245.7059,179.1765,344.7647,203.9412
335.8176,247.7661,236.5408,224.1288,247.0021,180.1910,346.2790,203.8283
337.8751,247.8291,239.0591,225.6459,248.9163,181.7363,347.7323,203.9195
340.1917,247.9814,240.3716,225.1060,250.5006,180.9064,350.3208,203.7819
342.2624,249.0438,243.4208,225.6813,253.8118,181.7191,352.6534,205.0817
344.9475,249.2926,246.0579,225.8273,256.4332,182.1028,355.3228,205.5681
346.8409,249.7419,245.6087,225.7207,256.0906,181.5469,357.3228,205.5681
253.0000,242.0000,253.0000,196.0000,354.0000,196.0000,354.0000,242.0000
349.9000,254.3000,249.7000,220.9000,264.1000,177.7000,364.3000,211.1000
350.3896,255.9860,251.6290,220.5335,267.0804,177.4904,365.8410,212.9429
362.5790,246.1550,260.2136,243.3115,261.5181,196.3478,363.8836,199.1913
365.5523,246.2221,263.1409,243.2100,264.5238,196.1919,366.9352,199.2040
266.0000,247.0000,266.0000,199.0000,368.0000,199.0000,368.0000,247.0000
368.4923,251.0616,265.8462,238.2308,271.6154,192.0769,374.2616,204.9077
372.5118,249.3470,268.7411,241.3647,272.3058,195.0235,376.0765,203.0059
375.0495,250.5050,271.2871,240.1287,275.9406,193.5940,379.7029,203.9703
376.2597,249.0663,273.7542,243.6713,276.2486,196.2763,378.7541,201.6713
277.0000,247.0000,277.0000,200.0000,379.0000,200.0000,379.0000,247.0000
278.0000,246.0000,278.0000,199.0000,381.0000,199.0000,381.0000,246.0000
279.0000,246.0000,279.0000,200.0000,384.0000,200.0000,384.0000,246.0000
281.0000,246.0000,281.0000,199.0000,386.0000,199.0000,386.0000,246.0000
282.0000,245.0000,282.0000,198.0000,387.0000,198.0000,387.0000,245.0000
283.0000,242.0000,283.0000,195.0000,387.0000,195.0000,387.0000,242.0000
285.0000,238.0000,285.0000,192.0000,390.0000,192.0000,390.0000,238.0000
385.2687,245.4884,280.8399,221.0476,291.4103,175.8833,395.8391,200.3240
287.0000,235.0000,287.0000,188.0000,392.0000,188.0000,392.0000,235.0000
288.0000,233.0000,288.0000,187.0000,394.0000,187.0000,394.0000,233.0000
289.0000,231.0000,289.0000,185.0000,395.0000,185.0000,395.0000,231.0000
290.0000,229.0000,290.0000,184.0000,396.0000,184.0000,396.0000,229.0000
291.0000,229.0000,291.0000,184.0000,398.0000,184.0000,398.0000,229.0000
293.0000,229.0000,293.0000,183.0000,399.0000,183.0000,399.0000,229.0000
397.1891,232.8649,292.1081,215.3513,299.5405,170.7567,404.6216,188.2703
400.0446,232.1952,294.4150,214.0401,302.1283,169.1627,407.7579,187.3177
403.0923,230.2616,298.3539,217.1692,304.0462,171.6308,408.7847,184.7231
403.9576,228.6346,299.0632,213.8839,305.5056,168.0711,410.4001,182.8219
404.0244,229.6491,298.5112,212.6309,306.0264,166.0365,411.5396,183.0548
403.7692,232.1539,298.7692,211.1539,308.1923,164.0385,413.1923,185.0385
404.4364,232.6779,300.8333,210.2306,311.0809,162.9342,414.6840,185.3815
406.9263,231.5880,302.8499,210.1119,312.3910,163.8743,416.4673,185.3504
406.5710,232.0570,304.6712,209.9787,314.8291,163.0963,416.7288,185.1746
410.1334,229.8740,306.1780,209.5349,315.2599,163.1161,419.2153,183.4552
312.0000,224.0000,312.0000,175.0000,416.0000,175.0000,416.0000,224.0000
311.0000,223.0000,311.0000,175.0000,416.0000,175.0000,416.0000,223.0000
311.0000,222.0000,311.0000,175.0000,415.0000,175.0000,415.0000,222.0000
311.0000,221.0000,311.0000,175.0000,417.0000,175.0000,417.0000,221.0000
316.0000,220.0000,316.0000,173.0000,418.0000,173.0000,418.0000,220.0000
316.0000,221.0000,316.0000,174.0000,419.0000,174.0000,419.0000,221.0000
315.0000,222.0000,315.0000,174.0000,421.0000,174.0000,421.0000,222.0000
316.0000,221.0000,316.0000,172.0000,423.0000,172.0000,423.0000,221.0000
317.0000,220.0000,317.0000,173.0000,422.0000,173.0000,422.0000,220.0000
319.0000,221.0000,319.0000,172.0000,421.0000,172.0000,421.0000,221.0000
318.0000,222.0000,318.0000,173.0000,421.0000,173.0000,421.0000,222.0000
316.0000,221.0000,316.0000,172.0000,421.0000,172.0000,421.0000,221.0000
313.0000,221.0000,313.0000,173.0000,420.0000,173.0000,420.0000,221.0000
316.6301,229.5954,309.1503,180.9769,415.4797,164.6185,422.9595,213.2370
309.0000,220.0000,309.0000,172.0000,420.0000,172.0000,420.0000,220.0000
311.0000,220.0000,311.0000,172.0000,421.0000,172.0000,421.0000,220.0000
311.0000,219.0000,311.0000,171.0000,421.0000,171.0000,421.0000,219.0000
311.0000,219.0000,311.0000,172.0000,421.0000,172.0000,421.0000,219.0000
313.0000,219.0000,313.0000,171.0000,421.0000,171.0000,421.0000,219.0000
312.0000,219.0000,312.0000,170.0000,422.0000,170.0000,422.0000,219.0000
311.0000,219.0000,311.0000,171.0000,421.0000,171.0000,421.0000,219.0000
418.8759,222.4897,310.2138,213.4345,314.3449,163.8621,423.0069,172.9173
418.6927,223.1494,311.1768,213.6627,315.5391,164.2240,423.0549,173.7107
419.3366,223.6337,312.4059,212.9406,317.4455,162.5446,424.3763,173.2376
418.2587,223.6296,310.9837,212.5865,316.1083,162.8052,423.3833,173.8483
418.1624,223.7259,312.9848,216.2132,316.5990,165.6142,421.7766,173.1269
416.4600,225.7800,312.5800,210.9400,319.9000,159.7000,423.7800,174.5400
314.0000,219.0000,314.0000,169.0000,419.0000,169.0000,419.0000,219.0000
314.0000,221.0000,314.0000,171.0000,422.0000,171.0000,422.0000,221.0000
314.0000,222.0000,314.0000,171.0000,423.0000,171.0000,423.0000,222.0000
315.0000,223.0000,315.0000,172.0000,424.0000,172.0000,424.0000,223.0000
422.2616,228.9077,314.4462,215.4308,320.7847,164.7231,428.6000,178.2000
424.4235,230.4941,318.5117,222.3470,322.5588,169.7353,428.4706,177.8823
423.9200,232.5600,317.9400,217.4200,325.4800,164.6400,431.4600,179.7800
321.0000,227.0000,321.0000,174.0000,429.0000,174.0000,429.0000,227.0000
424.3719,240.1023,319.7118,211.3207,333.6391,160.6758,438.2992,189.4573
425.7340,242.2202,318.9450,210.1835,334.0551,159.8165,440.8441,191.8532
424.5944,243.4509,316.0025,209.1587,331.4786,160.1511,440.0705,194.4433
428.4384,243.6218,318.1175,212.9771,331.8854,163.4126,442.2063,194.0573
428.1000,245.7000,317.4000,208.8000,333.3000,161.1000,444.0000,198.0000
429.5000,246.5000,319.7000,209.9000,335.8000,161.6000,445.5999,198.2000
431.9162,248.5480,322.0105,209.4704,339.4555,160.4064,449.3612,199.4840
433.7631,248.1960,323.6134,210.6982,340.4183,161.3339,450.5680,198.8317
437.0000,249.0000,326.3000,212.1000,342.9000,162.3000,453.6000,199.2000
439.4659,248.6691,328.2540,213.0813,344.1147,163.5167,455.3266,199.1045
442.6640,247.1520,327.4256,213.5408,342.0304,163.4672,457.2688,197.0784
444.9285,248.4240,331.8698,212.3414,347.8558,162.2518,460.9146,198.3344
449.4165,248.2272,336.3783,211.2329,352.8143,161.0120,465.8525,198.0063
346.0000,236.0000,346.0000,182.0000,461.0000,182.0000,461.0000,236.0000
348.0000,235.0000,348.0000,181.0000,464.0000,181.0000,464.0000,235.0000
459.8484,248.6750,345.9207,212.3151,362.2765,161.0669,476.2042,197.4268
356.0000,235.0000,356.0000,180.0000,473.0000,180.0000,473.0000,235.0000
469.8824,246.4706,354.5883,217.6471,367.8824,164.4706,483.1765,193.2941
476.6040,239.9604,360.0693,228.3069,365.4753,174.2475,482.0099,185.9010
477.3600,241.4800,362.7000,225.1000,370.4200,171.0600,485.0800,187.4400
480.0143,236.1785,366.7492,231.1444,369.1642,176.8073,482.4293,181.8414
479.9992,237.5102,368.0919,228.3749,372.5238,174.0836,484.4311,183.2189
482.2036,236.9469,370.6991,229.5133,374.3539,174.6902,485.8584,182.1239
375.0000,232.0000,375.0000,179.0000,484.0000,179.0000,484.0000,232.0000
483.0273,234.6316,372.6331,226.4543,376.7149,171.3493,487.1092,179.5266
484.1048,232.5125,374.2926,228.6594,376.2348,173.3065,486.0470,177.1595
378.2807,234.2546,375.6089,179.4825,483.5958,174.2148,486.2676,228.9870
377.0000,230.0000,377.0000,175.0000,483.0000,175.0000,483.0000,230.0000
378.0000,228.0000,378.0000,174.0000,482.0000,174.0000,482.0000,228.0000
382.2705,238.3345,373.5844,184.7701,476.3153,168.1110,485.0014,221.6754
383.7698,240.2004,372.3779,186.4956,473.2917,165.0896,484.6837,218.7944
382.9730,235.8379,374.0270,182.1622,473.5946,165.5676,482.5405,219.2433
379.0000,226.0000,379.0000,170.0000,477.0000,170.0000,477.0000,226.0000
379.0000,225.0000,379.0000,170.0000,476.0000,170.0000,476.0000,225.0000
378.0000,224.0000,378.0000,168.0000,474.0000,168.0000,474.0000,224.0000
381.1410,236.8492,368.7213,184.0656,464.8131,161.4557,477.2328,214.2393
376.0000,224.0000,376.0000,169.0000,470.0000,169.0000,470.0000,224.0000
375.5692,226.2461,372.5077,171.1384,467.4923,165.8615,470.5538,220.9692
375.5414,226.2034,372.3104,171.2759,464.5207,165.8517,467.7517,220.7793
376.0000,224.0000,376.0000,168.0000,466.0000,168.0000,466.0000,224.0000
375.0000,223.0000,375.0000,167.0000,465.0000,167.0000,465.0000,223.0000
376.9901,226.9010,371.5346,172.3466,462.4258,163.2574,467.8812,217.8119
377.0000,223.0000,377.0000,167.0000,470.0000,167.0000,470.0000,223.0000
465.6661,229.1733,377.8283,222.1463,382.6677,161.6534,470.5056,168.6805
466.3115,228.2794,379.0833,221.4379,383.8078,161.2006,471.0359,168.0421
463.3419,234.5150,378.6187,220.6260,389.0505,156.9919,473.7737,170.8809
386.4035,224.8586,383.1276,169.1690,470.6483,164.0207,473.9242,219.7103
473.2567,224.4502,388.8094,222.5735,390.1204,163.5804,474.5676,165.4571
466.9231,234.3846,391.3462,219.2692,404.5000,153.5000,480.0769,168.6154
467.7997,234.7653,394.6684,219.2952,408.7055,152.9377,481.8369,168.4078
468.5029,234.9368,398.2980,219.9996,412.5423,153.0515,482.7471,167.9887
471.0000,234.0000,401.5769,220.1154,415.0769,152.6154,484.5000,166.5000
471.3125,235.9564,401.9918,219.8353,417.8666,151.5736,487.1873,167.6947
439.9139,246.5148,395.1027,208.2935,449.4141,144.6180,494.2253,182.8393
442.5950,244.9829,397.8656,207.4679,451.2951,143.7636,496.0244,181.2785
439.6166,245.8474,398.1698,205.6957,456.1718,145.8227,497.6187,185.9743
439.5001,243.5000,399.5001,203.5000,457.5001,145.5000,497.5001,185.5000
439.4262,243.1496,399.0559,201.4771,458.0907,144.2872,498.4610,185.9597
430.6932,243.4115,399.1119,194.2852,467.8989,150.0650,499.4802,199.1913
428.0623,241.7774,399.7003,191.3561,470.1573,151.7240,498.5193,202.1454
425.2241,241.7134,398.5668,189.8799,469.0865,153.6127,495.7438,205.4461
425.2401,240.3290,398.6479,189.4568,467.7627,153.3286,494.3549,204.2008
425.9674,238.1158,398.8669,189.8063,464.8009,152.8190,491.9014,201.1285
429.1014,237.8138,399.6929,191.4387,461.7234,152.1023,491.1320,198.4773
427.5956,235.7528,398.4944,189.1910,458.6292,151.6067,487.7304,198.1685
425.5236,233.3171,400.2434,179.3859,459.6829,151.5236,484.9631,205.4548
428.1331,232.7292,399.8794,184.0701,455.8000,151.6000,484.0537,200.2592
430.0244,230.7805,398.4147,191.2683,449.6342,150.2927,481.2440,189.8049
432.9655,230.4138,397.5241,198.9103,443.1517,147.5793,478.5931,179.0827
427.7200,228.9600,394.2400,184.3200,444.3200,146.7600,477.8000,191.4000
424.9269,226.4409,396.6370,175.9233,448.2813,147.0024,476.5713,197.5201
424.4002,228.5582,391.5304,187.0384,440.1452,148.5518,473.0150,190.0715
419.3145,224.7932,394.7479,172.5892,448.7338,147.1841,473.3004,199.3881
421.6097,230.5122,388.5366,189.1707,436.7073,150.6342,469.7805,191.9756
425.3004,234.1915,386.4324,205.6121,427.2241,150.1353,466.0921,178.7148
421.5475,232.6894,385.0926,204.1595,426.3470,151.4455,462.8019,179.9754
432.0378,236.4270,391.2897,215.2984,423.9362,152.3373,464.6843,173.4659
450.0873,227.2932,404.6830,225.8285,406.9241,156.3524,452.3285,157.8170
448.0178,226.5192,403.8192,224.8822,406.3932,155.3849,450.5918,157.0219
439.1600,229.8800,400.3800,224.3400,410.3200,154.7600,449.1000,160.3000
403.0000,224.0000,403.0000,158.0000,439.0000,158.0000,439.0000,224.0000
434.7752,225.2604,400.2841,222.8817,404.8900,156.0959,439.3811,158.4746
434.0623,225.0039,399.5720,222.8483,403.7393,156.1712,438.2296,158.3268
399.0000,224.0000,399.0000,158.0000,436.0000,158.0000,436.0000,224.0000
434.7338,228.4548,397.7096,227.1325,400.2344,156.4370,437.2586,157.7593
397.9263,229.8646,395.4655,158.5012,430.9406,157.2779,433.4014,228.6413
398.0000,229.0000,398.0000,158.0000,431.0000,158.0000,431.0000,229.0000
398.9809,230.7615,393.3338,160.1733,428.3895,157.3688,434.0365,227.9571
431.0242,224.3223,395.7122,223.0612,397.9873,159.3567,433.2994,160.6178
398.0000,228.0000,398.0000,160.0000,432.0000,160.0000,432.0000,228.0000
398.0000,225.0000,398.0000,160.0000,433.0000,160.0000,433.0000,225.0000
430.1551,224.8719,396.2719,221.6450,402.3349,157.9843,436.2180,161.2112
398.0000,224.0000,398.0000,160.0000,433.0000,160.0000,433.0000,224.0000
399.9962,224.8930,397.6943,160.4395,431.9007,159.2178,434.2026,223.6713
398.0000,224.0000,398.0000,161.0000,434.0000,161.0000,434.0000,224.0000
433.8038,223.5132,398.7830,221.9906,401.5076,159.3264,436.5283,160.8491
399.0000,223.0000,399.0000,155.0000,436.0000,155.0000,436.0000,223.0000
434.7897,223.6268,397.7753,221.9443,400.6577,158.5299,437.6721,160.2124
434.8258,222.6584,398.6222,220.9344,401.5973,158.4570,437.8009,160.1810
418.7217,227.4031,388.2342,171.9712,418.7524,155.1862,449.2400,210.6181
419.0000,228.0000,390.4001,170.8000,422.4001,154.8000,451.0000,212.0000
418.8272,226.2578,393.2181,171.8385,426.5439,156.1558,452.1530,210.5751
418.5773,227.2990,394.1237,172.2784,428.0825,157.1856,452.5361,212.2062
420.1812,225.0295,388.8661,181.5363,420.3994,158.8325,451.7144,202.3256
422.5649,228.6907,388.2647,183.5589,419.9838,159.4524,454.2840,204.5842
423.4686,229.9387,388.3978,185.7190,420.1073,160.5701,455.1781,204.7898
423.6783,228.6814,388.9433,184.4732,420.6089,159.5930,455.3438,203.8012
422.9601,228.2800,389.1200,183.1600,421.2800,159.0400,455.1200,204.1600
424.0316,228.4038,389.4701,184.4164,421.7540,159.0505,456.3155,203.0379
421.3307,229.8538,386.9230,185.6154,420.9153,159.1769,455.3231,203.4154
411.4118,228.6471,394.9412,162.7647,431.1765,153.7059,447.6471,219.5882
413.8000,226.4000,393.0000,164.0000,426.3000,152.9000,447.1000,215.3000
412.5000,225.5000,393.9649,162.4809,427.4236,152.6401,445.9586,215.6592
407.3266,224.7282,398.4179,159.3976,431.1278,154.9371,440.0365,220.2677
404.0000,224.0000,404.0000,156.0000,436.0000,156.0000,436.0000,224.0000
405.0000,223.0000,405.0000,158.0000,437.0000,158.0000,437.0000,223.0000
405.0000,223.0000,405.0000,159.0000,439.0000,159.0000,439.0000,223.0000
405.0000,222.0000,405.0000,160.0000,440.0000,160.0000,440.0000,222.0000
405.0000,222.0000,405.0000,160.0000,442.0000,160.0000,442.0000,222.0000
405.0000,223.0000,405.0000,161.0000,442.0000,161.0000,442.0000,223.0000
404.0000,222.0000,404.0000,160.0000,442.0000,160.0000,442.0000,222.0000
408.4070,222.1208,400.5223,161.6710,440.7509,156.4238,448.6357,216.8736
405.0000,221.0000,405.0000,159.0000,448.0000,159.0000,448.0000,221.0000
407.3279,221.6066,401.6967,159.6639,444.9754,155.7295,450.6066,217.6721
409.4560,222.0080,398.3839,161.1120,442.1200,153.1600,453.1920,214.0560
408.2722,222.4066,393.9771,161.6525,436.4492,151.6590,450.7443,212.4131
401.0000,220.0000,401.0000,155.0000,443.0000,155.0000,443.0000,220.0000
400.0000,219.0000,400.0000,155.0000,448.0000,155.0000,448.0000,219.0000
400.0000,221.0000,400.0000,156.0000,449.0000,156.0000,449.0000,221.0000
