1
263.9502,72.5323,252.8434,137.4728,161.9267,121.9232,173.0336,56.9827
227.9522,117.1066,198.1313,171.8861,119.7215,129.2013,149.5424,74.4218
200.6105,147.8528,160.6366,189.1329,94.9496,125.5242,134.9235,84.2441
174.2751,159.4906,128.0181,192.2716,75.8874,118.7106,122.1444,85.9296
148.5287,168.8425,103.3745,194.4227,58.5821,115.3549,103.7364,89.7748
139.2160,184.7076,92.2927,207.3197,53.1016,125.9926,100.0250,103.3805
138.8489,199.1755,93.2861,218.3767,58.5628,135.9812,104.1256,116.7800
167.4962,193.5151,111.9209,233.5999,54.7206,154.2949,110.2959,114.2101
207.8102,175.7230,172.7273,238.8205,84.6869,189.8690,119.7698,126.7716
218.8549,141.0161,219.4753,209.8363,135.7388,210.5911,135.1184,141.7710
196.8152,106.7564,261.7236,132.0105,231.0092,210.9532,166.1008,185.6991
293.0605,197.1123,223.2470,207.5498,210.4437,121.9119,280.2572,111.4745
319.2386,209.2669,245.7388,209.4264,245.5506,122.7240,319.0504,122.5645
305.8134,114.9178,361.6499,160.8694,304.8994,229.8277,249.0630,183.8760
365.9879,124.0824,383.6623,190.9640,296.3052,214.0493,278.6308,147.1677
411.7878,167.6278,372.6798,230.1485,287.9337,177.1382,327.0417,114.6175
418.2581,175.7759,365.6120,241.3372,282.1885,174.3477,334.8347,108.7864
402.6029,218.8963,325.2560,236.6147,301.7178,133.8628,379.0648,116.1443
355.9116,124.0112,424.5513,147.2652,394.9554,234.6248,326.3156,211.3708
410.7000,133.3911,457.8631,178.0356,396.9913,242.3416,349.8281,197.6971
443.1022,151.1756,468.8889,204.5699,389.2213,243.0454,363.4345,189.6511
445.4792,163.1030,472.5973,213.8298,396.9484,254.2711,369.8303,203.5443
444.9476,169.8955,470.9006,216.3339,398.6006,256.7401,372.6476,210.3018
431.9019,162.6097,467.9023,197.3194,406.0652,261.4557,370.0649,226.7460
412.1245,146.1397,457.9799,175.9354,409.5909,250.4060,363.7354,220.6104
370.0181,129.6569,428.0187,141.9791,410.1948,225.8762,352.1942,213.5539
400.7619,205.0846,341.2039,217.6846,323.5123,134.0599,383.0704,121.4599
369.0993,182.7733,314.0308,205.9083,284.1383,134.7546,339.2069,111.6197
366.5453,181.2117,315.1647,219.0003,263.7302,149.0652,315.1108,111.2767
297.1898,108.1476,358.9834,142.5122,319.5340,213.4491,257.7404,179.0846
339.3422,154.6336,335.0343,209.0525,262.9462,203.3459,267.2541,148.9270
308.4320,144.7640,318.5827,196.4840,243.8265,211.1559,233.6757,159.4359
280.9522,141.1605,302.7948,183.9037,237.9100,217.0611,216.0674,174.3179
258.8912,134.2671,289.4299,170.0720,234.5680,216.8648,204.0293,181.0599
234.7582,128.3209,272.7357,157.3868,228.0990,215.7090,190.1215,186.6431
206.5830,129.5851,251.7479,150.2919,222.9590,213.0853,177.7940,192.3784
182.2984,135.7057,233.7836,140.4606,227.4651,208.8765,175.9799,204.1216
178.7454,134.8551,228.5537,137.1062,225.4517,205.7431,175.6434,203.4921
182.2452,127.0789,231.0226,132.5253,222.9229,205.0649,174.1455,199.6185
186.8012,117.8780,239.9862,126.5467,227.3174,204.2738,174.1323,195.6051
246.7613,133.1010,240.7353,189.4508,173.8885,182.3023,179.9145,125.9525
215.1390,207.6561,178.0454,214.2383,166.8028,150.8813,203.8964,144.2991
214.1356,214.6479,175.7089,218.1816,170.1682,157.9307,208.5949,154.3969
2
0
0
0
0
1
345.0670,138.2319,370.3578,168.4365,332.0673,200.4977,306.7765,170.2932
342.4587,140.1982,366.7669,169.0981,330.0180,200.0082,305.7098,171.1084
351.5155,136.8871,372.8458,155.8703,341.5725,191.0102,320.2422,172.0271
358.6348,140.3692,373.6178,147.3172,351.8404,194.2791,336.8575,187.3312
353.8672,156.0374,376.5065,168.5126,354.0736,209.2225,331.4344,196.7474
355.2579,158.0412,369.9286,163.5314,352.0884,211.2038,337.4177,205.7136
362.2237,154.8078,378.7909,161.5151,359.6895,208.6963,343.1223,201.9891
360.3008,158.2441,378.5620,165.1620,361.8906,209.1696,343.6294,202.2518
361.2113,157.8143,381.4471,169.1057,359.0035,209.3277,338.7677,198.0363
368.9470,160.3291,381.4460,170.3895,352.5410,206.3010,340.0420,196.2406
363.4008,152.3987,381.7941,168.8426,351.7483,202.4500,333.3550,186.0061
356.5323,153.3026,375.8300,169.0917,350.2021,200.4147,330.9044,184.6256
352.4691,151.3360,371.6269,161.2261,351.7665,199.6969,332.6087,189.8068
346.2224,155.3326,369.8883,165.8462,352.3310,205.3672,328.6651,194.8535
330.0809,153.8037,355.9651,162.4640,341.6309,205.3069,315.7466,196.6466
318.3484,157.9583,351.5126,164.9000,342.4421,208.2346,309.2779,201.2929
317.6280,161.1537,350.0082,167.2099,342.0382,209.8223,309.6580,203.7660
317.8649,161.1900,350.1995,167.4855,341.7383,210.9431,309.4038,204.6477
343.3179,159.1833,359.8734,165.6308,342.5961,209.9945,326.0406,203.5470
352.6210,164.8681,369.0537,173.0746,346.7410,217.7537,330.3083,209.5472
352.6165,175.7455,364.7356,182.4849,342.3220,222.7904,330.2028,216.0510
345.4836,167.5111,363.9624,176.6607,344.3088,216.3536,325.8300,207.2040
324.2538,162.6035,349.1885,168.5054,338.7786,212.4862,313.8439,206.5844
311.5489,158.8477,346.0837,163.3271,340.2725,208.1291,305.7377,203.6496
308.3398,163.2522,343.1380,164.5941,341.3971,209.7378,306.5988,208.3958
319.3500,161.1449,348.2551,165.1187,342.0996,209.8936,313.1945,205.9198
350.7496,162.9671,365.9537,168.3765,348.5696,217.2377,333.3656,211.8283
353.1623,169.6356,365.2111,175.3891,343.7250,220.3848,331.6761,214.6312
341.8145,166.9211,360.4739,175.6585,339.1440,221.2100,320.4846,212.4726
322.9795,172.6623,341.4693,176.4328,331.6825,224.4255,313.1927,220.6550
308.7625,170.4014,329.5933,174.9359,319.1751,222.7955,298.3443,218.2610
289.4102,168.2870,314.7947,176.6660,299.7430,222.2661,274.3585,213.8871
2
0
0
0
0
1
330.1125,161.1367,326.4446,198.0663,270.8581,192.5453,274.5260,155.6157
345.0542,208.5863,302.9602,210.5549,300.6299,160.7262,342.7239,158.7576
335.6843,160.9161,366.4658,182.8849,338.6029,221.9249,307.8214,199.9561
341.5083,161.8955,375.0666,177.2273,353.9144,223.5254,320.3561,208.1936
389.1443,194.0213,360.3167,217.3124,330.3332,180.2015,359.1607,156.9104
384.8861,152.8657,396.2133,188.6671,347.7927,203.9869,336.4655,168.1855
376.4910,148.5328,399.7202,173.4274,362.4870,208.1699,339.2578,183.2753
376.8777,158.9312,398.1039,184.8770,361.9780,214.4315,340.7518,188.4858
375.1131,166.5359,401.9818,167.6345,399.8734,219.1998,373.0047,218.1012
420.0775,218.7481,400.6593,224.5659,387.4399,180.4437,406.8581,174.6259
416.6176,175.8236,428.9271,205.8583,392.2874,220.8747,379.9779,190.8401
427.1519,179.5073,438.3114,206.1712,400.8048,221.8687,389.6453,195.2048
433.0004,236.5013,395.3777,237.8709,393.4211,184.1241,431.0439,182.7545
375.7026,178.6765,420.4169,181.9607,416.4837,235.5098,371.7694,232.2255
362.7392,178.7966,400.0159,181.8113,395.6031,236.3759,358.3264,233.3613
353.9756,185.3468,381.6884,188.0246,375.9854,247.0448,348.2726,244.3670
2
0
0
0
0
1
209.4894,261.2436,166.1761,263.0590,163.3565,195.7852,206.6698,193.9698
214.6054,267.5670,164.7545,269.3623,162.2479,199.7592,212.0988,197.9640
229.0793,269.6642,173.6496,275.1774,166.7486,205.7942,222.1783,200.2810
233.1221,278.5967,193.4448,281.0738,188.8967,208.2253,228.5741,205.7481
273.4246,282.5876,220.8534,286.3653,215.6908,214.5205,268.2620,210.7429
247.0383,216.8396,289.4962,218.3358,286.8917,292.2408,244.4338,290.7445
320.3004,289.2224,279.2019,292.6449,273.0649,218.9492,314.1635,215.5267
366.3283,280.3328,310.2082,294.6296,291.7149,222.0370,347.8351,207.7402
395.7513,241.6088,357.1095,287.0361,302.9387,240.9569,341.5805,195.5296
396.1993,242.7956,357.9711,289.5670,300.2467,242.3864,338.4749,195.6150
368.9034,284.4775,335.8172,291.1260,319.7348,211.0918,352.8210,204.4434
349.0595,281.2019,299.2073,283.9054,295.4868,215.2991,345.3391,212.5957
358.2595,285.7556,315.3215,286.1406,314.6848,215.1211,357.6227,214.7361
365.6335,188.0175,397.2191,199.7118,369.4419,274.7361,337.8564,263.0418
2
0
0
0
0
1
385.4790,206.6818,361.0124,293.4041,261.3315,265.2816,285.7981,178.5593
298.7279,177.2245,379.1894,215.7795,336.9705,303.8873,256.5090,265.3323
323.7886,164.4496,391.0287,231.8682,317.5850,305.1175,250.3448,237.6989
363.7228,183.5891,393.4221,257.6989,298.0338,295.9255,268.3345,221.8158
365.4308,170.6738,404.1556,252.1956,311.3332,296.2885,272.6083,214.7667
397.7775,187.3627,391.7919,276.0162,284.7938,268.7920,290.7794,180.1385
402.5319,188.1258,398.0094,274.2498,292.7409,268.7220,297.2634,182.5981
403.7728,192.5291,390.6270,275.4068,287.5094,259.0507,300.6552,176.1729
396.5971,189.5347,383.1849,274.9795,283.5457,259.3391,296.9580,173.8944
387.2995,183.6006,383.7677,265.7045,285.0338,261.4573,288.5656,179.3534
390.0951,185.8257,371.2335,266.9056,279.1803,245.4913,298.0420,164.4114
385.5851,261.6753,303.6055,285.8322,272.4798,180.2032,354.4595,156.0463
367.8524,253.6824,284.7463,267.1921,268.4117,166.7087,351.5178,153.1990
356.3746,158.9893,358.5665,234.0755,273.8952,236.5472,271.7034,161.4610
357.8085,159.8666,354.4101,227.5738,242.8305,221.9734,246.2289,154.2661
252.4995,148.7307,340.2343,160.3815,331.3966,226.9324,243.6618,215.2816
337.2694,149.9290,341.8357,214.5166,249.9450,221.0131,245.3788,156.4255
307.4912,122.7633,349.6063,181.8976,276.7297,233.7998,234.6146,174.6655
319.0037,129.9939,339.5895,192.2285,242.0957,224.4774,221.5098,162.2428
316.8418,140.2790,320.7122,209.0914,229.8847,214.2001,226.0143,145.3877
356.5929,242.2517,294.1409,252.4205,275.8006,139.7835,338.2526,129.6147
353.4243,238.6476,289.6422,250.5252,270.9833,150.3277,334.7654,138.4501
342.6410,235.0143,281.6823,246.0100,265.8000,157.9612,326.7588,146.9655
361.9601,216.1193,297.3559,254.2538,251.5251,176.6113,316.1292,138.4768
353.1735,236.2480,292.0079,242.9002,282.2471,153.1518,343.4127,146.4996
359.8849,191.6771,311.5293,249.1181,232.2697,182.3949,280.6253,124.9540
420.8500,153.6837,411.2144,204.4271,312.1923,185.6237,321.8279,134.8804
327.7764,134.4486,396.2397,140.2313,387.8555,239.4936,319.3922,233.7109
467.3887,183.3456,411.3098,245.2856,345.5254,185.7261,401.6043,123.7861
442.6561,144.1790,432.3661,210.5821,357.3894,198.9635,367.6794,132.5604
450.6021,128.0744,466.8228,190.0835,375.5158,213.9682,359.2951,151.9591
469.9511,144.0117,472.2775,205.2520,376.3067,208.8977,373.9803,147.6574
451.2388,148.6166,467.4409,203.8346,387.9666,227.1539,371.7645,171.9359
454.7480,176.8120,461.6310,230.1521,375.1283,241.3145,368.2452,187.9744
453.2356,173.9765,456.7879,228.3093,366.6259,234.2041,363.0736,179.8713
464.9803,178.1258,459.9308,233.4260,364.3269,224.6963,369.3765,169.3960
451.7741,174.5836,443.8338,233.6601,355.4486,221.7805,363.3889,162.7040
453.1482,175.0328,444.0138,233.8886,350.0784,219.3100,359.2127,160.4542
456.3820,158.0654,460.0697,226.3070,359.1416,231.7611,355.4538,163.5195
465.7544,171.1211,459.1269,236.8497,359.3588,226.7900,365.9863,161.0614
452.9130,160.9147,454.7936,229.0439,359.7698,231.6668,357.8892,163.5377
446.1359,152.9052,448.5127,224.1521,355.3865,227.2588,353.0096,156.0119
469.4490,160.1855,454.9276,239.4944,347.9265,219.9026,362.4478,140.5937
447.9671,145.2101,472.5390,224.1174,382.7948,252.0638,358.2229,173.1565
474.8615,238.8613,397.2074,258.0908,376.7874,175.6291,454.4414,156.3996
