1
103.2200,178.4600,79.8400,175.1200,84.4000,143.2000,107.7800,146.5400
99.2033,177.9876,79.0996,172.6266,87.8963,139.6390,108.0000,145.0000
95.8276,177.0690,76.5172,168.7931,89.7069,138.0172,109.0172,146.2931
85.6878,172.4435,71.8009,159.8190,96.5068,132.6425,110.3937,145.2670
85.2353,171.9412,72.7421,160.5837,96.5430,134.4027,109.0362,145.7602
85.3692,171.0462,71.8568,159.3763,95.1065,132.4556,108.6189,144.1254
84.6941,171.0235,71.0235,159.3059,95.3765,130.8941,109.0471,142.6118
84.2981,168.5844,71.3110,155.0069,98.5113,128.9892,111.4985,142.5666
83.0000,168.0000,69.0000,154.0000,96.5000,126.5000,110.5000,140.5000
83.4918,167.4098,68.2459,154.7049,93.3279,124.6066,108.5738,137.3115
83.8901,167.4546,65.8068,153.1387,90.8090,121.5571,108.8922,135.8730
83.3171,164.8537,62.8293,148.4634,87.6098,117.4878,108.0976,133.8781
82.1970,165.4150,65.6682,152.4795,91.0328,120.0692,107.5616,133.0047
81.9859,162.6846,64.3517,148.8840,89.4420,116.8242,107.0762,130.6249
97.8800,159.8400,71.1400,156.0200,75.9800,122.1400,102.7200,125.9600
82.9680,158.8240,63.5720,145.3960,86.2880,112.5840,105.6840,126.0120
81.7407,156.2637,61.4179,142.4442,84.6674,108.2538,104.9902,122.0733
82.2904,151.7547,62.1883,138.6446,85.0663,103.5650,105.1684,116.6751
83.8051,149.4909,62.8246,137.7418,82.6224,102.3885,103.6029,114.1376
83.4586,145.1592,63.0000,134.0000,81.9172,99.3185,102.3758,110.4777
83.5875,142.9555,62.8872,131.3116,82.6231,96.2255,103.3234,107.8694
82.7692,139.8461,63.8462,127.2308,87.0769,92.3846,106.0000,105.0000
84.4640,136.5520,65.7440,123.5920,89.3600,89.4800,108.0800,102.4400
84.7600,134.3200,65.8800,120.1600,90.9600,86.7200,109.8400,100.8800
84.3223,130.1718,67.1099,116.5453,93.3490,83.4013,110.5613,97.0277
86.7541,127.2951,69.2459,112.7049,95.6393,81.0328,113.1475,95.6229
88.7954,124.4761,69.7242,108.2656,96.1248,77.2061,115.1959,93.4165
89.5000,121.5000,72.5000,104.5000,101.5000,75.5000,118.5000,92.5000
84.2000,116.6000,76.1000,92.3000,114.8000,79.4000,122.9000,103.7000
91.4711,116.1879,76.7832,96.1590,108.1272,73.1734,122.8150,93.2023
89.1644,115.5119,75.0716,95.0133,107.7082,72.5756,121.8010,93.0743
91.8040,111.8280,77.5840,91.2880,109.6680,69.0760,123.8880,89.6160
93.2439,109.8049,77.3415,89.9268,105.1463,67.6829,121.0488,87.5610
92.9292,107.0620,76.3894,88.1593,103.8584,64.1239,120.3982,83.0266
93.1858,103.2124,77.2655,85.0177,102.1858,63.2124,118.1062,81.4071
92.5154,101.0523,75.9216,83.2732,100.3634,60.4608,116.9572,78.2399
91.6372,98.4425,76.0265,80.6018,100.2389,59.4159,115.8496,77.2566
93.0000,96.0000,76.0000,79.0000,98.5000,56.5000,115.5000,73.5000
88.4923,93.0615,73.5231,73.8154,99.2077,53.8385,114.1769,73.0846
88.0769,90.6154,74.8462,70.7692,100.9231,53.3846,114.1538,73.2308
90.0000,89.0000,74.5000,73.5000,96.0000,52.0000,111.5000,67.5000
89.5000,87.5000,74.5000,72.5000,96.0000,51.0000,111.0000,66.0000
88.0000,87.0000,73.5000,72.5000,96.5000,49.5000,111.0000,64.0000
87.6389,86.5297,72.5321,72.4299,93.4822,49.9834,108.5891,64.0831
79.0000,86.0000,79.0000,57.0000,106.0000,57.0000,106.0000,86.0000
79.0000,87.0000,79.0000,58.0000,106.0000,58.0000,106.0000,87.0000
80.0000,89.0000,80.0000,58.0000,104.0000,58.0000,104.0000,89.0000
80.0000,88.0000,80.0000,60.0000,103.0000,60.0000,103.0000,88.0000
83.2000,85.6000,76.4000,65.2000,100.4000,57.2000,107.2000,77.6000
83.1652,86.5505,77.2477,66.8257,101.9266,59.4220,107.8440,79.1468
87.9779,88.5801,74.1105,76.0994,93.6022,54.4420,107.4696,66.9227
87.7377,90.1148,73.0820,77.9016,92.7541,54.2951,107.4098,66.5082
81.0000,89.0000,81.0000,66.0000,104.0000,66.0000,104.0000,89.0000
80.0000,94.0000,80.0000,66.0000,105.0000,66.0000,105.0000,94.0000
95.0643,103.6917,75.4236,96.0536,88.6542,62.0322,108.2949,69.6702
95.6598,103.5155,75.9897,94.7732,89.9691,63.3196,109.6392,72.0619
101.8000,103.6000,80.5000,96.5000,90.3000,67.1000,111.6000,74.2000
89.8000,103.6000,77.9538,88.3692,104.6769,67.5846,116.5231,82.8154
104.9000,105.3000,83.9000,98.3000,92.8000,71.6000,113.8000,78.6000
111.3647,105.2588,86.5882,103.3529,88.6529,76.5118,113.4294,78.4176
90.6516,105.6346,81.9717,87.1898,111.3966,73.3428,120.0765,91.7875
108.4151,111.5472,86.7547,105.3585,95.3585,75.2453,117.0189,81.4340
110.3028,110.9908,89.5688,104.7706,98.7890,74.0367,119.5229,80.2569
112.8690,108.7481,91.8589,102.1133,101.5466,71.4358,122.5567,78.0705
115.3059,109.6235,92.7529,104.6117,99.4118,74.6470,121.9647,79.6588
100.9044,107.3248,91.9236,90.8599,120.7197,75.1529,129.7006,91.6178
121.0164,107.8197,96.4918,105.5902,98.9508,78.5410,123.4754,80.7705
102.4923,106.8615,93.5692,91.2461,123.1846,74.3231,132.1077,89.9385
100.0000,104.0000,100.0000,81.0000,127.0000,81.0000,127.0000,104.0000
116.5927,109.5341,95.6463,101.8171,105.9073,73.9659,126.8536,81.6829
116.4005,111.2317,95.1033,104.5063,104.1864,75.7431,125.4836,82.4685
115.6897,107.2759,95.0000,99.0000,104.9310,74.1724,125.6207,82.4483
103.2000,110.4000,93.0000,90.0000,120.2000,76.4000,130.4000,96.8000
115.4236,107.0536,95.3968,99.2654,105.3432,73.6890,125.3700,81.4772
116.1046,107.8740,95.7400,99.9544,105.6113,74.5710,125.9759,82.4906
110.5000,106.5000,96.5000,92.5000,115.0000,74.0000,129.0000,88.0000
110.5385,105.3077,95.7231,93.7846,112.2000,72.6000,127.0154,84.1231
111.1074,104.2752,96.2081,93.8456,111.0537,72.6376,125.9530,83.0671
115.4000,104.2000,97.0000,95.0000,108.2000,72.6000,126.6000,81.8000
112.1038,106.6132,95.2076,97.2264,108.8396,72.6887,125.7359,82.0755
111.2941,106.1765,94.8235,96.2941,109.2941,72.1765,125.7647,82.0588
113.0000,106.0000,95.0000,97.0000,107.6000,71.8000,125.6000,80.8000
105.8154,103.4769,94.9385,89.4923,117.7846,71.7231,128.6615,85.7077
109.6800,103.7600,91.4400,90.0800,108.3600,67.5200,126.6000,81.2000
112.7397,106.9726,93.1507,98.0685,105.8562,70.1164,125.4452,79.0205
125.6931,102.2173,99.7241,100.6897,101.2690,74.4276,127.2379,75.9552
115.7000,108.9000,93.8000,101.6000,104.2000,70.4000,126.1000,77.7000
104.4590,104.9508,89.6230,87.1475,115.6885,65.4262,130.5246,83.2295
111.3918,108.6186,92.9278,100.4124,107.1134,68.4948,125.5773,76.7010
114.2160,106.6183,91.9852,97.4645,104.3905,67.3373,126.6213,76.4911
110.4330,110.5258,90.0206,101.4536,104.7423,68.3299,125.1546,77.4021
114.6000,110.2000,92.7000,102.9000,103.8000,69.6000,125.7000,76.9000
118.2941,105.8235,94.0588,99.7647,101.4706,70.1177,125.7059,76.1765
116.2453,108.6415,94.5849,102.4528,103.8679,69.9623,125.5283,76.1510
116.4706,112.1177,93.8823,106.4706,102.8823,70.4706,125.4706,76.1177
116.3090,113.0056,94.2820,107.6888,103.2641,70.4775,125.2910,75.7944
115.7866,113.5373,92.8470,107.5900,102.5463,70.1787,125.4859,76.1260
116.3381,112.0243,95.1569,106.1812,105.0044,70.4840,126.1856,76.3271
117.1765,113.2941,97.4118,108.3530,106.7059,71.1765,126.4706,76.1177
104.0000,110.0000,104.0000,75.0000,127.0000,75.0000,127.0000,110.0000
100.0000,105.0000,100.0000,73.0000,129.0000,73.0000,129.0000,105.0000
122.7308,108.3462,101.0000,104.0000,108.0000,69.0000,129.7308,73.3462
101.6991,106.4867,99.5575,74.3628,129.6903,72.3540,131.8319,104.4779
109.8520,103.5640,97.3240,85.4680,126.3400,65.3800,138.8680,83.4760
109.5000,106.5000,93.5000,90.5000,121.0000,63.0000,137.0000,79.0000
109.6145,109.7930,91.8836,96.0919,116.8228,63.8176,134.5537,77.5188
112.9231,111.6154,96.3077,100.5385,119.0769,66.3846,135.6923,77.4615
119.2453,106.3585,101.2453,96.3585,118.6038,65.1132,136.6038,75.1132
109.2779,107.0594,94.6698,93.4252,121.7055,64.4584,136.3135,78.0926
108.8400,109.8800,94.9200,99.4400,119.5200,66.6400,133.4400,77.0800
120.5172,106.2069,98.7931,97.5172,111.9655,64.5862,133.6897,73.2759
130.3865,100.2189,105.0189,96.2135,110.2243,63.2459,135.5919,67.2514
123.3031,98.7309,103.9915,89.6431,118.3371,59.1586,137.6487,68.2465
123.1443,102.8131,103.8393,94.3672,119.1016,59.4820,138.4066,67.9279
120.2000,106.6000,103.4000,98.2000,120.0000,65.0000,136.8000,73.4000
120.1303,103.9686,102.3730,93.1169,120.6157,63.2652,138.3730,74.1169
123.6000,103.8000,104.4000,94.2000,118.8000,65.4000,138.0000,75.0000
120.8989,105.5618,103.1011,94.4382,119.2247,68.6404,137.0225,79.7640
105.5371,100.5284,92.0262,90.1965,110.4192,66.1441,123.9301,76.4760
103.6700,101.3159,92.6262,85.1185,121.8872,65.1678,132.9309,81.3653
132.6216,106.2703,111.0541,102.6757,116.2162,71.7027,137.7838,75.2973
111.0000,102.0000,111.0000,76.0000,136.0000,76.0000,136.0000,102.0000
106.3919,99.2952,98.4411,87.0633,126.6309,68.7399,134.5817,80.9719
109.5200,102.3600,99.5600,89.0800,125.9600,69.2800,135.9200,82.5600
119.5000,107.5000,102.0000,90.0000,123.0000,69.0000,140.5000,86.5000
115.3624,105.9463,102.4430,87.4899,127.0738,70.2483,139.9933,88.7047
113.8462,106.2308,108.5385,79.6923,132.5769,74.8846,137.8846,101.4231
113.9765,107.5335,109.1544,80.2080,133.3993,75.9295,138.2215,103.2550
98.2197,99.4277,95.4798,81.6185,128.0173,76.6127,130.7572,94.4220
110.1348,105.5843,93.4157,95.1348,108.0787,71.6742,124.7978,82.1236
129.2075,115.7736,110.3208,110.3774,119.1510,79.4717,138.0377,84.8679
117.0076,114.6066,102.2741,101.8376,122.1371,78.9188,136.8706,91.6878
129.0638,116.3054,111.5503,113.2148,117.0772,81.8960,134.5906,84.9866
105.2962,109.2070,99.8185,90.5828,127.8631,82.3344,133.3408,100.9586
131.9862,108.1655,103.6000,105.8000,105.1448,87.2621,133.5310,89.6276
108.9623,110.8679,103.9811,93.4340,130.1321,85.9623,135.1132,103.3962
112.0000,114.0000,103.8000,97.6000,128.6000,85.2000,136.8000,101.6000
110.8793,114.0517,103.7931,97.5173,130.7069,85.9828,137.7931,102.5173
114.7705,116.5246,102.9672,102.3606,125.4918,83.5902,137.2951,97.7541
109.0000,111.0000,109.0000,91.0000,136.0000,91.0000,136.0000,111.0000
108.4528,122.5849,92.6604,113.8113,106.8585,88.2547,122.6509,97.0283
101.7353,122.4412,87.3235,113.7941,100.9118,91.1470,115.3235,99.7941
97.1200,122.1600,82.6000,102.8000,99.8800,89.8400,114.4000,109.2000
102.2069,118.5173,83.9828,110.7069,92.5690,90.6724,110.7931,98.4828
113.8235,118.7059,103.1176,109.5294,122.0353,87.4588,132.7412,96.6353
117.4802,116.3020,105.3366,106.3663,124.2277,83.2772,136.3713,93.2129
118.2000,116.6000,106.1539,107.2308,124.8385,83.2077,136.8846,92.5769
116.5000,110.5000,108.0000,102.0000,128.5000,81.5000,137.0000,90.0000
116.5310,110.9724,107.7034,101.0414,129.8621,81.3448,138.6897,91.2758
120.8562,109.4058,109.8083,99.2077,129.8978,77.4441,140.9457,87.6422
117.8824,106.5294,110.1824,94.4294,134.5118,78.9471,142.2118,91.0471
117.9412,104.7647,113.1177,85.4706,140.1765,78.7059,145.0000,98.0000
124.6481,108.6781,113.3863,90.3777,137.4335,75.5794,148.6953,93.8798
124.0000,107.0000,114.6000,88.2000,138.6000,76.2000,148.0000,95.0000
123.3276,106.4310,115.3621,87.8448,139.9828,77.2931,147.9483,95.8793
122.4483,106.6207,114.7931,87.4828,141.3448,76.8621,149.0000,96.0000
124.0274,103.7397,117.0822,85.2192,141.4110,76.0959,148.3562,94.6164
124.4794,102.9452,117.5342,84.4247,141.5342,75.4247,148.4794,93.9452
124.5862,101.9655,117.4138,84.0345,141.0345,74.5862,148.2069,92.5172
124.8000,101.6000,116.4000,84.8000,140.0000,73.0000,148.4000,89.8000
124.6644,101.2457,115.5571,84.1696,139.3287,71.4913,148.4360,88.5675
125.1484,101.0415,116.0949,84.9466,139.2166,71.9407,148.2700,88.0356
124.8000,100.6000,116.6000,84.2000,139.8000,72.6000,148.0000,89.0000
125.2629,99.2835,118.4072,81.4588,142.1289,72.3351,148.9845,90.1598
126.1856,99.0825,119.3814,81.3917,141.9639,72.7062,148.7681,90.3969
126.5917,98.4201,119.4911,81.3787,142.8521,71.6450,149.9527,88.6864
128.4000,98.8000,120.2000,82.4000,143.0000,71.0000,151.2000,87.4000
128.9080,98.6142,119.9881,82.7567,142.7774,69.9377,151.6973,85.7952
128.9077,98.3385,119.8615,82.5077,142.6923,69.4615,151.7385,85.2923
130.8160,98.2285,121.2819,81.2789,143.8338,68.5935,153.3680,85.5430
130.6000,97.2000,122.2000,80.4000,145.0000,69.0000,153.4000,85.8000
132.2661,97.6824,122.4464,81.7253,145.1545,67.7511,154.9742,83.7082
133.6843,96.9045,123.4138,81.9655,145.6525,66.6764,155.9231,81.6154
136.0488,97.5610,124.4390,83.0488,146.0244,65.7805,157.6341,80.2927
135.6585,96.0732,124.7317,82.4146,146.9268,64.6585,157.8537,78.3171
137.5000,97.5000,125.0000,85.0000,145.0000,65.0000,157.5000,77.5000
136.1763,96.6040,125.3035,81.7775,147.1532,65.7543,158.0260,80.5809
137.2847,96.5812,125.8447,82.5012,147.2282,65.1271,158.6682,79.2071
140.0000,97.0000,127.5000,84.5000,147.0000,65.0000,159.5000,77.5000
140.5000,96.5000,128.5000,84.5000,148.0000,65.0000,160.0000,77.0000
141.1211,96.9963,129.0807,85.6642,148.0459,65.5138,160.0863,76.8459
141.3245,96.5359,130.3660,84.5811,151.6943,65.0302,162.6528,76.9849
143.1022,98.9620,131.1663,87.8219,150.1212,67.5131,162.0570,78.6532
144.0000,98.0000,133.0000,87.0000,152.0000,68.0000,163.0000,79.0000
145.5000,98.5000,134.5000,87.5000,154.0000,68.0000,165.0000,79.0000
147.0000,100.0000,135.5000,88.5000,154.0000,70.0000,165.5000,81.5000
148.0000,102.0000,136.0000,90.0000,155.5000,70.5000,167.5000,82.5000
148.3628,103.5575,136.4071,89.8938,158.0708,70.9381,170.0266,84.6018
145.6200,105.3400,135.4680,90.6760,159.9600,73.7200,170.1120,88.3840
146.1412,104.3647,137.4941,90.7765,162.7294,74.7176,171.3765,88.3059
144.9811,103.5660,138.3302,91.5943,165.4151,76.5472,172.0660,88.5189
144.6035,101.7414,139.5862,90.0345,168.4310,77.6724,173.4483,89.3793
143.7811,104.5193,137.6008,94.4764,167.2274,76.2446,173.4077,86.2876
143.5173,102.7931,138.7586,90.8966,169.6207,78.5517,174.3793,90.4483
141.2941,107.8235,136.0000,99.0000,164.6765,81.7941,169.9706,90.6176
141.0682,111.0071,135.2870,103.8918,158.4023,85.1106,164.1835,92.2259
140.5974,112.0639,133.3514,104.2141,154.8658,84.3546,162.1118,92.2045
139.1036,106.6062,134.0259,97.9016,157.5907,84.1554,162.6684,92.8601
138.8344,108.5787,133.3361,99.6967,159.6721,83.3934,165.1705,92.2754
141.5000,111.5000,133.0000,103.0000,152.0000,84.0000,160.5000,92.5000
137.3989,108.6907,132.0070,100.3954,156.2249,84.6538,161.6169,92.9490
135.4499,108.3075,129.6696,99.4147,154.1336,83.5132,159.9139,92.4060
136.3826,107.8322,128.8658,97.0940,152.8926,80.2752,160.4094,91.0134
133.2108,104.0649,128.4433,95.0595,152.4730,82.3378,157.2406,91.3432
132.8815,101.8917,128.5773,90.7010,154.7783,80.6237,159.0825,91.8144
132.8846,101.4231,130.6538,90.2692,157.9615,84.8077,160.1923,95.9615
2
0
0
0
0
1
129.9180,121.9016,115.9016,105.0820,146.9836,79.1803,161.0000,96.0000
129.0767,121.0831,113.3195,104.0128,142.3099,77.2524,158.0671,94.3227
125.8911,118.0891,112.7921,102.0792,142.6881,77.6188,155.7871,93.6287
125.5000,121.5000,110.5000,106.5000,139.0000,78.0000,154.0000,93.0000
123.5000,119.5000,109.0000,105.0000,137.0000,77.0000,151.5000,91.5000
130.7151,123.8398,108.8754,111.5549,128.2374,77.1335,150.0771,89.4184
125.6400,119.4800,108.0400,106.2800,130.9600,75.7200,148.5600,88.9200
123.3472,120.6479,106.0550,107.8667,130.0379,75.4193,147.3301,88.2005
125.8135,121.8912,107.4715,111.1917,127.8187,76.3109,146.1606,87.0104
126.1988,122.4243,107.6350,111.9822,127.6113,76.4688,146.1751,86.9110
129.1865,123.5022,108.8364,114.1750,125.2970,78.2611,145.6470,87.5882
131.7434,123.8496,109.6655,114.8177,124.4637,78.6442,146.5416,87.6761
127.7354,123.7028,108.9826,113.8330,127.8113,78.0586,146.5640,87.9284
128.3585,120.7547,110.5283,110.8491,128.9245,77.7359,146.7547,87.6415
131.0000,121.0000,112.2000,111.6000,128.8000,78.4000,147.6000,87.8000
132.4000,122.2000,113.2000,112.6000,130.2000,78.6000,149.4000,88.2000
132.9460,120.3243,114.6135,110.6189,132.3216,77.1703,150.6541,86.8757
135.4850,118.6260,116.8435,107.8712,134.8402,76.6770,153.4817,87.4317
136.7512,121.0390,118.4878,112.6097,134.7024,77.4780,152.9659,85.9073
138.7835,120.2371,120.2268,111.9897,136.0206,76.4536,154.5773,84.7010
140.4944,121.2861,120.7252,112.9222,136.3626,75.9611,156.1318,84.3250
141.6000,117.8000,123.2000,108.6000,140.0000,75.0000,158.4000,84.2000
142.3653,119.4722,123.6637,110.4677,140.6737,75.1392,159.3753,84.1437
142.6008,116.5236,123.9099,105.0215,144.3734,71.7682,163.0644,83.2704
142.7970,112.7271,127.2074,100.8057,149.1201,72.1507,164.7096,84.0721
143.7081,116.9742,125.7425,105.9184,147.0987,71.2146,165.0644,82.2704
146.8195,114.6773,128.5755,102.2713,150.6160,69.8589,168.8600,82.2648
146.9341,113.3283,130.0092,101.3399,152.9052,69.0162,169.8300,81.0046
146.7586,114.8966,129.7962,102.0051,155.4828,68.2069,172.4452,81.0984
150.7118,115.4529,134.0823,104.8706,156.1529,70.1882,172.7823,80.7706
152.0358,113.5058,135.7555,101.7840,159.8251,68.3541,176.1054,80.0759
153.3658,112.2927,137.2683,99.4146,163.1219,67.0976,179.2195,79.9756
153.0000,111.0000,138.5000,96.5000,169.5000,65.5000,184.0000,80.0000
155.5545,108.4554,141.8762,91.7376,173.9505,65.4951,187.6287,82.2129
156.6823,106.9294,144.7000,88.1000,177.2470,67.3882,189.2294,86.2176
158.0000,104.0000,147.6000,83.2000,181.6000,66.2000,192.0000,87.0000
159.4431,103.4822,148.7171,83.0053,183.2064,64.9395,193.9324,85.4164
161.8000,100.6000,151.4000,79.8000,185.0000,63.0000,195.4000,83.8000
162.6854,101.3034,150.7213,81.7258,183.6472,61.6045,195.6112,81.1820
161.6805,101.3244,149.7415,82.8732,184.4878,60.3902,196.4268,78.8415
160.5588,100.2647,148.7353,80.5588,187.5588,57.2647,199.3823,76.9706
160.3790,100.2638,148.4724,79.7580,188.2537,56.6591,200.1603,77.1650
161.1373,99.8411,148.0016,79.7920,185.8319,55.0067,198.9676,75.0557
159.3785,98.6830,146.5433,79.0923,184.6148,54.1489,197.4501,73.7396
159.7373,98.3191,146.1837,78.6664,184.0403,52.5584,197.5939,72.2111
161.9793,97.2483,146.8448,79.3621,180.9138,50.5345,196.0483,68.4207
162.0575,96.5623,146.6837,79.9073,179.6198,49.5048,194.9936,66.1597
164.0575,94.5623,148.2620,77.4505,181.1981,47.0479,196.9936,64.1597
165.2636,93.5542,148.8532,76.4873,181.0884,45.4919,197.4988,62.5588
165.3036,92.5157,149.3735,75.9485,182.0684,44.5111,197.9984,61.0784
167.7982,92.5149,151.1828,76.5919,182.9041,43.4914,199.5195,59.4145
170.0000,92.0000,153.3600,79.5200,180.9600,42.7200,197.6000,55.2000
170.4138,89.9655,153.6931,75.8172,183.9241,40.0896,200.6448,54.2379
172.2655,88.9823,155.4160,74.2389,186.2036,39.0531,203.0531,53.7965
175.7769,85.7154,158.3307,72.1461,185.5231,37.1846,202.9692,50.7538
176.2848,82.9534,160.1940,67.5062,190.9284,35.4913,207.0191,50.9384
178.0000,81.0000,162.5000,65.5000,193.0000,35.0000,208.5000,50.5000
179.4527,80.5524,163.6110,66.2195,193.2482,33.4626,209.0898,47.7955
178.5138,81.0381,162.7976,66.1078,193.8318,33.4402,209.5480,48.3706
178.0145,80.5637,162.3509,65.6833,193.9093,32.4639,209.5729,47.3443
179.3554,80.9921,163.2577,65.5943,194.9437,32.4679,211.0414,47.8657
178.9200,81.5600,162.7946,66.1676,195.4184,31.9903,211.5438,47.3827
180.3781,81.0138,164.6209,65.9418,195.8292,33.3149,211.5864,48.3870
178.0811,81.5135,163.1427,65.8638,197.5340,33.0357,212.4724,48.6854
180.0000,81.0000,164.5000,65.5000,196.5000,33.5000,212.0000,49.0000
181.0000,82.0000,165.0000,66.0000,197.5000,33.5000,213.5000,49.5000
181.0000,82.0000,165.0000,66.0000,197.5000,33.5000,213.5000,49.5000
181.1149,81.5982,165.1710,64.9611,197.5330,33.9475,213.4769,50.5846
180.9869,82.5363,165.5767,66.3556,199.0369,34.4887,214.4471,50.6695
180.5866,82.5948,165.5402,66.1155,199.3526,35.2433,214.3990,51.7227
178.6760,82.9774,163.9505,66.0431,199.6017,35.0420,214.3272,51.9763
178.2454,83.4822,163.4769,66.4984,198.7072,35.8633,213.4758,52.8471
177.9240,83.6238,163.3856,66.3161,199.2439,36.1951,213.7824,53.5028
178.9090,82.7964,164.0357,65.0901,199.4953,35.3039,214.3687,53.0103
178.4634,82.8293,163.7317,64.4146,199.5854,35.7317,214.3171,54.1463
178.2528,82.7286,163.4572,63.4944,199.8476,35.5019,214.6431,54.7361
178.2528,83.7286,162.8625,63.7212,199.7361,35.3569,215.1264,55.3643
178.2276,83.7573,164.4987,65.2232,201.1842,38.0487,214.9132,56.5828
176.9990,83.5776,163.9171,65.6760,201.6008,38.1379,214.6827,56.0395
176.1036,84.5899,162.4810,66.1993,200.2905,38.1922,213.9132,56.5828
175.4865,84.0811,162.1081,65.3513,200.9865,37.5811,214.3649,56.3108
175.9835,83.3449,162.8055,64.6183,201.1752,37.6174,214.3532,56.3440
175.3677,82.8576,162.7895,64.3214,201.7450,37.8873,214.3232,56.4236
175.3167,82.6092,162.4077,63.8912,200.8953,37.3481,213.8042,56.0661
175.5270,82.4641,162.3763,63.3956,200.1861,37.3199,213.3368,56.3884
173.2795,83.0583,160.6339,63.7571,199.6464,38.1972,212.2920,57.4983
174.8493,82.9315,161.9081,64.1668,200.6527,37.4464,213.5939,56.2111
173.7018,83.0382,161.4548,62.8667,202.0326,38.2302,214.2796,58.4017
173.4490,82.3844,161.6125,61.9992,203.2031,37.8498,215.0397,58.2350
173.7664,81.5152,162.4240,60.8320,204.2616,37.8888,215.6040,58.5720
170.7448,80.6266,162.7336,55.4484,207.6004,41.1726,215.6116,66.3508
174.1176,81.5294,161.9412,61.2353,202.3824,36.9706,214.5588,57.2647
170.4151,80.4528,163.0566,54.6981,208.4906,41.7170,215.8491,67.4717
173.6350,81.0178,161.5905,59.6053,202.8012,36.4243,214.8457,57.8368
175.4923,79.8615,163.4308,58.7538,203.3846,35.9231,215.4461,57.0308
172.7310,79.5646,162.9345,55.6177,206.5841,37.7611,216.3805,61.7080
173.0099,79.3518,161.1318,57.1794,202.8682,34.8206,214.7463,56.9931
172.2312,79.2574,162.3754,54.0705,206.1131,36.9557,215.9689,62.1426
167.0000,77.0000,167.0000,46.0000,211.0000,46.0000,211.0000,77.0000
168.7647,79.0588,161.7647,51.0588,207.1765,39.7059,214.1765,67.7059
168.9771,78.6525,162.3279,50.3934,207.1967,39.8361,213.8459,68.0951
169.2641,78.9245,161.4528,51.5849,206.2264,38.7924,214.0377,66.1321
168.2636,79.1490,160.5559,51.4011,205.3754,38.9513,213.0831,66.6991
168.4000,77.8000,161.1308,51.1462,205.8923,38.9385,213.1615,65.5923
166.5472,78.5849,161.0679,49.3623,207.3170,40.6906,212.7962,69.9132
165.8846,79.4231,160.0000,50.0000,206.7308,40.6538,212.6154,70.0769
165.9548,79.6012,159.5010,51.2043,205.9646,40.6444,212.4185,69.0413
164.4880,78.8118,159.0000,50.0000,205.5492,41.1335,211.0372,69.9453
164.0000,78.0000,164.0000,47.0000,208.0000,47.0000,208.0000,78.0000
163.0000,79.0000,163.0000,48.0000,207.0000,48.0000,207.0000,79.0000
162.0000,80.0000,162.0000,49.0000,204.0000,49.0000,204.0000,80.0000
162.0000,81.0000,162.0000,50.0000,205.0000,50.0000,205.0000,81.0000
161.0000,82.0000,161.0000,50.0000,203.0000,50.0000,203.0000,82.0000
160.0000,82.0000,160.0000,50.0000,203.0000,50.0000,203.0000,82.0000
158.0000,83.0000,158.0000,52.0000,200.0000,52.0000,200.0000,83.0000
157.6431,84.5754,155.9354,53.8369,198.6369,51.4646,200.3446,82.2031
157.0000,84.0000,157.0000,53.0000,199.0000,53.0000,199.0000,84.0000
155.6793,83.5483,153.9827,54.7069,196.6000,52.2000,198.2966,81.0414
155.4239,86.4788,153.8753,55.5062,194.7232,53.4639,196.2718,84.4364
154.2462,85.4308,152.5908,55.6338,195.6246,53.2431,197.2800,83.0400
155.2545,87.8106,144.8994,62.9586,189.4911,44.3787,199.8462,69.2308
155.0838,88.6027,141.6811,63.2865,185.1000,40.3000,198.5027,65.6162
155.2681,88.2177,140.5186,66.5274,177.6630,41.2691,192.4125,62.9595
154.6000,85.8000,145.3000,57.9000,193.0000,42.0000,202.3000,69.9000
151.8289,83.6671,148.2361,50.4339,195.6282,45.3105,199.2209,78.5437
150.0000,83.0000,150.0000,57.0000,195.0000,57.0000,195.0000,83.0000
150.2705,85.1979,149.5558,60.8954,192.6949,59.6266,193.4097,83.9291
150.0000,85.0000,150.0000,62.0000,194.0000,62.0000,194.0000,85.0000
193.6596,87.2321,149.6395,85.8982,150.3798,61.4661,194.4000,62.8000
150.0000,86.0000,150.0000,61.0000,193.0000,61.0000,193.0000,86.0000
192.0328,88.6393,148.1229,84.6475,150.3279,60.3934,194.2377,64.3852
191.4512,87.9390,147.0000,83.0000,150.1829,54.3537,194.6342,59.2927
190.9426,89.6311,147.0328,85.6393,149.4754,58.7705,193.3852,62.7623
189.9189,90.4865,145.9730,83.1621,150.5405,55.7568,194.4865,63.0811
190.0828,88.0069,146.2207,84.3517,148.3173,59.1931,192.1793,62.8483
189.7540,91.0266,145.3834,83.3764,149.9099,57.1224,194.2806,64.7725
187.9919,89.4503,144.6359,82.4574,148.7282,57.0852,192.0842,64.0781
189.3063,89.5010,144.8185,82.3255,148.9564,56.6704,193.4442,63.8458
188.6154,90.9231,144.5769,82.1154,149.6923,56.5385,193.7307,65.3462
187.9314,89.2393,143.6988,82.3279,147.4738,58.1678,191.7064,65.0791
187.8077,89.9615,143.3846,81.0769,148.3462,56.2692,192.7692,65.1538
186.8829,89.5463,143.4488,80.2390,148.6585,55.9268,192.0927,65.2341
187.3006,89.0462,142.7399,82.1907,146.5549,57.3931,191.1156,64.2486
185.4767,91.3886,142.4067,80.0544,149.0000,55.0000,192.0699,66.3342
186.3888,91.1907,142.6059,80.9747,148.3446,56.3804,192.1275,66.5964
187.0769,91.6154,142.4615,82.6923,147.2692,58.6538,191.8846,67.5769
187.1698,92.8833,142.4085,84.5942,146.9642,59.9934,191.7255,68.2825
188.4529,92.1118,143.1059,88.6235,144.9176,65.0706,190.2647,68.5588
187.9800,94.1400,141.9200,87.5600,145.1800,64.7400,191.2400,71.3200
188.3931,96.2828,142.2966,92.4414,144.3310,68.0276,190.4276,71.8690
188.1586,97.5732,141.8415,92.4268,144.4147,69.2683,190.7317,74.4146
188.0420,99.4248,142.0338,93.4882,145.0594,70.0399,191.0676,75.9765
187.0020,102.3230,141.3571,93.4885,145.8044,70.5105,191.4493,79.3450
