1
256.3127,132.8154,253.4677,92.0371,327.2250,86.8913,330.0699,127.6695
252.0000,135.0000,252.0000,93.0000,328.0000,93.0000,328.0000,135.0000
258.0000,136.0000,258.0000,96.0000,329.0000,96.0000,329.0000,136.0000
259.0000,138.0000,259.0000,99.0000,332.0000,99.0000,332.0000,138.0000
253.0000,140.0000,253.0000,101.0000,343.0000,101.0000,343.0000,140.0000
252.0000,142.0000,252.0000,103.0000,343.0000,103.0000,343.0000,142.0000
264.6302,150.3591,258.6697,111.0198,337.2891,99.1077,343.2496,138.4470
249.0000,145.0000,249.0000,104.0000,337.0000,104.0000,337.0000,145.0000
245.0000,144.0000,245.0000,105.0000,333.0000,105.0000,333.0000,144.0000
244.0000,147.0000,244.0000,104.0000,329.0000,104.0000,329.0000,147.0000
246.0000,148.0000,246.0000,105.0000,326.0000,105.0000,326.0000,148.0000
246.1790,149.8638,243.5486,107.7782,323.1129,102.8054,325.7432,144.8911
253.7696,157.6685,244.4831,117.4270,318.1741,100.4213,327.4606,140.6629
245.1000,149.3000,241.8706,107.3176,320.9412,101.2353,324.1706,143.2177
246.4054,152.4324,239.5676,111.4054,318.5405,98.2432,325.3784,139.2703
254.7989,163.9205,238.3574,125.9785,312.5576,93.8251,328.9991,131.7671
253.9221,164.1208,236.9905,125.1781,309.9396,93.4610,326.8712,132.4038
244.8824,152.5294,235.5294,115.1177,312.9412,95.7647,322.2942,133.1765
244.6349,148.6307,235.3735,113.9004,312.5519,93.3195,321.8133,128.0498
255.8000,163.6000,236.2000,124.4000,307.4001,88.8000,327.0000,128.0000
263.8931,161.3307,241.1287,125.2871,302.8317,86.3168,325.5960,122.3604
263.6923,155.4615,243.1385,119.4923,302.0462,85.8308,322.6000,121.8000
254.0000,157.0000,235.4000,119.8000,302.6000,86.2000,321.2000,123.4000
256.6000,154.2000,237.6000,116.2000,299.2000,85.4000,318.2000,123.4000
237.3175,136.9856,235.3650,94.0289,306.3546,90.8021,308.3072,133.7588
245.0000,137.0000,245.0000,92.0000,305.0000,92.0000,305.0000,137.0000
301.2390,136.4159,242.1682,132.4779,245.2522,86.2168,304.3231,90.1549
295.2014,137.8591,240.3222,128.1745,248.6175,81.1678,303.4966,90.8524
296.7561,134.1951,241.0000,128.0000,246.1219,81.9024,301.8781,88.0975
294.1147,133.7377,239.4754,128.7705,243.7213,82.0656,298.3607,87.0328
239.0000,130.0000,239.0000,84.0000,294.0000,84.0000,294.0000,130.0000
237.0000,129.0000,237.0000,83.0000,293.0000,83.0000,293.0000,129.0000
236.0000,127.0000,236.0000,81.0000,289.0000,81.0000,289.0000,127.0000
234.0000,127.0000,234.0000,79.0000,287.0000,79.0000,287.0000,127.0000
230.5846,129.6166,228.5831,79.5767,284.2540,77.3498,286.2556,127.3898
227.0000,128.0000,227.0000,80.0000,283.0000,80.0000,283.0000,128.0000
225.7970,132.1574,222.1624,81.2741,281.1472,77.0609,284.7817,127.9442
227.5766,134.6642,222.0978,87.1810,279.0321,80.6117,284.5109,128.0949
227.3354,135.4641,222.2283,87.7970,278.2283,81.7970,283.3354,129.4641
224.0000,135.0000,224.0000,84.0000,279.0000,84.0000,279.0000,135.0000
226.7690,139.8250,219.8705,89.8110,276.4831,82.0023,283.3816,132.0164
255.8763,154.7216,224.7855,129.1175,264.3608,81.0619,295.4515,106.6660
251.0000,154.0000,221.5000,124.5000,265.5000,80.5000,295.0000,110.0000
252.3585,153.9523,222.4846,127.2231,265.6646,78.9631,295.5385,105.6923
256.6923,155.4615,223.9231,133.6154,260.3846,78.9230,293.1538,100.7692
275.8621,149.6552,236.3862,146.3655,241.6690,82.9724,281.1448,86.2621
240.0000,146.0000,240.0000,80.0000,279.0000,80.0000,279.0000,146.0000
241.0000,140.0000,241.0000,80.0000,280.0000,80.0000,280.0000,140.0000
244.4642,142.3193,242.5844,80.2853,279.1871,79.1761,281.0670,141.2101
245.8279,140.1066,240.5410,81.9508,277.5082,78.5902,282.7951,136.7459
243.0000,137.0000,243.0000,82.0000,280.0000,82.0000,280.0000,137.0000
241.0000,138.0000,241.0000,81.0000,280.0000,81.0000,280.0000,138.0000
241.0000,138.0000,241.0000,82.0000,282.0000,82.0000,282.0000,138.0000
241.0000,138.0000,241.0000,83.0000,281.0000,83.0000,281.0000,138.0000
276.3861,144.1386,237.2772,140.2277,243.3169,79.8317,282.4258,83.7426
249.4706,142.8824,235.5882,87.3529,275.8235,77.2941,289.7059,132.8235
243.3539,142.8308,236.1231,84.9846,278.8307,79.6461,286.0615,137.4923
272.6566,144.4981,233.0490,137.0717,243.9849,78.7472,283.5924,86.1736
250.6514,144.5046,234.9358,92.1193,276.2202,79.7339,291.9358,132.1193
251.0888,144.9198,236.5472,92.5702,277.4470,81.2092,291.9885,133.5587
252.7777,147.8179,236.1652,93.4495,277.3734,80.8582,293.9859,135.2265
253.1783,146.0064,237.9713,94.3025,278.2515,82.4554,293.4586,134.1592
252.9440,146.9334,239.9637,92.8487,278.8442,83.5174,291.8245,137.6021
254.0987,146.7357,239.4650,96.9809,278.2834,85.5637,292.9172,135.3185
253.5334,145.3252,241.5229,95.7823,279.5602,86.5611,291.5707,136.1041
250.1672,145.0599,244.1672,95.0599,285.8865,90.0536,291.8865,140.0536
271.5862,152.0345,242.4483,140.3793,263.0689,88.8276,292.2069,100.4828
250.7692,146.8462,241.2308,99.1539,284.3077,90.5385,293.8462,138.2308
255.6000,146.2000,235.4000,105.8000,275.0000,86.0000,295.2000,126.4000
260.5000,148.5000,236.5000,124.5000,271.0000,90.0000,295.0000,114.0000
263.1149,150.5627,237.5616,132.1644,267.7007,90.3045,293.2540,108.7029
254.6000,147.8000,240.1000,104.3000,278.8000,91.4000,293.3000,134.9000
261.3864,149.0670,238.2326,127.0710,271.1393,92.4323,294.2930,114.4284
262.5945,150.1479,239.4082,131.3781,271.0096,92.3411,294.1959,111.1110
252.1923,147.9615,243.3077,103.5385,282.7308,95.6538,291.6154,140.0769
250.2007,146.5390,244.3903,101.9926,282.7806,96.9851,288.5911,141.5316
247.0000,145.0000,247.0000,98.0000,283.0000,98.0000,283.0000,145.0000
249.4460,146.8243,242.4487,102.5081,280.5000,96.5000,287.4973,140.8162
243.4462,145.0308,240.9200,99.5600,284.2308,97.1538,286.7570,142.6246
243.3701,144.0332,241.0276,99.5249,281.2320,97.4088,283.5746,141.9171
244.8932,144.4849,240.3507,101.3315,280.2767,97.1288,284.8192,140.2822
246.7027,145.2162,239.6216,102.7297,280.3243,95.9459,287.4054,138.4324
251.8368,146.9156,238.3752,104.6079,277.8762,92.0394,291.3377,134.3471
245.8515,144.5149,241.5049,101.0495,281.3069,97.0693,285.6534,140.5347
252.0000,147.0000,237.8000,104.4000,277.1000,91.3000,291.3000,133.9000
248.3440,146.3920,240.2640,101.9520,280.5680,94.6240,288.6480,139.0640
248.9933,146.2953,241.0806,101.4564,281.1275,94.3893,289.0403,139.2282
251.2180,145.2463,242.1331,101.6389,282.1464,93.3028,291.2313,136.9102
247.0000,143.0000,247.0000,96.0000,287.0000,96.0000,287.0000,143.0000
251.7736,143.7925,249.6529,95.0151,286.4529,93.4151,288.5736,142.1924
254.0000,145.0000,242.7436,102.2254,282.7125,91.7073,293.9689,134.4819
250.0000,141.0000,250.0000,95.0000,287.0000,95.0000,287.0000,141.0000
253.9202,144.4040,251.4539,95.0773,286.7656,93.3117,289.2319,142.6384
271.2516,148.9219,245.4512,135.3427,270.6573,87.4512,296.4577,101.0304
259.4000,144.8000,241.8000,109.6000,280.2000,90.4000,297.8000,125.6000
275.1893,149.7456,244.4438,136.9349,264.6805,88.3669,295.4260,101.1775
279.5923,149.1615,246.8462,140.2308,261.1538,87.7692,293.9000,96.7000
272.4634,150.1707,244.7446,137.4663,268.3702,85.9197,296.0890,98.6241
282.0694,147.5491,248.1792,142.3353,256.2948,89.5838,290.1849,94.7977
253.7390,145.6224,249.3874,94.8525,287.6208,91.5754,291.9724,142.3452
254.0000,144.0000,254.0000,91.0000,288.0000,91.0000,288.0000,144.0000
278.6014,147.8755,248.5943,138.4982,266.5302,81.1032,296.5374,90.4804
286.9180,143.9016,253.5574,140.8689,258.9426,81.6311,292.3033,84.6639
255.0000,144.0000,255.0000,84.0000,292.0000,84.0000,292.0000,144.0000
258.3117,140.3007,244.9683,90.7393,285.8869,79.7228,299.2303,129.2841
252.5614,140.7284,243.5266,88.7780,279.3981,82.5395,288.4330,134.4899
262.8000,142.6000,240.4000,97.8000,279.2000,78.4000,301.6000,123.2000
265.2357,145.4013,237.3121,105.2611,275.8115,78.4790,303.7350,118.6191
266.2446,143.1660,236.4695,104.2293,271.0634,77.7751,300.8385,116.7118
258.1765,149.7059,231.1235,107.1941,269.1059,83.0235,296.1588,125.5353
257.6741,150.0787,230.9326,107.2921,269.1348,83.4157,295.8764,126.2023
254.6569,148.3065,235.9708,96.9197,271.5402,83.9854,290.2263,135.3723
257.4753,148.3788,236.6941,99.0235,271.7435,84.2659,292.5247,133.6212
254.7028,146.7255,239.3930,98.2443,274.4736,87.1663,289.7834,135.6474
250.5154,146.2231,237.5231,98.5846,277.8846,87.5770,290.8769,135.2154
238.6400,141.5200,236.0892,95.6062,281.8369,93.0646,284.3877,138.9785
243.0276,142.3311,238.6759,90.1104,282.9518,86.4207,287.3035,138.6414
246.4000,152.8000,223.0000,106.0000,265.4000,84.8000,288.8000,131.6000
236.9964,149.6531,224.2637,100.8442,273.9274,87.8885,286.6602,136.6973
243.9882,149.4471,232.5294,97.8823,276.7883,88.0470,288.2471,139.6118
239.3655,148.3862,234.9379,95.2552,280.9517,91.4207,285.3793,144.5517
241.0270,151.1622,232.4324,99.5946,278.0000,92.0000,286.5946,143.5676
281.6819,148.8142,233.2532,147.3898,234.7908,95.1115,283.2195,96.5359
234.0000,145.0000,234.0000,95.0000,283.0000,95.0000,283.0000,145.0000
232.0000,144.0000,232.0000,97.0000,285.0000,97.0000,285.0000,144.0000
284.1923,147.0385,226.5000,135.5000,235.3077,91.4615,293.0000,103.0000
284.8892,144.3281,227.8756,141.6131,230.0973,94.9570,287.1109,97.6720
226.0000,143.0000,226.0000,97.0000,282.0000,97.0000,282.0000,143.0000
283.7315,144.2957,223.7160,140.5448,226.5253,95.5953,286.5408,99.3463
280.9636,144.1279,222.2505,142.2339,223.7318,96.3139,282.4449,98.2079
220.1783,149.5497,215.9419,100.8312,277.3040,95.4953,281.5403,144.2139
277.7415,146.7208,218.5982,144.4461,220.3781,98.1684,279.5214,100.4431
271.5398,149.9027,216.3186,146.2213,219.3275,101.0885,274.5487,104.7699
217.0000,152.0000,217.0000,101.0000,273.0000,101.0000,273.0000,152.0000
264.4880,162.1840,208.3088,145.7984,221.2224,101.5232,277.4016,117.9088
216.5385,153.3077,210.7385,106.9077,265.5077,100.0616,271.3077,146.4615
211.0000,149.0000,211.0000,103.0000,271.0000,103.0000,271.0000,149.0000
210.0000,149.0000,210.0000,103.0000,265.0000,103.0000,265.0000,149.0000
208.1492,149.8343,205.7403,104.0663,262.1105,101.0994,264.5193,146.8674
204.0000,149.0000,204.0000,104.0000,260.0000,104.0000,260.0000,149.0000
201.0000,151.0000,201.0000,104.0000,258.0000,104.0000,258.0000,151.0000
200.4825,151.7198,197.5292,104.4669,254.1829,100.9261,257.1362,148.1790
199.4586,150.7127,197.0636,105.2072,253.5387,102.2348,255.9337,147.7403
199.4903,151.8444,196.5837,105.3385,251.8677,101.8833,254.7743,148.3891
198.4923,152.1385,195.2852,105.6355,251.6379,101.7491,254.8450,148.2521
197.5310,151.9646,194.4336,105.5044,252.6416,101.6239,255.7389,148.0841
198.3000,155.1000,191.3600,106.5200,249.3200,98.2400,256.2600,146.8200
197.4025,155.6220,191.9390,106.4512,250.7683,99.9146,256.2318,149.0854
192.0000,153.0000,192.0000,106.0000,255.0000,106.0000,255.0000,153.0000
191.0000,153.0000,191.0000,107.0000,253.0000,107.0000,253.0000,153.0000
193.3115,155.4263,189.1803,109.9836,249.0492,104.5410,253.1803,149.9836
192.6640,160.3033,188.2623,111.8853,249.8443,106.2869,254.2459,154.7049
189.0000,159.0000,189.0000,110.0000,245.0000,110.0000,245.0000,159.0000
188.0000,159.0000,188.0000,112.0000,242.0000,112.0000,242.0000,159.0000
193.0320,162.1760,184.3280,114.3040,239.7680,104.2240,248.4720,152.0960
184.0000,158.0000,184.0000,111.0000,240.0000,111.0000,240.0000,158.0000
194.6160,164.2177,180.6046,113.7765,230.4269,99.9370,244.4384,150.3782
189.5201,164.6141,180.7114,114.6980,232.3960,105.5772,241.2047,155.4933
188.2920,167.6544,179.0403,115.2282,232.1510,105.8557,241.4027,158.2819
185.7683,166.9146,179.8171,113.3537,232.5000,107.5000,238.4512,161.0610
191.0984,168.9180,178.1410,113.8492,225.3508,102.7410,238.3082,157.8098
183.6459,166.3346,180.1673,110.6770,233.5214,107.3424,237.0000,163.0000
188.1888,167.9298,179.1716,111.5725,231.3947,103.2168,240.4119,159.5741
188.1139,167.4618,179.0655,110.9095,227.8175,103.1092,236.8658,159.6615
209.1383,181.6225,165.1330,123.5356,200.2701,96.9166,244.2754,155.0035
210.4380,180.6145,165.6224,121.3939,198.5151,96.5021,243.3307,155.7227
208.4401,184.0660,161.9083,121.1112,196.9988,95.1748,243.5306,158.1296
205.0246,181.3920,163.1925,114.9528,199.4224,92.1414,241.2544,158.5806
212.2195,178.9756,160.5666,117.4840,191.1013,91.8349,242.7542,153.3264
209.2154,178.2769,160.1077,115.1385,191.1231,91.0154,240.2308,154.1538
195.0267,177.4146,159.3060,109.2206,199.1761,88.3363,234.8968,156.5302
194.4968,174.9108,157.2739,106.6688,195.5287,85.8025,232.7516,154.0446
197.7258,173.3646,155.9012,109.1341,191.5359,85.9301,233.3604,150.1606
196.0130,171.1619,153.0532,108.2564,188.1984,84.2548,231.1582,147.1602
225.7425,150.0815,159.8133,134.3841,170.4141,89.8605,236.3433,105.5579
223.6491,146.8717,160.6755,135.0641,169.3132,88.9962,232.2868,100.8038
165.0000,141.0000,165.0000,90.0000,220.0000,90.0000,220.0000,141.0000
164.0000,143.0000,164.0000,90.0000,220.0000,90.0000,220.0000,143.0000
216.6055,148.0950,154.1702,123.5669,169.8619,83.6243,232.2972,108.1525
212.7786,149.1613,152.6023,118.0356,170.6698,83.1051,230.8462,114.2308
204.0000,153.0000,154.0000,103.0000,177.5000,79.5000,227.5000,129.5000
208.0608,152.2742,152.0220,108.9715,174.5201,79.8564,230.5588,123.1591
184.4000,155.8000,153.4000,93.8000,185.0000,78.0000,216.0000,140.0000
203.1152,150.5502,150.1970,109.8439,173.1710,79.9777,226.0892,120.6840
189.8824,157.5294,151.7118,97.5470,179.4706,79.8823,217.6412,139.8647
177.1359,160.0177,149.2503,96.0447,185.0398,80.4442,212.9254,144.4171
180.1675,159.3614,150.7928,95.9741,183.6210,80.7610,212.9956,144.1484
177.7083,158.2804,151.9429,94.7258,185.1826,81.2503,210.9480,144.8049
192.7839,159.2684,146.1948,109.3515,174.9477,82.5155,221.5368,132.4323
195.2041,155.1093,146.4474,114.9567,172.8309,82.9196,221.5876,123.0722
194.4027,152.2819,147.2215,119.2551,172.4027,83.2819,219.5839,116.3087
191.8400,153.8800,145.6000,119.2000,172.7200,83.0400,218.9600,117.7200
192.4045,152.7528,146.2023,123.8764,171.3708,83.6068,217.5730,112.4832
156.6754,150.3705,143.3902,93.9082,198.0688,81.0426,211.3541,137.5049
156.7536,151.6882,141.3145,94.5636,197.2301,79.4513,212.6692,136.5759
189.3025,153.1548,144.3880,121.4503,172.2679,81.9538,217.1824,113.6582
158.5184,151.4205,140.6359,96.1472,194.9507,78.5748,212.8332,133.8481
148.0929,141.3938,144.5885,88.8274,195.6947,85.4204,199.1991,137.9867
188.5373,155.7866,142.7815,128.8715,169.6967,83.1157,215.4525,110.0308
193.9075,143.3308,147.4156,142.0393,148.9391,87.1928,195.4310,88.4842
153.0506,147.8093,149.3385,88.4163,195.8444,85.5097,199.5564,144.9027
181.0000,156.0000,141.0000,116.0000,176.0000,81.0000,216.0000,121.0000
171.8646,153.5153,139.2795,110.9039,181.1485,78.8865,213.7336,121.4978
154.1379,148.3448,135.7241,102.3103,188.3103,81.2758,206.7241,127.3103
174.4000,147.2000,142.4000,131.2000,166.0000,84.0000,198.0000,100.0000
195.1918,144.1781,147.3014,139.1370,152.8466,86.4575,200.7370,91.4986
150.0000,144.0000,150.0000,89.0000,196.0000,89.0000,196.0000,144.0000
147.0000,143.0000,147.0000,89.0000,193.0000,89.0000,193.0000,143.0000
149.0000,144.0000,149.0000,89.0000,193.0000,89.0000,193.0000,144.0000
184.9231,147.3846,146.4615,139.6923,157.2692,85.6539,195.7307,93.3462
179.6000,151.8000,144.8000,134.4000,169.2000,85.6000,204.0000,103.0000
180.8000,151.4000,146.4000,134.2000,170.4000,86.2000,204.8000,103.4000
184.2969,149.7994,148.3530,142.8425,159.3540,86.0040,195.2979,92.9609
181.6711,150.1197,144.7399,138.2064,161.9501,84.8549,198.8812,96.7682
158.5687,152.3884,145.2747,96.5536,187.8155,86.4249,201.1095,142.2596
155.8294,149.7823,151.2765,90.5941,190.8118,87.5529,195.3647,146.7412
166.1724,152.9310,145.0000,100.0000,184.6552,84.1379,205.8276,137.0690
180.6017,150.4938,136.9087,138.8423,151.9793,82.3278,195.6722,93.9793
181.4104,148.5019,140.8121,141.2522,150.9604,84.4215,191.5587,91.6712
149.4420,149.3978,146.3950,91.5055,186.2320,89.4088,189.2790,147.3011
148.0000,147.0000,148.0000,90.0000,190.0000,90.0000,190.0000,147.0000
181.9960,149.3541,139.4293,141.1153,150.4724,84.0592,193.0391,92.2979
180.3384,149.0923,136.4231,137.1154,151.3307,82.4539,195.2461,94.4308
158.5000,153.5000,140.9000,100.7000,184.1000,86.3000,201.7000,139.1000
171.3416,154.0842,138.3267,113.7327,174.6485,84.0149,207.6634,124.3664
181.2435,150.1232,142.6647,139.4069,158.0802,83.9112,196.6590,94.6275
179.5077,150.1385,141.1769,139.6846,156.5923,83.1615,194.9231,93.6154
178.1132,149.6038,137.4340,137.9811,153.4340,81.9811,194.1132,93.6038
177.6015,148.8449,135.9609,136.5069,152.3745,81.1110,194.0151,93.4489
174.7697,150.1267,135.4990,138.7255,151.9616,82.0211,191.2322,93.4223
145.0000,149.0000,145.0000,89.0000,187.0000,89.0000,187.0000,149.0000
151.5680,150.8316,143.6085,92.4625,185.2434,86.7850,193.2029,145.1542
160.9231,152.6154,133.9692,105.4462,175.2154,81.8770,202.1693,129.0462
162.8000,152.4000,136.4000,106.2000,176.1385,83.4923,202.5385,129.6923
162.0069,152.8151,138.3425,100.7534,179.6301,81.9863,203.2945,134.0479
162.4602,151.4879,136.2733,102.3875,176.1868,81.1003,202.3737,130.2007
157.1177,152.4706,142.6471,94.5882,184.2941,84.1765,198.7647,142.0588
168.8000,150.4000,132.8000,132.4000,159.6000,78.8000,195.6000,96.8000
169.2414,148.8965,133.5517,134.6207,155.8276,78.9310,191.5172,93.2069
169.8712,146.3351,134.0206,132.5464,154.4845,79.3402,190.3351,93.1289
174.6413,147.5943,140.0428,139.8096,153.1814,81.4158,187.7799,89.2005
148.0000,145.0000,148.0000,87.0000,185.0000,87.0000,185.0000,145.0000
146.0000,144.0000,146.0000,88.0000,186.0000,88.0000,186.0000,144.0000
147.0000,144.0000,147.0000,87.0000,186.0000,87.0000,186.0000,144.0000
147.0000,143.0000,147.0000,88.0000,187.0000,88.0000,187.0000,143.0000
146.0000,144.0000,146.0000,89.0000,189.0000,89.0000,189.0000,144.0000
174.5939,147.4900,134.4596,128.8562,159.0000,76.0000,199.1343,94.6338
173.3263,146.6795,134.5931,125.3762,162.1248,75.3186,200.8580,96.6219
174.8000,146.4000,135.6000,126.8000,162.4000,73.2000,201.6000,92.8000
166.2888,146.8955,132.7910,118.4224,172.9840,71.1364,206.4819,99.6096
159.4435,145.3100,131.6286,113.3229,178.8418,72.2680,206.6566,104.2551
152.1834,138.9398,131.6590,102.6275,185.4026,72.2507,205.9269,108.5630
155.1107,141.6275,129.3013,106.8410,180.8571,68.5900,206.6664,103.3765
153.6760,140.3264,129.0281,106.9792,179.8081,69.4462,204.4560,102.7934
156.2478,143.2832,128.8053,111.9204,179.4248,67.6283,206.8673,98.9912
142.0000,131.0000,142.0000,86.0000,199.0000,86.0000,199.0000,131.0000
141.0000,130.0000,141.0000,86.0000,198.0000,86.0000,198.0000,130.0000
143.6783,133.5064,132.3089,94.8503,192.6210,77.1115,203.9904,115.7675
142.9887,130.6180,134.2079,92.5674,195.3371,78.4607,204.1180,116.5112
141.0000,126.0000,141.0000,84.0000,199.0000,84.0000,199.0000,126.0000
140.7927,126.1342,136.3659,86.2927,197.7195,79.4756,202.1463,119.3171
140.0000,123.0000,140.0000,83.0000,199.0000,83.0000,199.0000,123.0000
140.3367,123.7332,138.3367,83.7332,198.5362,80.7232,200.5362,120.7232
198.7834,122.1993,138.8458,119.7019,140.4818,80.4367,200.4194,82.9341
140.0000,121.0000,140.0000,82.0000,200.0000,82.0000,200.0000,121.0000
140.0000,122.0000,140.0000,83.0000,200.0000,83.0000,200.0000,122.0000
199.0027,121.9260,140.7123,119.7671,142.1576,80.7466,200.4480,82.9055
142.0421,123.3952,133.9297,90.0441,196.5490,74.8124,204.6614,108.1635
141.0000,119.0000,141.0000,81.0000,200.0000,81.0000,200.0000,119.0000
141.0000,119.0000,141.0000,79.0000,200.0000,79.0000,200.0000,119.0000
142.0000,119.0000,142.0000,80.0000,200.0000,80.0000,200.0000,119.0000
146.0000,118.0000,146.0000,80.0000,200.0000,80.0000,200.0000,118.0000
146.0000,121.0000,146.0000,79.0000,200.0000,79.0000,200.0000,121.0000
195.7400,124.8200,141.8400,117.1200,147.9800,74.1400,201.8800,81.8400
196.2639,124.6431,140.1747,117.3271,145.7676,74.4480,201.8569,81.7640
192.0589,126.7647,137.9412,113.2353,148.9412,69.2353,203.0589,82.7647
198.2257,124.3891,136.7782,120.5486,139.4592,77.6537,200.9066,81.4942
194.7600,126.6800,137.6400,118.5200,143.9400,74.4200,201.0600,82.5800
195.2805,126.8564,136.7866,118.1906,143.2134,74.8094,201.7074,83.4752
194.8499,126.4341,135.7667,118.3773,141.7911,74.1988,200.8743,82.2556
195.3956,126.2380,135.1212,119.2832,140.2452,74.8744,200.5197,81.8292
136.0000,125.0000,136.0000,80.0000,199.0000,80.0000,199.0000,125.0000
196.4236,127.6791,134.0583,119.0770,140.1867,74.6464,202.5519,83.2485
136.0000,126.0000,136.0000,80.0000,198.0000,80.0000,198.0000,126.0000
195.9476,128.3930,134.1136,120.1485,140.1223,75.0830,201.9563,83.3275
196.9448,127.6621,134.5448,122.4621,138.3448,76.8621,200.7448,82.0621
194.6581,129.1495,133.0389,121.1986,139.1310,73.9846,200.7503,81.9355
196.3267,128.7327,134.5445,122.5544,139.1782,76.2178,200.9604,82.3960
196.7876,128.1859,134.5974,124.0398,137.7080,77.3806,199.8982,81.5266
195.9339,128.0584,133.6770,124.1673,136.5992,77.4125,198.8560,81.3035
196.2808,127.5760,133.7836,125.4928,135.3141,79.5771,197.8113,81.6604
196.3056,128.5260,135.7879,126.5738,137.3004,79.6871,197.8181,81.6393
194.4517,131.3207,137.4138,127.9655,140.2483,79.7793,197.2862,83.1345
179.5171,141.5463,133.1610,120.1512,155.7268,71.2585,202.0829,92.6537
138.0000,129.0000,138.0000,81.0000,196.0000,81.0000,196.0000,129.0000
177.4000,144.2000,133.0000,122.0000,157.6000,72.8000,202.0000,95.0000
140.0000,131.0000,140.0000,82.0000,194.0000,82.0000,194.0000,131.0000
141.0000,132.0000,141.0000,83.0000,195.0000,83.0000,195.0000,132.0000
141.0000,130.0000,141.0000,82.0000,195.0000,82.0000,195.0000,130.0000
145.5294,137.1177,134.4118,92.6471,190.4118,78.6471,201.5294,123.1177
142.0000,132.0000,142.0000,83.0000,195.0000,83.0000,195.0000,132.0000
141.0000,132.0000,141.0000,83.0000,195.0000,83.0000,195.0000,132.0000
142.0000,132.0000,142.0000,83.0000,194.0000,83.0000,194.0000,132.0000
189.9128,137.1611,141.0235,128.5336,149.8222,78.6745,198.7114,87.3020
192.4754,135.7705,141.2623,131.1148,145.8115,81.0738,197.0246,85.7295
142.0000,133.0000,142.0000,85.0000,196.0000,85.0000,196.0000,133.0000
186.4481,138.3195,139.9544,125.9212,152.7842,77.8091,199.2780,90.2075
183.3000,140.1000,139.2000,125.4000,155.4000,76.8000,199.5000,91.5000
144.0000,131.0000,144.0000,84.0000,194.0000,84.0000,194.0000,131.0000
145.1509,136.5283,133.5660,95.9811,189.0377,80.1321,200.6226,120.6792
193.2377,136.3853,142.4754,131.7705,146.9836,82.1804,197.7459,86.7951
145.8045,136.9291,133.5605,96.6990,191.1799,79.1626,203.4239,119.3928
135.4270,131.2256,134.2623,86.9668,196.7190,85.3232,197.8837,129.5820
136.0000,133.0000,136.0000,87.0000,199.0000,87.0000,199.0000,133.0000
136.5967,136.3370,134.1547,89.9392,199.2375,86.5138,201.6795,132.9116
139.0462,141.3006,131.8786,94.7110,197.6301,84.5954,204.7977,131.1850
140.0379,140.2725,133.5996,93.9167,199.6041,84.7494,206.0424,131.1052
142.0340,137.2587,136.2342,93.1797,201.7059,84.5650,207.5058,128.6440
139.0000,133.0000,139.0000,89.0000,206.0000,89.0000,206.0000,133.0000
139.7761,136.7289,133.7793,93.7517,204.0621,83.9448,210.0589,126.9220
139.2682,136.9331,132.5632,95.7455,205.0833,83.9399,211.7882,125.1275
136.2933,136.9029,132.2161,93.0729,207.9560,86.0274,212.0332,129.8574
135.8711,135.6465,133.1240,92.6091,208.9004,87.7723,211.6474,130.8098
210.7921,133.0792,135.5446,125.5545,139.5247,85.7525,214.7723,93.2772
139.0605,134.6512,133.2938,96.4462,210.3495,84.8152,216.1162,123.0202
141.0000,125.0000,141.0000,90.0000,215.0000,90.0000,215.0000,125.0000
143.0000,126.0000,143.0000,91.0000,215.0000,91.0000,215.0000,126.0000
142.3802,126.5048,141.0224,92.5591,216.3019,89.5479,217.6597,123.4936
217.1181,129.0789,143.3911,125.4825,145.2748,86.8671,219.0018,90.4635
144.0000,128.0000,144.0000,89.0000,220.0000,89.0000,220.0000,128.0000
144.0000,126.0000,144.0000,88.0000,221.0000,88.0000,221.0000,126.0000
147.0000,126.0000,147.0000,89.0000,222.0000,89.0000,222.0000,126.0000
219.6398,129.4715,155.9692,121.7538,160.5086,84.3041,224.1792,92.0217
158.0000,127.0000,158.0000,87.0000,223.0000,87.0000,223.0000,127.0000
224.6247,125.5142,148.7321,123.7894,149.5922,85.9453,225.4848,87.6701
225.6189,123.6248,147.7872,121.7265,148.6873,84.8216,226.5190,86.7200
227.6189,123.6248,152.7366,121.7984,153.6605,83.9185,228.5428,85.7449
228.1895,124.6179,154.3396,119.4656,156.9682,81.7885,230.8181,86.9408
230.7081,121.5514,153.7962,119.7627,154.6081,84.8513,231.5200,86.6400
230.3911,127.6031,157.5568,118.3051,162.3915,80.4330,235.2258,89.7310
230.3979,129.1259,165.6732,117.2029,172.8795,78.0830,237.6042,90.0060
230.8753,130.4048,160.1554,116.9344,167.8490,76.5427,238.5689,90.0131
227.0668,133.2108,174.0000,116.0000,186.6266,77.0681,239.6933,94.2789
230.0917,129.4699,177.3295,114.8138,187.6161,77.7822,240.3782,92.4384
227.7884,129.7040,180.2951,106.7234,195.2192,75.8803,242.7125,98.8609
230.4944,127.7485,176.1507,113.5156,185.6976,77.0636,240.0414,91.2965
229.0411,130.8904,180.1644,112.5616,193.5617,76.8356,242.4384,95.1644
229.2000,132.6000,184.0000,110.0000,200.6000,76.8000,245.8000,99.4000
229.0377,135.8611,171.8209,103.8197,189.6407,71.9988,246.8575,104.0402
225.8324,139.6054,183.8540,109.0757,206.3838,78.0973,248.3622,108.6270
188.0000,131.0000,188.0000,85.0000,235.0000,85.0000,235.0000,131.0000
228.7077,138.2615,186.6000,114.2000,205.5538,81.0308,247.6615,105.0923
211.5471,146.2882,181.9824,99.8294,214.2706,79.2823,243.8353,125.7412
208.0009,146.7662,178.2330,94.2347,212.5223,74.8040,242.2902,127.3356
189.0000,136.0000,189.0000,85.0000,239.0000,85.0000,239.0000,136.0000
236.1385,138.8923,185.3077,132.5385,191.5231,82.8154,242.3539,89.1692
189.7092,141.1557,184.8311,85.0582,234.2401,80.7617,239.1182,136.8593
188.8528,140.6151,186.4170,84.5906,234.2830,82.5094,236.7189,138.5340
186.0000,142.0000,186.0000,83.0000,233.0000,83.0000,233.0000,142.0000
197.3811,147.3660,185.6302,84.6943,226.8076,76.9736,238.5585,139.6453
188.0000,145.0000,188.0000,82.0000,233.0000,82.0000,233.0000,145.0000
193.8621,146.3448,188.5104,82.1241,232.0414,78.4966,237.3931,142.7172
235.2706,148.1563,201.6317,146.1379,205.3910,83.4835,239.0299,85.5018
234.8402,152.4308,201.8302,146.0827,213.3994,85.9230,246.4094,92.2710
232.6584,155.1339,200.0743,146.4891,215.0724,89.9580,247.6564,98.6027
232.9120,153.0555,200.1751,145.6434,213.7233,85.8053,246.4602,93.2174
231.3783,154.5059,199.7018,145.6365,215.8101,88.1068,247.4866,96.9763
230.8202,155.1124,199.8539,147.9663,214.3988,84.9382,245.3652,92.0843
230.5882,155.6471,199.5294,147.8824,215.2353,85.0588,246.2941,92.8235
229.7174,156.4081,198.3776,146.2227,217.4624,87.5003,248.8022,97.6857
230.9716,157.5912,198.9995,147.6443,217.1850,89.1909,249.1571,99.1378
229.5511,158.0190,197.5002,146.0931,218.8133,88.8142,250.8641,100.7401
229.8307,159.3408,197.4031,147.9911,217.9666,89.2383,250.3942,100.5880
226.3659,161.7073,195.3561,147.3951,221.2585,91.2732,252.2683,105.5854
226.7070,163.0467,195.3237,147.7791,222.1589,92.6178,253.5422,107.8854
233.2162,158.7027,198.8378,152.9730,209.2703,90.3784,243.6487,96.1081
198.2055,154.5480,196.0411,96.1096,234.3219,94.6918,236.4863,153.1301
197.0000,155.0000,197.0000,95.0000,236.0000,95.0000,236.0000,155.0000
233.5906,157.4170,193.6226,155.6793,196.3226,93.5793,236.2906,95.3170
231.9952,158.5596,192.0906,155.3672,196.9714,94.3577,236.8760,97.5501
211.5000,169.5000,185.5000,143.5000,230.0000,99.0000,256.0000,125.0000
207.8315,169.5246,182.6098,140.2674,229.9475,99.4591,255.1692,128.7162
204.9114,169.0980,181.4792,137.5155,230.7463,100.9624,254.1785,132.5450
202.4990,169.8394,180.5751,138.9467,230.9903,103.1682,252.9142,134.0609
198.5259,170.3177,178.8214,137.8053,232.3882,105.3405,252.0927,137.8529
195.7326,169.3356,178.0742,135.8775,233.6494,106.5462,251.3078,140.0042
194.4000,168.8000,178.0000,136.0000,235.2000,107.4000,251.6000,140.2000
194.1099,168.3774,176.9926,135.5691,234.5780,105.5245,251.6954,138.3328
192.1046,166.0369,176.9754,134.4031,235.3954,106.4631,250.5246,138.0969
189.9315,165.1507,177.3973,131.7260,232.3014,111.1370,244.8356,144.5616
186.1177,162.4706,177.3530,127.4118,235.2353,112.9412,244.0000,148.0000
180.0000,155.0000,180.0000,118.0000,237.0000,118.0000,237.0000,155.0000
181.5385,158.6923,174.8462,125.2308,231.3846,113.9231,238.0769,147.3846
179.4059,155.0594,176.0891,121.8911,235.0000,116.0000,238.3168,149.1683
177.0000,152.0000,177.0000,119.0000,237.0000,119.0000,237.0000,152.0000
177.1824,154.3706,174.6059,120.8765,235.0177,116.2294,237.5941,149.7235
176.3370,157.0491,173.6439,120.6930,234.8268,116.1610,237.5198,152.5171
177.3370,157.0491,174.6440,120.6930,234.7585,116.2401,237.4516,152.5962
175.7888,158.7820,172.2562,121.6899,235.0202,115.7124,238.5528,152.8045
175.0000,156.0000,175.0000,116.0000,238.0000,116.0000,238.0000,156.0000
180.5294,162.1176,169.8235,119.2941,227.7059,104.8235,238.4118,147.6471
178.4496,158.2574,172.7087,119.2193,230.4310,110.7308,236.1719,149.7689
178.1597,157.9500,172.7093,118.7070,230.4565,110.6866,235.9069,149.9296
176.5186,159.0281,171.4109,116.8896,229.7059,109.8235,234.8136,151.9620
174.4920,159.5453,167.8874,114.6342,227.8552,105.8154,234.4598,150.7265
177.2865,160.6362,167.1678,112.9341,222.7575,101.1423,232.8761,148.8444
174.9138,159.4655,167.4239,113.0284,224.8022,103.7738,232.2921,150.2110
174.5439,160.0457,165.9901,112.1446,222.9246,101.9778,231.4784,149.8789
171.5670,159.4885,163.6628,113.6443,223.7056,103.2921,231.6097,149.1363
170.0130,159.9007,161.4794,115.8104,223.7593,103.7563,232.2929,147.8465
166.1351,158.8108,158.8108,114.8649,224.0000,104.0000,231.3243,147.9460
166.1134,157.3260,159.2736,113.5510,224.0667,103.4271,230.9066,147.2021
163.0260,156.5718,156.5224,113.6481,223.2334,103.5404,229.7370,146.4641
164.8698,156.1409,158.3887,113.3653,221.8707,103.7469,228.3519,146.5224
162.0000,155.0000,156.4017,113.0131,222.1659,104.2445,227.7642,146.2314
163.4173,157.0171,154.3318,113.1038,217.5895,100.0160,226.6750,143.9293
161.6800,155.2400,154.1280,113.7040,217.9280,102.1040,225.4800,143.6400
159.2823,157.2706,149.7294,114.2823,214.5294,99.8823,224.0823,142.8706
159.4974,155.6857,151.7122,113.6459,215.3448,101.8621,223.1300,143.9019
158.4589,155.8780,150.4947,112.8714,214.5570,101.0080,222.5212,144.0146
155.9452,153.3524,150.0829,110.8506,214.9522,101.9032,220.8145,144.4049
149.0000,151.0000,149.0000,106.0000,218.0000,106.0000,218.0000,151.0000
150.0000,146.0000,150.0000,105.0000,217.0000,105.0000,217.0000,146.0000
216.6804,147.0309,151.5423,144.0701,153.3196,104.9691,218.4577,107.9299
216.0774,149.5304,151.0995,146.1105,153.3453,103.4392,218.3232,106.8591
152.6178,147.6808,150.9562,102.8164,215.9041,100.4109,217.5658,145.2753
154.9878,149.8902,149.5732,101.1585,213.1220,94.0975,218.5366,142.8293
153.0000,145.0000,153.0000,104.0000,216.0000,104.0000,216.0000,145.0000
214.5067,144.8272,147.9897,142.2688,149.6928,97.9882,216.2098,100.5465
151.9204,144.6924,150.3349,98.7126,215.0855,96.4798,216.6710,142.4596
152.0305,146.4264,148.6244,98.7411,213.6498,94.0964,217.0559,141.7817
151.9574,146.3822,148.7408,99.7420,214.1538,95.2308,217.3704,141.8710
151.7665,144.2646,149.0233,100.3735,214.4553,96.2840,217.1985,140.1751
184.9344,159.7213,145.2623,112.1147,182.3443,81.2131,222.0164,128.8197
153.1782,145.7822,148.5247,99.2475,212.2871,92.8713,216.9406,139.4059
213.8368,142.3771,149.0225,136.7411,152.6623,94.8837,217.4766,100.5197
214.4706,140.1177,148.8575,136.9932,150.8665,94.8032,216.4797,97.9276
210.3231,140.4154,149.0308,132.7538,154.7385,87.0923,216.0308,94.7539
153.7150,140.4369,149.7391,95.3760,209.9176,90.0661,213.8936,135.1270
155.5769,141.8846,147.1154,99.5769,203.8462,88.2308,212.3077,130.5385
153.8603,141.9520,148.2358,99.7686,207.7118,91.8384,213.3363,134.0219
213.7504,138.2348,151.5348,136.3495,152.8257,93.7523,215.0413,95.6376
208.7934,138.2338,149.4955,135.3412,151.8125,87.8445,211.1104,90.7371
148.0000,135.0000,148.0000,97.0000,211.0000,97.0000,211.0000,135.0000
148.7327,139.7142,140.3424,107.2020,195.4166,92.9893,203.8068,125.5015
146.9898,138.5146,140.8191,104.1350,194.8477,94.4376,201.0185,128.8172
146.0769,139.6154,137.1923,107.0385,192.5308,91.9462,201.4154,124.5231
144.2170,139.6288,136.6078,104.4362,190.3908,92.8074,198.0000,128.0000
144.7504,140.1959,136.2966,105.4414,190.7759,92.1897,199.2297,126.9441
144.1577,141.0913,134.6473,105.4274,189.8548,90.7054,199.3651,126.3693
145.1200,147.1600,130.3812,112.1553,182.2400,90.3200,196.9788,125.3247
145.8703,150.4216,126.8486,114.4919,175.8730,88.5378,194.8946,124.4676
145.7705,147.4993,128.2336,115.1235,175.2993,89.6295,192.8363,122.0054
176.9310,152.1724,134.5172,135.2069,153.4138,87.9655,195.8276,104.9310
166.0910,155.7076,131.7972,134.8331,161.5738,85.9145,195.8676,106.7890
142.7954,146.7296,124.0967,117.2054,178.2680,82.8969,196.9667,112.4211
155.4653,152.2746,128.6301,132.5954,163.7601,84.6908,190.5954,104.3699
143.2218,147.4777,123.2568,124.0405,170.8180,83.5255,190.7830,106.9626
143.6472,147.9931,123.6241,127.1691,168.5496,83.9716,188.5726,104.7955
141.0031,147.8661,121.8516,122.7711,171.0271,85.2424,190.1786,110.3374
146.3575,150.5068,123.2625,129.5113,164.7104,83.9186,187.8055,104.9140
151.9240,152.3320,126.3920,134.6560,161.4920,83.9560,187.0240,101.6320
146.2269,147.4614,125.2584,135.6329,154.3576,84.0479,175.3262,95.8763
145.7076,147.7264,124.4811,135.9340,153.4906,83.7170,174.7170,95.5094
146.4043,147.5339,123.4325,136.5700,148.8056,83.4072,171.7774,94.3711
165.0466,145.0575,125.9534,140.9425,131.3123,90.0329,170.4055,94.1479
164.7912,142.7241,125.7927,141.6701,127.1080,93.0029,166.1066,94.0570
126.4790,142.6800,125.2753,95.7365,163.9934,94.7437,165.1971,141.6873
126.5285,143.3062,124.1377,96.6852,161.9357,94.7469,164.3266,141.3679
160.7496,142.2635,124.5058,141.2840,125.7817,94.0752,162.0255,95.0547
152.9673,144.4257,120.5332,136.8577,131.4426,90.1033,163.8767,97.6712
124.0000,140.0000,124.0000,95.0000,160.0000,95.0000,160.0000,140.0000
150.8235,143.7059,118.8235,135.7059,130.2353,90.0588,162.2353,98.0588
122.0000,140.0000,122.0000,96.0000,161.0000,96.0000,161.0000,140.0000
143.0227,148.9010,115.0515,125.8660,144.8701,89.6577,172.8412,112.6928
118.0000,139.0000,118.0000,95.0000,159.0000,95.0000,159.0000,139.0000
118.0000,138.0000,118.0000,95.0000,158.0000,95.0000,158.0000,138.0000
117.0000,139.0000,117.0000,96.0000,158.0000,96.0000,158.0000,139.0000
134.0000,150.0000,109.5000,125.5000,143.5000,91.5000,168.0000,116.0000
116.1284,140.0545,113.3074,94.9183,152.2802,92.4825,155.1012,137.6187
130.3212,147.1168,107.0394,122.5416,141.8219,89.5898,165.1037,114.1650
129.4254,148.9910,104.4045,125.0127,140.3511,87.5032,165.3719,111.4815
138.2000,147.4000,106.4000,136.8000,124.2000,83.4000,156.0000,94.0000
110.0000,143.0000,110.0000,89.0000,147.0000,89.0000,147.0000,143.0000
111.0000,143.0000,111.0000,91.0000,147.0000,91.0000,147.0000,143.0000
126.6933,154.1347,98.6671,123.1584,137.5511,87.9776,165.5773,118.9539
142.1892,145.8649,100.5135,138.9189,109.0541,87.6757,150.7297,94.6216
144.4822,145.4192,95.0822,140.2192,100.3973,89.7260,149.7973,94.9260
95.0000,143.0000,95.0000,95.0000,149.0000,95.0000,149.0000,143.0000
94.7431,145.8629,92.3042,97.0848,149.1621,94.2419,151.6010,143.0200
91.3202,153.3876,80.9551,108.4719,147.9270,93.0168,158.2921,137.9326
84.8292,149.2068,80.2090,100.6944,149.3910,94.1056,154.0112,142.6180
84.6918,156.1902,73.8590,110.1508,148.3246,92.6295,159.1574,138.6689
117.7327,165.0966,81.9426,127.8152,130.2981,81.3938,166.0883,118.6753
80.0000,144.0000,80.0000,93.0000,152.0000,93.0000,152.0000,144.0000
149.3765,146.1059,78.8706,140.6823,82.6823,91.1294,153.1882,96.5529
78.0000,144.0000,78.0000,93.0000,151.0000,93.0000,151.0000,144.0000
85.4615,158.3077,68.6800,110.7600,137.1508,86.5938,153.9323,134.1415
87.8342,158.6927,70.1805,110.7756,138.1171,85.7463,155.7707,133.6634
77.0000,144.0000,77.0000,95.0000,151.0000,95.0000,151.0000,144.0000
82.4528,154.5849,69.6226,109.6793,141.0755,89.2642,153.9056,134.1698
81.9108,155.4968,68.6306,110.3439,139.8248,89.4045,153.1051,134.5573
74.0000,145.0000,74.0000,98.0000,149.0000,98.0000,149.0000,145.0000
143.3862,149.4345,68.9966,145.0587,71.9241,95.2897,146.3138,99.6655
69.0000,147.0000,69.0000,98.0000,142.0000,98.0000,142.0000,147.0000
136.2401,148.4992,67.7981,143.0238,71.7758,93.3021,140.2178,98.7774
66.0000,145.0000,66.0000,98.0000,137.0000,98.0000,137.0000,145.0000
64.0000,145.0000,64.0000,98.0000,136.0000,98.0000,136.0000,145.0000
62.0000,144.0000,62.0000,98.0000,126.0000,98.0000,126.0000,144.0000
60.0000,145.0000,60.0000,98.0000,124.0000,98.0000,124.0000,145.0000
59.4726,145.7603,57.7589,99.4904,122.5589,97.0904,124.2726,143.3603
58.0508,147.7106,54.8020,102.2284,119.9695,97.5736,123.2183,143.0558
58.0488,148.4390,52.9024,102.1219,116.1220,95.0976,121.2683,141.4146
54.0000,147.0000,54.0000,99.0000,116.0000,99.0000,116.0000,147.0000
53.0398,149.5974,49.8717,102.0752,112.3274,97.9115,115.4956,145.4336
105.6409,150.8232,50.1105,147.9006,52.7873,97.0414,108.3177,99.9641
50.0000,150.0000,50.0000,101.0000,109.0000,101.0000,109.0000,150.0000
105.5377,151.6321,46.2585,149.0547,48.4736,98.1075,107.7528,100.6849
47.0000,151.0000,47.0000,101.0000,104.0000,101.0000,104.0000,151.0000
45.0000,151.0000,45.0000,100.0000,103.0000,100.0000,103.0000,151.0000
101.9626,153.7482,42.4115,150.7706,44.9501,99.9975,104.5013,102.9751
97.1467,157.0220,39.0049,148.3008,47.0807,94.4621,105.2225,103.1834
95.1470,158.4341,37.2824,150.4528,44.8857,95.3291,102.7503,103.3104
92.8000,162.4000,36.6600,154.3800,45.5200,92.3600,101.6600,100.3800
90.5245,159.5359,35.5208,149.2227,45.8679,94.0378,100.8717,104.3510
82.7988,163.9172,31.3965,142.7515,52.9556,90.3935,104.3580,111.5592
76.2000,164.6000,27.8000,140.4000,54.6000,86.8000,103.0000,111.0000
75.0505,163.3349,27.5826,137.7752,55.6468,85.6560,103.1147,111.2156
69.8869,163.9923,26.7969,138.6452,57.6710,86.1594,100.7609,111.5064
64.0164,165.1803,23.1967,131.1639,61.8852,84.7377,102.7049,118.7541
72.0016,162.6963,25.7822,142.6009,50.4722,85.8140,96.6916,105.9094
74.0724,160.5973,27.8281,144.0815,49.0950,84.5339,95.3394,101.0498
85.2052,154.9607,31.8865,147.8515,39.9214,87.5895,93.2402,94.6987
34.2800,149.9600,27.4800,102.3600,94.8200,92.7400,101.6200,140.3400
37.0000,149.0000,37.0000,94.0000,95.0000,94.0000,95.0000,149.0000
83.7487,159.3549,34.8705,146.4922,49.7409,89.9844,98.6192,102.8471
73.2293,162.3366,30.6146,142.6683,55.1415,89.5268,97.7561,109.1951
68.0000,164.0000,29.6000,144.8000,57.2000,89.6000,95.6000,108.8000
59.6778,163.1745,25.0470,138.9329,59.6242,89.5369,94.2550,113.7785
74.6706,164.4823,35.7059,155.8235,50.3412,89.9647,89.3059,98.6235
74.6298,164.2951,38.2221,158.4229,49.3682,89.3175,85.7759,95.1897
75.0349,164.3017,40.8204,162.5910,44.3940,91.1197,78.6085,92.8304
44.6808,166.6903,39.4093,95.5252,75.2128,92.8731,80.4843,164.0382
48.6594,170.2059,32.8366,100.1337,70.9267,91.5327,86.7495,161.6050
50.2682,169.3302,30.2827,111.5944,70.0555,97.8269,90.0409,155.5627
48.7825,167.5310,35.3336,97.2978,76.5459,89.4061,89.9948,159.6393
49.6471,170.5882,32.7647,103.0588,75.5882,92.3530,92.4706,159.8824
84.3800,173.3400,42.8000,167.4000,52.4800,99.6400,94.0600,105.5800
77.0561,177.7049,36.8317,162.8853,62.0488,94.4390,102.2732,109.2585
82.1600,179.1200,40.7120,171.5840,52.8880,104.6160,94.3360,112.1520
79.6557,183.2131,39.3016,173.7180,54.4492,109.3410,94.8033,118.8361
80.2219,184.7134,38.8591,179.2709,47.7018,112.0660,89.0647,117.5085
74.1000,190.7000,34.8000,177.6000,56.8000,111.6000,96.1000,124.7000
71.6438,193.6165,32.4110,178.9041,56.9452,113.4795,96.1781,128.1918
64.9083,197.0275,28.7707,177.5688,61.2982,117.1605,97.4358,136.6192
39.8987,195.2903,16.5699,146.9663,68.2498,122.0174,91.5786,170.3414
39.2668,196.8069,15.5792,151.8004,66.5206,124.9892,90.2082,169.9957
37.8344,198.3631,15.3248,157.0955,65.8408,129.5414,88.3503,170.8089
26.0000,189.0000,26.0000,148.0000,79.0000,148.0000,79.0000,189.0000
34.2802,202.7764,9.4730,160.6041,57.4139,132.4036,82.2211,174.5759
32.2844,203.3853,9.4220,160.9266,58.1422,134.6927,81.0046,177.1514
27.1929,201.6938,8.6354,156.3310,58.4372,135.9575,76.9947,181.3204
25.0000,204.0000,9.0000,156.0000,58.8000,139.4000,74.8000,187.4000
59.9379,199.7449,17.5655,196.2138,21.7448,146.0621,64.1172,149.5931
61.4585,200.4547,19.1472,198.6151,21.2623,149.9679,63.5736,151.8076
61.5434,201.5019,17.3660,199.5811,19.3302,154.4057,63.5075,156.3264
50.2176,207.3731,15.2202,198.1632,27.1762,152.7306,62.1736,161.9404
44.7963,210.0083,7.2911,193.1310,26.0956,151.3430,63.6008,168.2204
48.9811,210.5661,14.5094,200.7170,28.2453,152.6415,62.7170,162.4906
46.1600,205.8800,16.9000,201.7000,23.8400,153.1200,53.1000,157.3000
45.8358,210.4761,16.0229,197.0603,33.5551,158.0998,63.3680,171.5156
43.9308,211.6298,15.3322,196.3772,36.3426,156.9827,64.9412,172.2353
45.4000,210.2000,15.4000,195.2000,35.0000,156.0000,65.0000,171.0000
45.5472,210.4151,17.3585,194.7547,38.1604,157.3113,66.3491,172.9717
42.4400,211.0800,16.3600,191.5200,42.8800,156.1600,68.9600,175.7200
46.1538,211.7692,16.6154,192.0769,41.2308,155.1538,70.7692,174.8461
45.3840,209.1120,18.8120,190.7160,41.9960,157.2280,68.5680,175.6240
47.3108,210.3649,19.3108,190.3649,44.3784,155.2703,72.3784,175.2703
46.2714,210.7472,19.2565,189.9666,46.8401,154.1078,73.8550,174.8885
44.0095,209.2755,20.4228,187.2613,49.9525,155.6223,73.5392,177.6366
39.0149,209.2193,19.3123,183.6059,54.0112,156.9145,73.7138,182.5279
49.3443,211.7869,20.8197,188.0164,49.0164,154.1803,77.5410,177.9508
41.9788,211.2047,18.7929,182.6682,55.2729,153.0282,78.4588,181.5647
47.5000,210.5000,23.0000,186.0000,53.5000,155.5000,78.0000,180.0000
47.8038,210.4868,21.9924,186.8264,52.9585,153.0453,78.7698,176.7057
32.6935,206.2515,23.7642,166.9627,66.4676,157.2574,75.3969,196.5462
44.4706,207.8824,22.7294,182.5177,57.1529,153.0118,78.8941,178.3765
39.8281,206.6189,23.0659,176.9628,59.5430,156.3453,76.3052,186.0014
71.3276,202.1386,29.3588,200.3899,31.1317,157.8388,73.1005,159.5875
34.5526,206.0171,28.3619,164.7457,67.3350,158.8997,73.5257,200.1711
42.1017,207.9938,26.5602,181.1494,65.8610,158.3963,81.4025,185.2407
48.0118,204.1530,28.1647,187.1412,56.0471,154.6118,75.8941,171.6235
50.7128,204.1362,29.1180,190.3155,53.7264,151.8649,75.3212,165.6856
42.3428,205.6034,28.8584,176.9490,67.6742,158.6827,81.1586,187.3371
52.2459,203.7049,31.5902,186.4918,59.4590,153.0492,80.1147,170.2623
46.0000,206.0000,32.4000,178.8000,70.8000,159.6000,84.4000,186.8000
49.8235,207.7059,30.8643,186.8507,65.2081,155.6290,84.1674,176.4842
73.3643,207.3507,39.8688,205.7557,41.9751,161.5226,75.4706,163.1177
76.7274,203.3603,41.2945,202.0479,42.8219,160.8082,78.2548,162.1205
43.5236,202.6599,42.1796,165.0293,77.9197,163.7529,79.2637,201.3835
66.1908,204.8738,40.3954,192.5369,59.0785,153.4723,84.8738,165.8092
67.4054,205.6362,41.6013,191.6591,62.1221,153.7745,87.9262,167.7517
63.4878,205.3903,42.1464,188.3171,69.9512,153.5610,91.2927,170.6342
55.7529,206.3882,48.1059,171.9765,87.7059,163.1765,95.3530,197.5882
58.9774,205.9366,47.9819,175.1493,87.7647,160.9412,98.7602,191.7285
60.5094,208.2831,50.6604,173.8113,91.0755,162.2642,100.9245,196.7359
61.7170,207.5094,52.2075,174.2264,93.9434,162.3019,103.4528,195.5849
77.8513,207.6081,54.3919,190.8513,80.6081,154.1487,104.0676,170.9054
70.0274,210.7398,56.3014,174.1370,95.7534,159.3425,109.4795,195.9452
76.2549,208.9174,57.6804,183.7092,92.8151,157.8205,111.3896,183.0287
66.6040,206.0396,62.6337,166.3366,102.2376,162.3762,106.2079,202.0792
85.0000,212.0000,62.0000,189.0000,93.0000,158.0000,116.0000,181.0000
95.6000,207.2000,67.1000,197.7000,80.4000,157.8000,108.9000,167.3000
103.2287,208.4275,68.7650,204.2918,74.0032,160.6404,108.4669,164.7760
77.0000,205.0000,77.0000,164.0000,115.0000,164.0000,115.0000,205.0000
113.3610,209.1003,76.0201,198.7278,87.4527,157.5702,124.7937,167.9427
80.0000,205.0000,80.0000,162.0000,120.0000,162.0000,120.0000,205.0000
82.0000,203.0000,82.0000,159.0000,125.0000,159.0000,125.0000,203.0000
98.1254,214.2298,75.9336,183.4078,118.3994,152.8325,140.5912,183.6544
102.9594,213.5685,79.2030,186.1574,119.2157,151.4797,142.9721,178.8909
102.7931,213.5172,79.5103,187.3241,118.8000,152.4000,142.0828,178.5931
105.3191,211.7046,81.8331,186.3397,121.6950,149.4306,145.1809,174.7954
108.8192,215.5815,81.9310,187.6591,121.0954,149.9452,147.9836,177.8676
107.7681,213.6384,83.0586,186.3280,122.7020,150.4601,147.4115,177.7706
107.2103,213.9759,82.3276,184.5690,123.8379,149.4448,148.7207,178.8517
108.5000,212.5000,84.5000,188.5000,122.5000,150.5000,146.5000,174.5000
102.1291,210.4287,81.3987,179.8267,124.3830,150.7083,145.1134,181.3103
109.6167,210.1345,85.2893,189.0508,120.1650,148.8096,144.4924,169.8934
109.0000,211.0000,86.5000,188.5000,127.0000,148.0000,149.5000,170.5000
138.0430,210.8452,93.6361,198.5100,107.2321,149.5645,151.6390,161.8997
139.5283,215.1510,90.3962,201.1132,104.4717,151.8491,153.6038,165.8868
143.0135,210.7079,86.3277,202.3717,92.7036,159.0153,149.3895,167.3514
145.6600,211.3800,92.4600,203.7800,99.3600,155.4800,152.5600,163.0800
94.0000,208.0000,94.0000,159.0000,144.0000,159.0000,144.0000,208.0000
92.9216,209.7268,91.1627,158.7185,147.9917,156.7589,149.7506,207.7672
145.1297,212.8976,90.8805,206.5153,96.6075,157.8362,150.8567,164.2184
92.0000,211.0000,92.0000,165.0000,147.0000,165.0000,147.0000,211.0000
92.0000,211.0000,92.0000,167.0000,155.0000,167.0000,155.0000,211.0000
156.7701,213.4954,96.1943,212.2839,97.0204,170.9805,157.5962,172.1920
105.0000,216.0000,105.0000,174.0000,164.0000,174.0000,164.0000,216.0000
111.9827,218.5841,110.1976,175.7418,169.8024,173.2583,171.5875,216.1005
117.0000,220.0000,117.0000,178.0000,178.0000,178.0000,178.0000,220.0000
112.0000,220.0000,112.0000,180.0000,181.0000,180.0000,181.0000,220.0000
128.0000,222.0000,128.0000,180.0000,190.0000,180.0000,190.0000,222.0000
132.0000,223.0000,132.0000,182.0000,193.0000,182.0000,193.0000,223.0000
138.2434,225.6505,135.5841,185.7611,196.4469,181.7036,199.1062,221.5929
143.0000,223.0000,143.0000,182.0000,208.0000,182.0000,208.0000,223.0000
151.0000,224.0000,151.0000,183.0000,218.0000,183.0000,218.0000,224.0000
155.0000,224.0000,155.0000,183.0000,222.0000,183.0000,222.0000,224.0000
159.0000,225.0000,159.0000,184.0000,226.0000,184.0000,226.0000,225.0000
163.0000,225.0000,163.0000,185.0000,231.0000,185.0000,231.0000,225.0000
172.0000,226.0000,172.0000,185.0000,242.0000,185.0000,242.0000,226.0000
177.0000,226.0000,177.0000,184.0000,252.0000,184.0000,252.0000,226.0000
180.0000,227.0000,180.0000,186.0000,258.0000,186.0000,258.0000,227.0000
184.0000,228.0000,184.0000,185.0000,263.0000,185.0000,263.0000,228.0000
190.0000,229.0000,190.0000,185.0000,267.0000,185.0000,267.0000,229.0000
194.0000,226.0000,194.0000,185.0000,280.0000,185.0000,280.0000,226.0000
280.6276,230.4689,195.3035,223.3586,198.7932,181.4827,284.1173,188.5931
202.0000,228.0000,202.0000,187.0000,287.0000,187.0000,287.0000,228.0000
204.0000,231.0000,204.0000,187.0000,295.0000,187.0000,295.0000,231.0000
213.4420,238.2256,206.5409,195.6690,293.2342,181.6107,300.1352,224.1673
205.4817,238.8777,198.9902,195.6015,298.8924,180.6161,305.3839,223.8924
205.6757,240.0541,198.6486,197.8919,305.0270,180.1622,312.0541,222.3243
204.5222,238.7745,198.6107,198.8725,313.4241,181.8631,319.3356,221.7651
210.6660,241.5798,203.4587,200.1376,313.8165,180.9449,321.0238,222.3871
212.3931,232.6828,209.9034,190.3586,317.8241,184.0104,320.3138,226.3345
216.0000,228.0000,216.0000,187.0000,325.0000,187.0000,325.0000,228.0000
221.0000,229.0000,221.0000,186.0000,329.0000,186.0000,329.0000,229.0000
223.8000,240.6000,217.8200,198.7400,328.2800,182.9600,334.2600,224.8200
232.8061,242.0345,225.4687,200.7611,333.3050,181.5902,340.6424,222.8636
250.6154,242.0769,242.1539,199.7693,335.8077,181.0385,344.2692,223.3462
257.2353,246.9411,246.0588,202.2353,336.8824,179.5294,348.0588,224.2353
259.5000,250.5000,246.7154,203.6231,339.7077,178.2615,352.4923,225.1385
341.1527,246.4932,254.5714,223.6227,267.9471,172.9861,354.5284,195.8566
261.4760,251.8534,248.6097,204.9296,347.1977,177.8974,360.0639,224.8212
267.7000,253.1000,252.6000,207.8000,348.6000,175.8000,363.7000,221.1000
264.6154,246.0769,255.6154,201.0769,356.3846,180.9231,365.3846,225.9231
270.4298,250.5473,257.9943,205.7794,358.2063,177.9427,370.6418,222.7106
272.2731,251.1572,259.5959,204.0703,362.4842,176.3696,375.1614,223.4565
267.1241,239.4897,263.1448,191.7379,372.8828,182.5931,376.8621,230.3448
372.9440,239.1694,267.3459,220.2159,276.0045,171.9752,381.6025,190.9286
