1
1103.0000,664.0000,1103.0000,607.0000,1140.0000,607.0000,1140.0000,664.0000
1106.1686,666.5331,1077.6971,605.8768,1115.6764,588.0499,1144.1478,648.7062
1056.2599,663.1907,1047.9130,608.9363,1101.4159,600.7051,1109.7628,654.9595
1062.1479,671.8219,1049.3796,618.1953,1104.6287,605.0408,1117.3970,658.6674
2
0
0
0
0
1
879.2944,650.1218,875.2640,593.6954,930.6244,589.7411,934.6548,646.1675
913.5078,653.9385,858.8616,647.1077,867.3693,579.0462,922.0154,585.8770
896.4227,645.7010,829.8815,620.1083,850.6031,566.2319,917.1444,591.8247
836.5011,628.7618,831.3236,574.3978,896.3057,568.2091,901.4832,622.5731
832.0000,614.0000,832.0000,563.0000,892.0000,563.0000,892.0000,614.0000
828.9000,618.7000,813.7000,573.1000,872.8000,553.4001,887.9999,599.0001
821.8508,618.8846,809.0148,565.9357,868.8612,551.4276,881.6973,604.3764
811.0000,610.0000,811.0000,552.0000,873.0000,552.0000,873.0000,610.0000
860.3318,614.6769,797.2775,604.8247,806.1955,547.7494,869.2498,557.6016
846.0001,613.0001,791.3847,602.0770,802.1924,548.0385,856.8078,558.9616
793.6624,613.2645,776.5994,559.2318,838.0024,539.8414,855.0654,593.8741
779.3927,606.0701,773.9489,558.8905,845.3065,550.6570,850.7504,597.8365
770.0000,600.0000,770.0000,558.0000,851.0000,558.0000,851.0000,600.0000
777.0795,598.5933,774.1864,564.8412,853.5178,558.0414,856.4109,591.7935
780.0000,592.9999,780.0000,566.9999,862.0000,566.9999,862.0000,592.9999
860.6509,596.0233,772.8878,590.9355,774.7476,558.8549,862.5106,563.9427
836.4732,595.7262,783.7553,581.6681,795.1910,538.7843,847.9089,552.8424
850.6780,577.3723,792.9557,575.1522,794.4121,537.2851,852.1344,539.5052
824.2382,587.5299,791.5859,540.5923,824.7821,517.4993,857.4343,564.4369
799.0001,569.0000,792.0154,513.1231,841.9847,506.8770,848.9693,562.7538
797.0000,567.0000,797.0000,496.0000,844.0000,496.0000,844.0000,567.0000
799.0000,547.0000,799.0000,489.0000,845.0000,489.0000,845.0000,547.0000
815.6155,548.0769,786.2001,496.6000,819.5847,477.5231,849.0001,529.0000
817.5214,545.7335,777.5175,493.9638,804.3558,473.2252,844.3597,524.9949
812.8648,544.8109,774.5540,491.1757,799.9999,473.0001,838.3107,526.6352
778.8487,531.7082,770.1649,476.7108,816.6379,469.3730,825.3217,524.3704
813.1849,526.2164,761.6311,518.1611,768.2184,476.0029,819.7722,484.0582
752.0000,518.0000,752.0000,481.0000,805.0000,481.0000,805.0000,518.0000
740.0000,511.0000,740.0000,474.0000,791.0000,474.0000,791.0000,511.0000
728.4585,506.5453,726.6584,465.1452,776.5641,462.9754,778.3641,504.3755
712.4800,504.3859,706.1678,468.6175,758.0806,459.4564,764.3927,495.2249
688.0000,496.0000,688.0000,467.0000,747.0000,467.0000,747.0000,496.0000
671.6683,494.7853,665.6976,466.9219,720.5366,455.1707,726.5073,483.0341
650.0000,489.0000,650.0000,460.0000,702.0000,460.0000,702.0000,489.0000
630.0999,487.7000,626.0200,459.1400,676.9799,451.8600,681.0599,480.4200
606.9878,483.8902,603.7927,455.1341,651.2074,449.8658,654.4025,478.6219
586.9726,484.2603,577.4794,458.9452,627.8904,440.0411,637.3836,465.3561
555.0000,476.0000,555.0000,448.0000,604.0000,448.0000,604.0000,476.0000
529.0000,472.0000,529.0000,444.0000,577.0000,444.0000,577.0000,472.0000
502.1177,474.4707,495.5883,448.3530,544.5295,436.1177,551.0589,462.2354
468.0000,469.0000,468.0000,441.0000,517.0000,441.0000,517.0000,469.0000
437.0000,468.0000,437.0000,441.0000,486.0000,441.0000,486.0000,468.0000
404.0000,465.0000,404.0000,435.0000,450.0000,435.0000,450.0000,465.0000
371.0000,465.0000,371.0000,437.0000,412.0000,437.0000,412.0000,465.0000
331.0000,465.0000,331.0000,438.0000,376.0000,438.0000,376.0000,465.0000
295.0000,465.0000,295.0000,438.0000,338.0000,438.0000,338.0000,465.0000
255.0000,464.0000,255.0000,439.0000,294.0000,439.0000,294.0000,464.0000
213.0000,467.0000,213.0000,438.0000,251.0000,438.0000,251.0000,467.0000
2
0
0
0
