1
183.0000,187.0000,183.0000,128.0000,222.0000,128.0000,222.0000,187.0000
204.3440,157.6306,180.4586,113.8408,217.3121,93.7388,241.1974,137.5287
208.4138,149.0345,189.0345,100.5862,228.0000,85.0000,247.3793,133.4483
203.0000,142.0000,203.0000,96.0000,241.0000,96.0000,241.0000,142.0000
234.0021,172.3546,196.2165,141.2371,224.8804,106.4309,262.6660,137.5484
219.9188,208.0803,208.6289,149.7493,250.1073,141.7212,261.3972,200.0522
221.0000,256.0000,221.0000,205.0000,261.0000,205.0000,261.0000,256.0000
2
0
0
0
0
1
197.0000,182.0000,197.0000,142.0000,238.0000,142.0000,238.0000,182.0000
191.0000,191.0000,191.0000,151.0000,232.0000,151.0000,232.0000,191.0000
214.5756,219.4195,179.2536,203.1171,195.9951,166.8439,231.3171,183.1463
183.0000,264.0000,183.0000,219.0000,219.0000,219.0000,219.0000,264.0000
2
0
0
0
0
1
169.0000,146.0000,169.0000,107.0000,206.0000,107.0000,206.0000,146.0000
168.0000,143.0000,168.0000,105.0000,205.0000,105.0000,205.0000,143.0000
168.0000,155.0000,168.0000,114.0000,207.0000,114.0000,207.0000,155.0000
172.6127,188.9827,165.9191,145.4740,201.3121,140.0289,208.0058,183.5376
166.0000,234.0000,166.0000,192.0000,207.0000,192.0000,207.0000,234.0000
2
0
0
0
0
1
184.9925,198.8264,154.9698,171.3057,183.2377,140.4679,213.2604,167.9887
165.0000,184.0000,165.0000,143.0000,202.0000,143.0000,202.0000,184.0000
167.0000,187.0000,167.0000,149.0000,202.0000,149.0000,202.0000,187.0000
169.8317,213.3168,165.8416,173.4158,196.9307,170.3069,200.9208,210.2079
168.0000,247.0000,168.0000,204.0000,206.0000,204.0000,206.0000,247.0000
2
0
0
0
0
1
167.0000,250.0000,167.0000,204.0000,202.0000,204.0000,202.0000,250.0000
169.1021,230.0633,167.5161,182.4828,203.0433,181.2986,204.6293,228.8790
170.5122,228.6098,164.8659,177.7927,201.7439,173.6951,207.3903,224.5122
169.6707,225.0366,165.1220,184.0976,203.5366,179.8293,208.0854,220.7683
168.0000,241.0000,168.0000,199.0000,205.0000,199.0000,205.0000,241.0000
169.7343,279.7181,163.1927,231.7465,199.4726,226.7992,206.0142,274.7708
2
0
0
0
0
1
185.0000,299.0000,185.0000,257.0000,221.0000,257.0000,221.0000,299.0000
186.0000,293.0000,186.0000,254.0000,223.0000,254.0000,223.0000,293.0000
186.0000,297.0000,186.0000,259.0000,224.0000,259.0000,224.0000,297.0000
185.0000,320.0000,185.0000,280.0000,224.0000,280.0000,224.0000,320.0000
195.4381,362.5708,193.3098,330.6461,231.6726,328.0886,233.8009,360.0133
2
0
0
0
0
1
179.8000,276.4000,169.1000,244.3000,203.0000,233.0000,213.7000,265.1000
171.0000,276.0000,171.0000,241.0000,205.0000,241.0000,205.0000,276.0000
167.0000,299.0000,167.0000,263.0000,202.0000,263.0000,202.0000,299.0000
168.5976,333.3781,164.5000,296.5000,198.0854,292.7683,202.1829,329.6464
139.1200,371.8400,133.3400,331.3800,168.3400,326.3800,174.1200,366.8400
2
0
0
0
0
1
169.5446,285.5545,137.4653,282.3466,141.0792,246.2079,173.1584,249.4159
135.0000,288.0000,135.0000,258.0000,169.0000,258.0000,169.0000,288.0000
137.0000,313.0000,137.0000,282.0000,166.0000,282.0000,166.0000,313.0000
2
0
0
0
0
1
158.6035,379.9302,128.6783,378.4339,131.2419,327.1621,161.1671,328.6584
150.7363,364.6461,122.2530,363.6639,123.9798,313.5855,152.4632,314.5677
124.0000,361.0000,124.0000,319.0000,152.0000,319.0000,152.0000,361.0000
121.0000,364.0000,121.0000,329.0000,152.0000,329.0000,152.0000,364.0000
157.5692,383.4462,128.1539,379.7693,133.8923,333.8615,163.3077,337.5385
2
0
0
0
0
1
130.0000,374.0000,130.0000,345.0000,162.0000,345.0000,162.0000,374.0000
133.0000,368.0000,133.0000,339.0000,163.0000,339.0000,163.0000,368.0000
166.1557,378.2869,136.1311,375.5574,139.0820,343.0984,169.1066,345.8279
139.0000,400.0000,139.0000,373.0000,171.0000,373.0000,171.0000,400.0000
2
0
0
0
0
1
133.0000,378.0000,133.0000,344.0000,162.0000,344.0000,162.0000,378.0000
130.0000,376.0000,130.0000,345.0000,161.0000,345.0000,161.0000,376.0000
143.5609,393.3528,121.0609,373.8528,142.0457,349.6396,164.5457,369.1396
138.2439,414.8049,118.4390,390.0488,140.6342,372.2927,160.4390,397.0488
2
0
0
0
0
1
128.0000,361.0000,128.0000,317.0000,156.0000,317.0000,156.0000,361.0000
156.0198,358.8019,126.3169,355.8317,131.2872,306.1287,160.9901,309.0990
136.9231,362.6154,127.5385,315.6923,154.8462,310.2308,164.2308,357.1539
134.0000,373.0000,134.0000,333.0000,163.0000,333.0000,163.0000,373.0000
2
0
0
0
0
1
137.0000,288.0000,137.0000,240.0000,163.0000,240.0000,163.0000,288.0000
141.0385,281.1924,131.8846,235.4231,163.8077,229.0385,172.9615,274.8077
164.2393,274.2328,131.1312,266.4426,139.5246,230.7705,172.6328,238.5606
134.0000,285.0000,134.0000,251.0000,166.0000,251.0000,166.0000,285.0000
139.4706,323.8824,129.5294,284.1176,156.1177,277.4706,166.0588,317.2353
137.9385,364.5077,131.5231,313.1846,158.4769,309.8154,164.8923,361.1385
2
0
0
0
0
1
155.0000,259.0000,155.0000,226.0000,187.0000,226.0000,187.0000,259.0000
158.0000,262.0000,158.0000,229.0000,193.0000,229.0000,193.0000,262.0000
163.0000,279.0000,163.0000,245.0000,200.0000,245.0000,200.0000,279.0000
171.0000,315.0000,171.0000,282.0000,205.0000,282.0000,205.0000,315.0000
2
0
0
0
0
1
183.0000,256.0000,183.0000,215.0000,219.0000,215.0000,219.0000,256.0000
187.3310,253.4354,176.7221,212.7681,214.9876,202.7858,225.5965,243.4531
220.1310,255.4276,177.4276,251.8690,180.6690,212.9724,223.3724,216.5311
214.1000,283.7000,179.6000,272.2000,192.8000,232.6000,227.3000,244.1000
192.0000,315.0000,192.0000,264.0000,227.0000,264.0000,227.0000,315.0000
2
0
0
0
0
1
238.5457,236.6330,189.2238,232.9795,192.9263,182.9946,242.2483,186.6480
201.7635,232.8631,187.5892,179.7095,231.2822,168.0581,245.4565,221.2116
201.9460,219.6757,195.3513,180.1081,234.5946,173.5676,241.1892,213.1351
243.6161,241.8924,195.1076,234.6161,201.4523,192.3179,249.9609,199.5941
196.4261,275.3259,192.6105,227.6311,242.5707,223.6343,246.3863,271.3291
208.0000,329.0000,208.0000,285.0000,248.0000,285.0000,248.0000,329.0000
240.7145,349.1943,207.5710,334.6112,228.1850,287.7614,261.3284,302.3445
196.0000,358.0000,196.0000,332.0000,272.0000,332.0000,272.0000,358.0000
