1
311.9018,307.0623,300.5720,307.3027,299.9858,279.6752,311.3155,279.4348
302.0045,306.4728,287.6397,308.5849,284.4436,286.8477,298.8084,284.7356
275.5228,277.4786,286.8329,278.7902,283.7979,304.9632,272.4878,303.6517
262.7368,276.7445,273.2554,277.3212,271.8068,303.7415,261.2883,303.1649
263.0198,304.9321,249.4811,306.1369,247.5112,284.0008,261.0499,282.7960
250.0030,298.8393,240.0063,299.0941,239.4068,275.5817,249.4036,275.3269
243.4888,286.0168,233.7162,286.3008,232.9721,260.6956,242.7446,260.4116
226.9462,254.7005,243.2684,257.6733,239.5544,278.0645,223.2323,275.0916
2
0
0
0
0
1
183.6108,182.6793,197.9835,184.1491,194.8237,215.0473,180.4511,213.5775
189.1254,182.3258,202.0380,182.4305,201.7675,215.7830,188.8548,215.6782
195.4613,194.2420,213.8060,195.9483,211.0831,225.2219,192.7385,223.5156
217.9089,197.1513,234.5884,199.1617,230.9530,229.3234,214.2735,227.3130
241.0724,195.0137,258.7148,198.3340,252.9146,229.1535,235.2722,225.8332
263.0736,202.2695,284.4086,213.2106,270.8088,239.7298,249.4738,228.7887
284.8709,201.6687,303.8458,213.9726,287.7614,238.7776,268.7865,226.4737
2
0
0
0
0
1
359.0521,195.9803,370.0320,196.0224,369.9306,222.4822,358.9506,222.4401
375.0816,223.9794,360.3397,224.6812,358.9523,195.5372,373.6942,194.8354
368.1140,197.3254,380.6430,197.3718,380.5268,228.7321,367.9979,228.6857
371.5912,196.9453,383.9208,197.4721,382.7153,225.6821,370.3858,225.1553
389.8080,226.9249,376.9537,228.2158,374.0384,199.1848,386.8927,197.8940
391.3127,229.9340,378.5971,230.0846,378.2332,199.3730,390.9488,199.2223
389.8093,228.2999,378.4918,228.5850,377.7512,199.1944,389.0688,198.9092
395.6502,233.0474,381.8368,233.3069,381.2748,203.3954,395.0883,203.1359
398.3958,235.5500,384.7299,236.2415,383.2937,207.8578,396.9597,207.1663
387.7612,205.7855,400.0589,206.5107,398.5077,232.8184,386.2099,232.0932
390.3913,208.9879,401.7180,209.3269,400.9015,236.6092,389.5748,236.2702
403.1232,238.6817,392.3173,239.9031,389.0153,210.6891,399.8211,209.4677
401.5771,230.8790,390.1354,231.8617,387.8711,205.4988,399.3129,204.5161
400.8348,231.1752,390.8485,232.3182,387.5510,203.5063,397.5373,202.3633
399.8955,234.0648,388.6695,234.5012,387.6036,207.0819,398.8296,206.6455
400.3139,228.3460,390.2677,229.5186,387.3138,204.2104,397.3600,203.0378
402.2596,228.7988,391.9571,229.4144,390.2731,201.2289,400.5756,200.6133
405.6862,233.4943,394.3669,235.0295,390.7382,208.2744,402.0576,206.7392
404.2442,226.4235,389.8706,228.2503,387.0548,206.0953,401.4284,204.2685
397.2601,227.7349,386.9282,228.3417,385.5002,204.0271,395.8321,203.4203
395.4850,229.1118,380.2714,230.0269,378.9863,208.6638,394.1999,207.7486
387.3174,232.6683,377.6555,233.1796,376.3607,208.7139,386.0227,208.2026
384.3447,232.3639,374.4156,232.9020,373.0085,206.9401,382.9376,206.4020
380.2506,236.4478,368.5138,237.4751,366.2749,211.8967,378.0117,210.8693
362.4019,208.8653,372.8367,209.1677,372.0091,237.7278,361.5743,237.4254
364.2829,231.0984,355.3828,231.2421,354.9487,204.3544,363.8488,204.2107
357.6859,233.4493,346.2874,234.2646,344.4323,208.3309,355.8309,207.5155
348.6289,235.5083,340.4526,235.6588,339.9574,208.7722,348.1338,208.6216
342.8647,231.1795,331.9850,231.8712,330.3482,206.1289,341.2280,205.4372
337.8140,227.9426,327.3780,229.3551,324.4273,207.5539,334.8633,206.1414
330.1989,228.0106,321.2855,228.9694,318.9220,206.9973,327.8354,206.0385
311.2347,205.8978,321.9235,206.1286,321.4581,227.6836,310.7693,227.4528
317.5962,227.7479,305.4052,228.0649,304.9012,208.6812,317.0922,208.3642
314.7393,228.4208,301.0758,230.9590,297.4957,211.6867,311.1593,209.1485
304.9050,228.9985,295.1256,229.2203,294.6368,207.6632,304.4161,207.4414
294.3836,204.8629,304.6588,205.1479,303.9144,231.9905,293.6392,231.7055
293.9122,233.2993,285.3207,233.9750,283.0924,205.6425,291.6839,204.9668
277.0928,211.2024,285.5412,211.2550,285.3596,240.4314,276.9111,240.3788
264.2782,211.9188,272.7611,212.1064,272.2113,236.9770,263.7284,236.7895
269.7818,239.4100,256.5282,240.2891,254.8837,215.4965,268.1373,214.6174
256.2584,213.1150,264.4622,213.2733,263.9173,241.5038,255.7135,241.3455
265.1233,239.1079,253.0334,240.5912,250.1694,217.2462,262.2592,215.7630
259.6924,242.2552,248.3263,243.5027,246.0911,223.1366,257.4572,221.8892
252.2311,245.2815,243.2153,245.5570,242.3472,217.1503,251.3630,216.8748
248.4287,241.5477,236.9730,243.2020,233.8544,221.6059,245.3101,219.9516
249.1317,244.9317,235.0784,248.6018,229.7007,228.0096,243.7540,224.3395
242.9773,248.5041,232.7069,248.8146,231.9212,222.8265,242.1916,222.5160
244.8035,249.1731,234.0817,250.0509,231.8786,223.1409,242.6004,222.2631
242.6529,250.3849,233.2197,251.0195,231.5439,226.1054,240.9771,225.4709
224.5101,217.9484,234.3486,218.3344,233.2769,245.6538,223.4384,245.2679
232.2240,236.3994,218.4547,236.4342,218.4049,216.6937,232.1741,216.6590
234.2052,239.2998,219.3218,242.3512,214.9321,220.9405,229.8155,217.8890
237.5683,239.8120,226.9006,241.3416,223.2841,216.1196,233.9518,214.5900
242.6089,239.2726,231.7568,240.3284,229.1972,214.0191,240.0493,212.9634
243.2664,242.4245,231.8931,243.2735,230.0807,218.9930,241.4539,218.1440
244.6573,240.9797,233.1525,242.0180,230.8155,216.1232,242.3203,215.0849
242.0003,238.7055,230.5200,239.2681,229.1768,211.8610,240.6571,211.2984
240.7422,238.7387,226.7242,240.7878,223.3078,217.4161,237.3259,215.3670
238.5658,238.3376,228.4536,239.1378,226.3671,212.7704,236.4793,211.9703
236.7221,233.4376,227.6117,233.7585,226.7426,209.0876,235.8530,208.7667
240.1031,234.2990,228.2894,236.0703,224.1428,208.4147,235.9566,206.6434
234.6052,227.8076,224.7199,229.0700,221.8645,206.7116,231.7498,205.4492
234.4654,222.8978,224.6819,223.7310,222.6863,200.2958,232.4697,199.4626
244.4981,227.6574,225.7674,227.7902,225.5901,202.7908,244.3208,202.6580
256.4216,230.2204,241.9857,231.6402,239.3956,205.3073,253.8316,203.8874
267.0971,227.2227,254.5778,228.9944,251.0400,203.9958,263.5593,202.2240
279.2597,233.5984,267.0037,234.3576,265.4889,209.9045,277.7449,209.1453
272.4316,211.9115,285.7003,212.3523,284.8253,238.6911,271.5567,238.2504
280.1847,205.9371,290.9361,206.0775,290.5725,233.9267,279.8211,233.7864
299.4100,234.7898,285.9344,235.5752,284.3949,209.1600,297.8705,208.3746
312.0135,238.2462,296.3333,238.5489,295.7956,210.7025,311.4759,210.3998
323.2798,231.6464,310.3052,232.7243,308.0690,205.8061,321.0436,204.7283
328.6620,231.0313,314.0945,231.1947,313.7928,204.3021,328.3603,204.1387
