1
635.1403,242.4073,579.0135,222.3620,588.9004,194.6787,645.0271,214.7240
626.6922,251.4615,576.6153,218.0769,596.9230,187.6154,646.9999,221.0000
627.2797,242.5267,575.4435,217.2407,589.2157,189.0077,641.0519,214.2936
628.2242,241.0440,573.8727,215.5321,586.6600,188.2894,641.0116,213.8014
624.9575,239.4404,571.7881,214.9825,584.2639,187.8613,637.4332,212.3193
622.5356,241.6742,570.1684,212.9970,585.4149,185.1557,637.7820,213.8330
620.7438,241.4366,571.2513,212.3866,586.8156,185.8699,636.3080,214.9199
613.1953,244.9569,575.0446,208.2736,595.4135,187.0899,633.5641,223.7732
601.5744,251.4390,585.4575,195.7623,603.9111,190.4205,620.0280,246.0972
587.0000,260.0000,587.0000,192.0000,606.0000,192.0000,606.0000,260.0000
586.0000,255.0000,586.0000,191.0000,608.0000,191.0000,608.0000,255.0000
597.9464,252.2253,574.5579,246.6567,588.7961,186.8562,612.1845,192.4249
595.6351,247.1941,571.4489,239.8038,588.1700,185.0797,612.3563,192.4700
579.0000,243.0000,579.0000,188.0000,606.0000,188.0000,606.0000,243.0000
590.8687,242.3378,566.5953,232.8981,586.5630,181.5523,610.8365,190.9920
590.0001,239.0000,565.6898,229.2759,585.0690,180.8276,609.3793,190.5517
589.1533,240.3285,564.8248,231.4818,583.3941,180.4160,607.7226,189.2628
588.2701,239.0073,564.5839,230.3942,582.8029,180.2920,606.4891,188.9051
585.7586,237.8966,562.5862,227.9655,583.0690,180.1724,606.2414,190.1034
595.0800,235.4400,569.3200,231.7600,576.4600,181.7800,602.2200,185.4600
585.2414,236.1035,561.9483,226.1207,582.2242,178.8104,605.5173,188.7931
583.5814,234.0556,561.0462,223.5929,582.0672,178.3169,604.6024,188.7797
582.6040,231.5772,560.6980,219.7114,582.9812,178.5732,604.8872,190.4389
584.6238,236.0601,561.1016,227.7135,578.6284,178.3198,602.1506,186.6664
581.7065,231.4874,559.9181,220.1574,581.5630,178.5327,603.3514,189.8627
583.5480,235.2055,560.3151,226.4932,578.1918,178.8219,601.4247,187.5343
581.2438,232.8049,558.6683,222.3853,579.1854,177.9317,601.7609,188.3512
582.5480,235.2055,559.3151,226.4932,577.1507,178.9315,600.3836,187.6439
580.7047,231.6983,558.8257,221.1964,579.2054,178.7386,601.0845,189.2406
581.6239,235.0601,559.3623,227.1608,576.3706,179.2283,598.6322,187.1275
580.5659,232.1725,559.0375,224.1991,575.8288,178.8625,597.3571,186.8360
580.2401,231.0519,559.2655,223.2835,576.0568,177.9469,597.0314,185.7153
581.2928,229.5635,561.5215,224.1094,574.3039,177.7735,594.0751,183.2276
568.0000,236.0000,568.0000,181.0000,587.0000,181.0000,587.0000,236.0000
572.9730,229.8379,564.8648,181.1892,583.8378,178.0270,591.9460,226.6757
586.9274,226.4384,551.4267,196.2627,567.6125,177.2206,603.1132,207.3963
588.6923,227.4615,545.0769,198.3846,560.6154,175.0769,604.2307,204.1538
583.2316,233.4659,552.6734,193.9948,574.8998,176.7873,605.4581,216.2583
584.1295,233.9237,551.8082,195.3867,573.8320,176.9151,606.1533,215.4521
587.8823,229.5294,540.5294,201.1177,556.0588,175.2353,603.4117,203.6470
586.3077,232.5384,539.9230,201.6154,557.4615,175.3077,603.8461,206.2308
587.2804,226.7791,538.3512,203.7536,550.2493,178.4703,599.1785,201.4958
587.0942,227.7056,538.1304,202.5242,550.9594,177.5791,599.9232,202.7605
586.5375,227.0788,537.4669,203.2870,549.4223,178.6290,598.4930,202.4208
585.9578,227.3223,537.2491,203.6638,549.2187,179.0205,597.9274,202.6790
585.2001,227.6001,536.8000,203.4000,549.0000,179.0000,597.4000,203.2001
584.1699,229.0944,536.7076,202.7265,550.2453,178.3585,597.7076,204.7265
584.3422,228.9306,536.8057,203.8419,549.4762,179.8347,597.0127,204.9234
584.4603,229.6785,536.4180,203.5984,549.3323,179.8090,597.3746,205.8891
585.2582,229.2757,537.1304,204.5242,549.3668,180.7314,597.4946,205.4829
586.0410,230.4508,538.4180,204.5983,551.3323,180.8089,598.9553,206.6614
586.4769,231.4154,539.3077,204.4616,552.9077,180.6616,600.0769,207.6154
587.2687,231.0315,539.9988,205.3708,552.8771,181.6476,600.1470,207.3083
588.1444,232.1101,541.8398,206.2340,555.0033,182.6783,601.3079,208.5544
588.5588,232.7353,544.1471,206.0882,557.7354,183.4412,602.1471,210.0882
585.7658,236.3960,549.5340,201.8894,567.9406,182.5624,604.1724,217.0690
572.5600,247.9200,564.3200,190.2400,583.6400,187.4800,591.8799,245.1600
576.2921,238.9326,553.2809,224.5506,579.1235,183.2023,602.1348,197.5843
569.8154,232.6769,555.1077,206.9384,596.1385,183.4923,610.8461,209.2308
564.9208,226.2563,558.1035,200.5020,610.3541,186.6710,617.1714,212.4252
566.1572,227.2818,559.3022,201.9183,614.3363,187.0442,621.1913,212.4077
568.7971,226.4128,562.5941,200.8257,616.8309,187.6774,623.0339,213.2645
570.4196,227.5207,563.9280,202.2757,618.6523,188.2037,625.1439,213.4487
572.4958,226.2666,567.1071,201.6328,621.1463,189.8118,626.5350,214.4455
574.1971,224.1390,570.0284,200.0528,624.3063,190.6585,628.4750,214.7447
576.9590,227.3840,571.5247,202.5415,625.3550,190.7661,630.7893,215.6086
579.0188,228.5119,573.3218,203.2822,626.5436,191.2643,632.2406,216.4940
580.3852,226.9900,575.4865,201.6801,629.1846,191.2869,634.0833,216.5968
582.7584,226.9178,578.0462,202.5717,631.1846,192.2869,635.8968,216.6329
584.1587,225.1505,580.7888,200.7188,634.2882,193.3396,637.6581,217.7713
586.2432,227.4595,582.1081,202.6486,635.6216,193.7297,639.7568,218.5405
588.3541,228.9960,583.4915,203.8726,637.0341,193.5095,641.8967,218.6329
590.6539,229.2692,585.6154,204.0770,638.8846,193.4231,643.9230,218.6154
591.7567,228.5405,587.5946,203.5676,641.4325,194.5946,645.5946,219.5676
593.7944,231.1043,588.7452,205.0171,642.6610,194.5818,647.7102,220.6690
595.9591,232.3840,590.3617,206.7959,644.6096,194.9292,650.2070,220.5173
597.6608,233.4587,591.1692,208.2136,645.1699,194.3277,651.6615,219.5727
599.2672,231.9736,593.8542,206.4552,647.7619,195.0202,653.1749,220.5387
600.9042,232.2627,595.6511,207.4982,649.9648,195.9771,655.2179,220.7416
603.4951,234.3541,597.4361,208.6032,651.2787,195.9344,657.3377,221.6852
604.2722,234.4066,598.3836,209.3804,653.3967,196.4361,659.2852,221.4623
605.6310,234.4557,600.2423,209.8220,654.6095,197.9292,659.9982,222.5629
606.8397,235.4101,601.2880,210.0308,656.4008,197.9749,661.9525,223.3542
609.0541,238.9841,601.5063,213.3217,656.1879,197.2389,663.7356,222.9013
611.0273,238.9504,603.6016,213.4912,658.0528,197.6096,665.4785,223.0688
611.9020,238.3967,605.3553,212.9372,659.8384,198.9273,666.3852,224.3867
612.5126,238.2393,606.4207,213.1101,661.6019,199.7328,667.6938,224.8621
613.8811,238.6349,607.6781,213.0477,663.7753,199.4484,669.9783,225.0356
615.4810,240.3727,608.6127,214.4260,664.3541,199.6710,671.2224,225.6176
615.3064,239.0419,609.7795,213.4801,667.6678,200.9637,673.1947,226.5255
615.3461,240.7308,610.0384,214.1923,672.3461,201.7308,677.6539,228.2692
617.5544,240.1515,613.4933,212.8840,676.3542,203.5217,680.4154,230.7892
616.4325,241.5946,611.8920,214.3514,678.0541,203.3243,682.5946,230.5676
616.2307,243.1539,610.8461,216.2308,678.1538,202.7692,683.5385,229.6923
614.9963,243.4789,610.2111,215.9633,679.1688,203.9706,683.9541,231.4862
616.5098,245.4078,610.5292,218.2236,677.8126,203.4212,683.7932,230.6055
615.7279,246.5934,609.2886,219.2262,677.4000,203.2000,683.8394,230.5672
617.5144,247.4765,610.9425,220.0938,677.5083,204.1180,684.0802,231.5007
618.4916,249.4337,610.6932,221.0254,677.3379,202.7308,685.1362,231.1391
619.1407,250.4210,610.8443,221.6603,676.6921,202.6658,684.9885,231.4264
619.5291,251.7456,610.0869,222.8288,673.8404,202.0113,683.2827,230.9281
624.5555,257.5168,608.8579,228.1691,662.1288,199.6754,677.8264,229.0232
633.1801,263.6095,608.3990,244.2492,642.7835,200.2371,667.5646,219.5974
628.0000,277.0000,628.0000,208.0000,648.0000,208.0000,648.0000,277.0000
636.1400,272.3316,620.2203,211.8368,645.5208,205.1788,661.4405,265.6736
642.9230,266.3847,611.0768,218.6154,636.4615,201.6923,668.3077,249.4616
643.4862,262.6655,608.6276,221.4689,631.8931,201.7827,666.7517,242.9793
644.2527,261.6278,606.8984,222.5755,628.1728,202.2261,665.5272,241.2784
641.5170,261.1094,605.8188,222.1660,627.7811,202.0340,663.4792,240.9773
640.0132,262.3490,605.2036,220.9090,627.9991,201.7608,662.8087,243.2008
636.8105,261.8441,604.3924,218.0797,628.2357,200.4181,660.6537,244.1825
633.2480,261.2602,603.0637,216.7781,627.7624,200.0183,657.9467,244.5004
633.8315,258.2697,600.5281,217.9551,622.4944,199.8090,655.7978,240.1236
632.6635,257.3663,599.7822,217.1782,621.8911,199.0891,654.7723,239.2772
632.6886,255.1459,597.9343,218.5625,618.2234,199.2878,652.9777,235.8713
630.5000,254.5000,595.5000,219.5000,614.5000,200.5000,649.5000,235.5000
628.8662,252.3181,594.0408,219.4274,612.2056,200.1941,647.0310,233.0848
625.1461,252.5986,591.9315,217.5387,611.2643,199.2234,644.4789,234.2832
622.5972,251.1028,590.3165,216.9233,609.1974,199.0914,641.4780,233.2708
618.8279,252.5421,588.9405,213.8642,610.6274,197.1061,640.5148,235.7840
618.6689,250.6276,587.3862,215.4345,607.1241,197.8896,638.4068,233.0828
613.8603,250.2898,585.3803,213.4334,606.5834,197.0491,635.0634,233.9056
613.3441,250.9159,583.3027,212.0388,604.8474,195.3907,634.8887,234.2678
612.9554,251.1291,583.0444,211.8709,604.2855,195.6872,634.1965,234.9455
611.3657,248.4891,580.8694,212.6110,601.1597,195.3643,631.6560,231.2424
607.2289,249.9476,581.6428,207.9131,604.0082,194.2993,629.5944,236.3338
606.3564,248.0365,576.8856,219.8470,599.2547,196.4610,628.7255,224.6505
609.8035,252.3414,589.1104,251.1242,592.2863,197.1345,612.9794,198.3517
599.3549,242.8371,579.5388,224.0118,608.8502,193.1577,628.6663,211.9829
628.7563,221.4112,586.7563,218.4112,588.3502,196.0964,630.3502,199.0964
629.4719,222.5208,596.8558,217.6284,600.2592,194.9389,632.8753,199.8313
598.5531,237.2092,584.1003,211.6390,619.0287,191.8969,633.4814,217.4670
596.4001,236.8000,583.6001,211.2000,619.6001,193.2000,632.4001,218.8000
585.9889,225.3609,583.8936,199.1685,627.4547,195.6836,629.5500,221.8760
628.6808,221.3506,584.4157,217.1348,586.5640,194.5775,630.8292,198.7932
623.4000,230.2000,587.0000,212.0000,597.4000,191.2000,633.8000,209.4000
586.9999,226.0000,583.1271,200.8266,623.7051,194.5838,627.5779,219.7572
625.7843,222.2652,584.3978,218.3236,586.5552,195.6719,627.9417,199.6135
625.4097,223.3286,584.2211,217.7120,587.3124,195.0426,628.5010,200.6592
600.2308,235.8461,583.7692,211.1538,611.9230,192.3846,628.3846,217.0769
623.8853,221.2623,585.3853,217.7623,587.3689,195.9426,625.8689,199.4426
622.9538,224.5480,585.4306,212.8221,591.7474,192.6085,629.2706,204.3345
612.5000,230.5000,590.5000,208.5000,607.0000,192.0000,629.0000,214.0000
620.8000,225.4000,591.2000,210.6000,599.8000,193.4000,629.4000,208.2000
616.5693,228.5539,591.0923,208.7385,603.7462,192.4693,629.2231,212.2847
623.4177,220.9968,592.0064,211.8352,597.4832,193.0576,628.8945,202.2192
621.3730,224.2176,593.6425,208.0414,603.2539,191.5648,630.9845,207.7409
623.8403,223.1834,590.4675,209.2781,598.1006,190.9586,631.4734,204.8639
625.0474,222.6864,593.5208,209.5503,601.1539,191.2308,632.6805,204.3669
627.9390,218.5488,593.0366,214.6707,595.2438,194.8049,630.1463,198.6829
627.5000,221.5000,596.0000,211.0000,602.3000,192.1000,633.8000,202.6000
629.3488,221.5046,597.7891,212.0367,603.6239,192.5872,635.1836,202.0551
632.4615,219.6923,599.0000,213.0000,602.8462,193.7693,636.3077,200.4615
601.0000,220.0000,601.0000,197.0000,636.0000,197.0000,636.0000,220.0000
605.6212,223.5650,602.4688,199.1331,639.5927,194.3429,642.7451,218.7748
647.9924,219.2140,606.6165,217.7363,607.3834,196.2637,648.7592,197.7414
653.9680,221.0873,609.6827,219.7848,610.3699,196.4226,654.6552,197.7251
655.8484,221.5660,612.1928,217.3412,614.3268,195.2897,657.9825,199.5144
657.5466,222.4358,614.7607,208.9244,620.0201,192.2695,662.8060,205.7809
658.5255,222.1947,614.6316,212.7041,618.7852,193.4941,662.6791,202.9846
660.2626,222.8675,616.5797,211.6348,621.2589,193.4380,664.9418,204.6707
661.9927,221.2256,616.7816,219.7672,617.5353,196.4044,662.7463,197.8628
662.8371,222.3439,618.3991,216.9575,621.0526,195.0670,665.4905,200.4534
664.9277,221.2310,618.6174,218.5069,619.9553,195.7621,666.2656,198.4862
665.9805,221.3113,621.6536,218.5409,623.0739,195.8171,667.4008,198.5876
667.9214,221.2983,622.4822,218.5444,623.8545,195.9003,669.2937,198.6542
669.9642,221.1807,622.8257,219.7523,623.5009,197.4697,670.6394,198.8981
670.9414,221.1095,623.8112,219.8003,624.5182,194.3478,671.6484,195.6569
671.7104,220.4759,625.4484,216.6207,627.4622,192.4552,673.7242,196.3104
666.6000,220.8000,627.0001,201.0001,633.8001,187.4001,673.4001,207.2000
631.9200,211.5600,613.3200,186.7600,647.8801,160.8400,666.4800,185.6400
2
0
0
0
0
1
610.2798,229.8615,605.9611,203.3319,674.4484,192.1828,678.7671,218.7123
610.1810,229.4631,606.5173,203.2069,676.0016,193.5114,679.6653,219.7676
610.7781,230.7803,606.5110,204.5680,675.4742,193.3414,679.7413,219.5537
611.6154,233.0769,606.2308,206.1539,675.2692,192.3462,680.6539,219.2693
610.4133,233.2235,605.2354,206.7583,674.9158,193.1252,680.0938,219.5903
610.8248,235.4511,604.1575,208.2267,673.2004,191.3183,679.8676,218.5426
611.3375,236.2473,604.4246,209.1271,673.5048,191.5184,680.4177,218.6386
611.6379,239.0162,602.5449,211.1690,669.2859,189.3760,678.3790,217.2232
614.2881,244.7258,600.3026,216.1188,659.7944,187.0339,673.7800,215.6409
622.8992,248.7164,600.7410,224.2660,642.1608,186.7292,664.3190,211.1796
632.8118,266.8471,609.8353,261.7412,625.5059,191.2235,648.4823,196.3294
623.0123,273.3996,620.6080,195.2582,643.4019,194.5569,645.8062,272.6983
628.2241,268.3403,609.5519,198.3195,638.0581,190.7179,656.7303,260.7386
630.6000,257.2000,603.6000,203.2000,631.6000,189.2000,658.6000,243.2000
629.1535,260.5497,602.6429,201.9473,631.9935,188.6697,658.5041,247.2720
628.6335,262.6969,601.9131,202.2244,631.0014,189.3715,657.7217,249.8439
627.5716,262.6395,601.2925,201.7827,630.1981,189.3008,656.4771,250.1576
626.0832,262.6478,600.9310,201.1646,629.9009,189.3133,655.0532,250.7965
624.9885,262.5262,600.6738,200.3886,629.6312,189.0574,653.9459,251.1951
624.4546,262.8505,600.9675,200.6789,629.3016,189.9749,652.7887,252.1465
623.2554,263.4526,600.1898,200.0219,628.7737,189.6278,651.8394,253.0584
622.4546,262.8504,598.9675,200.6789,627.3016,189.9749,650.7887,252.1465
621.7651,262.4649,597.6487,201.4645,626.5299,190.0463,650.6464,251.0468
620.9327,262.0732,597.4872,200.5287,626.0970,189.6297,649.5426,251.1742
620.6603,261.2545,597.2096,201.1621,625.3191,190.1926,648.7698,250.2850
620.3203,261.1843,595.7436,201.9112,624.1107,190.1492,648.6873,249.4223
619.4870,260.7610,595.8555,200.9874,623.8719,189.9111,647.5034,249.6847
618.4670,260.5381,593.8903,201.2650,622.2574,189.5031,646.8340,248.7762
618.3755,258.9805,592.5901,203.1122,620.4926,190.2342,646.2780,246.1024
618.8326,258.8688,592.1381,202.5136,619.4344,189.5837,646.1290,245.9389
617.6001,258.2000,590.4001,203.8000,617.6001,190.2000,644.8000,244.6000
615.9355,259.0790,590.4512,202.4470,618.5593,189.7983,644.0437,246.4304
614.5804,259.4244,588.5902,203.1122,616.1755,190.3805,642.1658,246.6927
613.3756,258.9805,587.5902,203.1122,615.1122,190.4098,640.8976,246.2780
613.4458,258.0521,587.3417,202.9435,615.0249,189.8303,641.1290,244.9389
612.6000,257.2000,586.0001,204.0000,612.8001,190.6000,639.4001,243.8000
611.1707,257.5366,585.9708,202.9366,613.1756,190.3805,638.3755,244.9805
610.6234,258.3453,584.9613,202.9692,612.5691,190.1754,638.2312,245.5515
611.0918,258.0672,583.7257,204.8554,610.7043,190.9806,638.0704,244.1924
609.8890,258.6786,582.3334,205.0179,609.6878,190.9711,637.2433,244.6318
608.9138,258.9338,582.2700,204.1659,610.1566,190.5995,636.8004,245.3674
608.6001,258.2000,581.8000,204.6000,609.0000,191.0000,635.8000,244.6000
607.3184,257.7100,581.2699,204.1659,609.1346,190.6101,635.1831,244.1541
607.2740,257.4809,580.1358,204.6329,607.8751,190.3884,635.0132,243.2364
608.9495,255.9675,579.8665,206.9856,606.4600,191.1957,635.5430,240.1776
610.0900,255.9438,579.8091,207.4944,606.2361,190.9776,636.5170,239.4270
611.2566,253.1820,576.6953,211.1074,601.2406,190.9452,635.8019,233.0198
616.9937,246.0626,573.5757,218.5646,589.3814,193.6082,632.7994,221.1062
621.0688,243.8276,566.7585,222.1035,577.3793,195.5517,631.6896,217.2758
620.1445,241.1007,558.8627,225.4543,566.0893,197.1505,627.3710,212.7968
618.3456,238.4512,554.3218,226.6918,559.3549,199.2897,623.3787,211.0491
615.0400,237.7200,551.3400,228.6200,555.2601,201.1800,618.9600,210.2800
612.1042,238.4821,549.4116,230.8055,552.7354,203.6615,615.4280,211.3381
607.8907,238.9283,547.4334,231.8157,550.7031,204.0239,611.1603,211.1365
604.4779,240.0174,544.6593,232.8391,547.9243,205.6310,607.7429,212.8092
601.1777,240.9662,541.4711,232.9288,545.2139,205.1249,604.9205,213.1624
599.0099,239.9010,538.7129,233.8713,541.4060,206.9406,601.7030,212.9703
595.6044,241.7620,535.5576,234.8336,538.7985,206.7460,598.8452,213.6744
593.9436,241.9749,531.4269,235.8458,534.1497,208.0735,596.6664,214.2026
589.1230,242.9748,527.5694,235.5883,530.9385,207.5126,592.4921,214.8991
586.6920,243.0029,523.5707,235.7197,526.7985,207.7460,589.9197,215.0292
583.6788,244.1168,519.5708,236.7197,522.8643,208.1766,586.9723,215.5737
581.1667,246.4788,514.5934,236.7954,518.8589,207.4704,585.4323,217.1538
578.0036,247.6005,510.4510,237.7747,514.7165,208.4496,582.2690,218.2755
575.1468,248.4187,506.4057,239.6698,510.1402,210.3269,578.8813,219.0758
570.9199,250.5600,503.4400,240.9200,507.7400,210.8200,575.2200,220.4600
567.4475,252.7096,501.2031,241.8696,506.3087,210.6687,572.5531,221.5087
564.4436,253.9433,497.2308,242.5298,502.6744,210.4730,569.8872,221.8865
563.7750,256.4598,492.1657,243.6725,497.9568,211.2423,569.5662,224.0297
559.8634,258.9707,488.0195,243.5756,495.1171,210.4536,566.9609,225.8488
556.5496,259.0103,482.6443,243.7195,489.6568,209.8256,563.5621,225.1163
550.6585,260.9268,477.8585,245.3268,485.1609,211.2488,557.9609,226.8488
547.1249,262.2215,473.0150,245.3192,480.8576,210.9324,554.9675,227.8347
542.7259,262.5866,468.3991,245.6349,476.1238,211.7651,550.4506,228.7168
537.1063,264.7103,462.8987,246.4839,471.4166,211.8041,545.6241,230.0305
532.2042,266.3096,458.8055,246.4049,468.2462,211.5922,541.6449,231.4969
527.7824,266.6270,454.3912,247.3135,463.4716,212.8083,536.8627,232.1218
523.1454,269.2188,449.9862,247.3994,460.7205,211.4079,533.8796,233.2273
518.8636,269.6108,446.1053,249.1874,456.1481,213.4100,528.9064,233.8334
513.7783,271.0352,441.6549,248.2594,453.0504,212.1738,525.1737,234.9496
509.5237,271.7041,438.7307,248.9492,450.5711,212.1122,521.3641,234.8671
505.2324,271.6104,435.6370,249.2405,447.2902,212.9861,516.8856,235.3561
501.2729,273.8943,432.5635,250.1583,445.4415,212.8798,514.1509,236.6158
498.5785,276.5877,430.7384,249.7077,445.8714,211.5151,513.7114,238.3951
490.0000,280.0000,429.2000,249.6000,448.4001,211.2000,509.2000,241.6000
488.0722,281.3871,430.7946,250.2579,450.7782,213.4882,508.0558,244.6173
483.8342,285.5051,431.9980,249.0797,456.3707,214.3956,508.2068,250.8210
439.0000,283.0000,439.0000,228.0000,484.0000,228.0000,484.0000,283.0000
440.0000,284.0000,440.0000,229.0000,481.0000,229.0000,481.0000,284.0000
477.8925,284.4736,436.4056,282.6698,438.6774,230.4207,480.1642,232.2245
437.0000,282.0000,437.0000,232.0000,478.0000,232.0000,478.0000,282.0000
435.0000,283.0000,435.0000,232.0000,476.0000,232.0000,476.0000,283.0000
434.0000,282.0000,434.0000,233.0000,475.0000,233.0000,475.0000,282.0000
433.0000,282.0000,433.0000,233.0000,473.0000,233.0000,473.0000,282.0000
433.0000,281.0000,433.0000,234.0000,473.0000,234.0000,473.0000,281.0000
432.0000,281.0000,432.0000,234.0000,472.0000,234.0000,472.0000,281.0000
431.0000,280.0000,431.0000,235.0000,471.0000,235.0000,471.0000,280.0000
431.0000,280.0000,431.0000,236.0000,471.0000,236.0000,471.0000,280.0000
430.0000,279.0000,430.0000,236.0000,470.0000,236.0000,470.0000,279.0000
468.9756,279.2195,427.7073,274.6341,432.1464,234.6829,473.4147,239.2683
468.1892,280.8649,426.1892,273.8649,432.7568,234.4595,474.7568,241.4595
467.9615,279.1923,425.8462,270.7692,433.0385,234.8077,475.1539,243.2308
467.8236,278.7059,425.2353,268.0589,433.4706,235.1177,476.0589,245.7647
466.6663,283.4366,423.7406,264.1940,438.4653,231.3465,481.3911,250.5891
425.0000,279.0000,425.0000,240.0000,471.0000,240.0000,471.0000,279.0000
472.7623,278.4460,415.9686,265.5383,423.3851,232.9057,480.1788,245.8134
475.8104,277.0056,409.3678,265.7228,414.7585,233.9778,481.2010,245.2606
476.4908,276.7531,405.4688,266.7851,409.9142,235.1108,480.9363,245.0788
476.3851,276.7083,404.2065,266.7527,408.5006,235.6208,480.6791,245.5764
469.6154,275.0769,403.2769,266.7846,406.9231,237.6154,473.2616,245.9077
469.1552,277.1446,402.3311,267.7658,406.5400,237.7776,473.3640,247.1563
468.1097,277.0122,402.3658,269.7073,405.5487,241.0609,471.2926,248.3658
465.6840,278.8665,401.5396,270.5515,405.3005,241.5389,469.4448,249.8539
466.9081,281.2487,400.4081,270.7487,405.0622,241.2729,471.5622,251.7729
465.3121,282.0263,399.4688,272.7851,403.6028,243.3302,469.4461,252.5714
466.1100,285.7737,397.6895,273.7701,402.9269,243.9170,471.3473,255.9206
464.8892,286.7461,397.5070,273.5103,403.4510,243.2494,470.8333,256.4851
463.7000,287.7090,396.9024,274.5880,402.9580,243.7596,469.7556,256.8806
464.4803,289.3547,395.3744,276.3159,401.0567,246.1994,470.1626,259.2382
463.0291,290.4966,394.5270,276.2792,400.8529,245.7996,469.3550,260.0170
461.7647,292.9412,395.8824,276.4706,403.6471,245.4118,469.5294,261.8824
459.9794,295.4934,400.8312,276.6735,411.0357,244.6022,470.1839,263.4221
457.4683,297.7802,406.6014,279.4117,418.3591,246.8519,469.2260,265.2205
455.9000,299.3000,409.7000,283.9000,421.1000,249.7000,467.3000,265.1000
456.7214,299.0656,413.0820,295.0984,416.5902,256.5082,460.2296,260.4755
457.3462,300.2692,413.1154,291.4231,420.5770,254.1154,464.8077,262.9615
457.1000,301.7000,412.7000,286.9000,424.1000,252.7000,468.5001,267.5000
456.2455,301.1445,413.1475,281.8247,426.8426,251.2742,469.9406,270.5941
459.1176,299.4706,413.9059,289.4235,421.5058,255.2235,466.7176,265.2706
459.2000,300.4000,414.5000,285.5000,425.2000,253.4000,469.9000,268.3000
460.8236,298.7059,416.1177,287.5294,424.1177,255.5294,468.8236,266.7059
461.2000,300.4000,416.8000,285.6000,427.2000,254.4000,471.6000,269.2000
462.5000,299.5000,418.1000,284.7000,428.3000,254.1000,472.7000,268.9000
464.5294,298.8824,418.8824,287.4706,426.7647,255.9412,472.4118,267.3530
466.8378,297.9729,420.2973,290.2162,425.6216,258.2702,472.1622,266.0270
467.5530,298.2092,417.5243,284.3123,425.7765,254.6046,475.8051,268.5014
472.2353,296.9412,411.0353,283.3412,417.6000,253.8000,478.8000,267.4000
472.7902,297.3122,404.0195,282.5756,410.5317,252.1853,479.3024,266.9219
471.4576,296.9165,403.5828,279.6393,411.1108,250.0646,478.9857,267.3418
471.8366,297.5238,405.7937,279.3944,413.7773,250.3114,479.8202,268.4408
467.3712,296.4416,408.1968,279.1824,416.6416,250.2288,475.8160,267.4880
467.8299,294.8880,408.6390,279.1038,415.8589,252.0291,475.0498,267.8133
465.7359,294.4163,408.7152,278.6447,416.2813,251.2906,473.3019,267.0623
466.4212,293.7186,408.7788,278.6814,415.7876,251.8142,473.4301,266.8513
468.1693,294.0462,408.9385,277.8923,416.4154,250.4769,475.6462,266.6308
467.1770,292.6549,409.0867,277.5009,415.8726,251.4885,473.9628,266.6425
467.3320,292.7552,409.8217,277.4191,416.8922,250.9046,474.4026,266.2407
467.7298,292.3784,411.3644,278.6002,417.8947,251.8853,474.2600,265.6635
468.6474,293.5726,412.0706,278.4855,419.2407,251.5975,475.8175,266.6847
469.9221,294.5775,413.4773,278.2713,421.2749,251.2794,477.7197,267.5857
470.7990,294.5420,414.7439,278.3483,422.5474,251.3359,478.6026,267.5297
473.3783,294.9982,416.2771,278.5023,423.9740,251.8592,481.0752,268.3551
474.9573,292.8030,418.6208,278.3914,425.3157,252.2203,481.6523,266.6320
476.6515,293.3071,420.5726,278.3527,427.6432,251.8382,483.7220,266.7925
479.1974,292.8645,422.6208,278.3914,429.4553,251.6747,486.0320,266.1477
481.3530,292.5883,425.1177,278.5294,431.9412,251.2353,488.1765,265.2941
482.9669,292.1245,427.8217,277.4191,434.9586,250.6556,490.1038,265.3610
483.9384,291.8923,431.3077,277.5385,438.8077,250.0385,491.4384,264.3923
489.6001,294.2000,437.7000,276.9000,446.8000,249.6000,498.7000,266.9000
485.3239,296.0169,445.4080,273.3979,459.7343,248.1161,499.6502,270.7351
486.3270,298.0993,453.5416,267.0394,471.8569,247.7066,504.6423,278.7664
484.8276,307.9310,462.8448,256.6379,485.6552,246.8621,507.6380,298.1552
487.0001,312.0000,469.6628,251.9864,490.1118,246.0789,507.4490,306.0926
489.6043,309.2525,473.8307,250.4601,494.1715,245.0028,509.9451,303.7952
494.3886,304.1983,476.9002,250.2757,497.0754,243.7324,514.5638,297.6550
498.0875,305.2825,480.6353,248.8986,500.7119,242.6844,518.1640,299.0683
501.4759,302.4673,483.5116,247.0774,503.7112,240.5262,521.6755,295.9161
505.0000,302.0000,485.6214,246.6326,506.4677,239.3363,525.8463,294.7038
508.6028,297.2740,489.1644,245.4384,509.6575,237.7534,529.0959,289.5891
511.5223,297.4060,492.0782,245.0566,512.4907,237.4749,531.9347,289.8242
514.6443,293.3131,495.4050,244.1459,515.8410,236.1492,535.0804,285.3164
517.5342,293.4247,498.7123,243.2329,519.6439,235.3836,538.4658,285.5753
520.3795,293.0438,501.9562,242.3796,522.9927,234.7299,541.4160,285.3942
524.1652,297.5505,506.9083,240.0275,528.1927,233.6422,545.4496,291.1652
526.6443,294.1087,509.8376,239.1052,531.0769,232.6154,547.8835,287.6189
530.9343,290.5693,512.2773,239.2628,533.6350,231.4963,552.2920,282.8029
534.3217,289.7246,516.0528,238.2394,537.1683,230.7468,555.4372,282.2320
537.6920,294.2487,519.8109,236.1351,541.9460,229.3243,559.8271,287.4379
542.0001,287.0000,522.9570,235.7303,544.1478,227.8594,563.1909,279.1291
544.2555,285.4525,525.8030,234.7080,547.4015,226.8540,565.8540,277.5985
548.0588,283.7648,529.6877,232.3259,550.1493,225.0182,568.5204,276.4571
551.9999,285.0000,532.9332,230.5234,554.3586,223.0245,573.4254,277.5011
554.6297,280.1002,535.9687,229.7154,556.8456,221.9832,575.5067,272.3680
557.2098,279.4095,539.2560,228.8124,560.3715,221.3198,578.3253,271.9169
559.1224,274.2094,540.2153,227.8011,561.4976,219.1306,580.4047,265.5388
564.1470,278.9118,543.5103,226.5263,565.6502,217.8045,586.2869,270.1900
565.9655,275.5862,544.8104,226.2241,566.8965,216.7586,588.0517,266.1207
568.8497,269.1710,544.6943,227.7617,566.8290,214.8497,590.9844,256.2591
574.6035,268.2587,543.4621,231.4552,565.5621,212.7552,596.7034,249.5587
581.8825,259.9007,540.3784,237.0019,553.7530,212.7603,595.2571,235.6591
588.2930,255.8561,534.7767,237.5823,543.6600,211.5669,597.1763,229.8407
589.1597,253.5886,532.0272,237.4424,539.3948,211.3724,596.5274,227.5186
583.1539,248.2308,530.0770,237.6154,535.2308,211.8462,588.3077,222.4615
583.1406,246.6145,530.9431,236.4019,536.0474,210.3137,588.2449,220.5262
584.9404,245.0740,532.2148,233.6119,537.9097,207.4152,590.6353,218.8773
587.9762,244.4608,533.2465,231.0825,539.6486,204.8919,594.3783,218.2703
588.5529,243.4178,534.3421,229.5767,541.0433,203.3302,595.2541,217.1713
589.5729,242.4229,534.6230,228.3931,541.3752,201.9469,596.3251,215.9766
588.9924,241.1043,535.7864,226.3877,543.1010,199.9428,596.3070,214.6594
591.2069,239.5172,536.0159,226.0261,542.5564,199.2693,597.7474,212.7605
589.0938,236.8071,538.0867,223.5009,544.9363,197.2442,595.9434,210.5504
592.8265,235.9982,538.5221,221.8318,545.4354,195.3310,599.7399,209.4973
596.2980,235.9766,538.8067,220.4060,546.2188,193.0385,603.7101,208.6090
597.1117,234.8868,539.3221,219.5549,546.4493,192.6907,604.2389,208.0226
597.2981,233.9766,539.3798,218.2904,546.6604,191.4080,604.5787,207.0943
597.7968,232.9824,540.3503,216.2272,548.2128,189.2704,605.6592,206.0256
598.3681,231.6895,540.1401,216.2413,547.1965,189.6440,605.4245,205.0922
597.8752,230.7136,540.1600,213.8800,548.1568,186.4624,605.8720,203.2960
598.4221,229.9266,540.8991,212.6698,549.0184,185.6055,606.5413,202.8624
598.5607,228.3011,541.1403,210.8253,549.5450,183.2094,606.9655,200.6852
599.7389,227.3052,541.4237,209.9347,549.5502,182.6532,607.8654,200.0237
599.4781,225.8233,540.3422,208.2083,548.4686,180.9268,607.6046,198.5418
601.2811,224.9004,541.0392,206.0747,549.5267,178.9146,609.7687,197.7402
600.7118,222.7224,541.3239,204.1637,549.7936,177.0605,609.1815,195.6192
600.8151,221.8784,541.5246,202.5182,550.3828,175.3903,609.6733,194.7505
602.7001,220.9000,542.1001,200.7000,551.3000,173.1000,611.9000,193.3000
601.0854,217.5267,542.6655,199.2705,551.2064,171.9395,609.6263,190.1957
601.2975,217.0012,543.5165,196.1017,553.4933,168.5188,611.2743,189.4183
599.9756,216.7884,547.6145,191.9169,560.9949,163.7476,613.3560,188.6191
596.7656,221.0138,556.9793,185.6483,576.2344,163.9862,616.0207,199.3517
585.8235,232.2941,570.5295,171.1177,592.1766,165.7059,607.4706,226.8823
576.0000,233.0000,576.0000,166.0000,595.0000,166.0000,595.0000,233.0000
588.6511,235.0165,566.9921,231.2679,579.0234,161.7541,600.6823,165.5027
586.1765,232.2941,562.6471,226.4118,579.2942,159.8235,602.8236,165.7059
585.2940,225.2692,562.1558,218.0707,580.6943,158.4827,603.8325,165.6812
585.8173,220.5762,563.1011,213.3735,580.9216,157.1703,603.6378,164.3730
586.4025,224.2407,563.0623,218.0166,579.6764,155.7137,603.0166,161.9378
585.7579,217.7822,563.2261,210.8081,580.6581,154.4894,603.1899,161.4635
584.9000,214.3000,563.0000,207.0000,581.0000,153.0000,602.9000,160.3000
585.2745,213.2972,563.4507,206.4055,580.6044,152.0856,602.4282,158.9773
585.6352,210.1941,563.6846,203.4870,579.8470,150.5921,601.7975,157.2993
585.5424,209.5396,564.0377,203.1463,579.9249,149.7074,601.4296,156.1007
585.5109,207.6006,563.5604,200.8934,579.5674,148.5067,601.5180,155.2139
584.6124,205.1981,563.1793,198.2639,579.4683,147.9162,600.9014,154.8504
584.2315,205.5152,562.8398,198.9789,578.8469,146.5921,600.2386,153.1285
584.1993,201.5623,562.6193,194.8185,577.8149,146.1922,599.3950,152.9359
583.3264,202.5231,562.5383,196.2237,578.2574,144.3507,599.0455,150.6501
583.8113,198.6604,562.4150,192.5472,576.4528,143.4151,597.8490,149.5283
582.7000,195.9000,561.1000,188.7000,576.5000,142.5000,598.1000,149.7000
581.7460,197.0757,559.8920,190.3514,574.8973,141.5838,596.7513,148.3081
584.8649,195.8108,563.6216,192.2703,572.1892,140.8649,593.4325,144.4054
582.5056,194.9698,560.7698,190.8943,570.2339,140.4189,591.9697,144.4943
582.0830,192.8906,561.3132,188.9962,570.7095,138.8830,591.4792,142.7774
581.8982,190.5434,560.8265,186.5925,569.8038,138.7132,590.8755,142.6641
581.1812,190.9731,559.5604,187.1577,568.2785,137.7550,589.8994,141.5705
580.5599,189.9200,559.7040,186.1280,568.7920,136.1440,589.6479,139.9360
581.2480,187.1360,559.6001,183.2000,568.0641,136.6480,589.7120,140.5840
581.0294,187.8044,559.8558,184.6284,567.2641,135.2396,588.4377,138.4157
580.9609,185.5941,559.8851,182.4328,566.8680,135.8802,587.9438,139.0416
580.6508,184.6201,559.8210,181.8428,566.0481,135.1397,586.8778,137.9170
581.5539,184.5692,560.5078,181.9385,566.4462,134.4308,587.4924,137.0616
579.7423,188.4323,558.9126,185.6550,565.7860,134.1048,586.6157,136.8821
581.8525,183.6230,559.5820,181.5984,563.8525,134.6230,586.1230,136.6476
581.2068,182.5173,559.6896,180.7241,563.6000,133.8000,585.1172,135.5931
562.0000,182.0000,562.0000,134.0000,584.0000,134.0000,584.0000,182.0000
581.0883,182.8529,559.7530,181.2118,563.4706,132.8824,584.8060,134.5235
561.0000,181.0000,561.0000,133.0000,582.0000,133.0000,582.0000,181.0000
561.0000,181.0000,561.0000,134.0000,582.0000,134.0000,582.0000,181.0000
563.0000,185.0000,563.0000,133.0000,582.0000,133.0000,582.0000,185.0000
569.6619,185.0243,555.9249,135.2276,576.6254,129.5171,590.3625,179.3138
584.1710,175.8498,541.7047,151.0777,554.1089,129.8135,596.5752,154.5855
581.8254,171.9610,536.4325,154.7853,545.9507,129.6300,591.3436,146.8057
587.8915,172.3775,536.8526,153.9467,545.2382,130.7249,596.2772,149.1556
585.5649,173.5686,536.2695,152.2517,546.4800,128.6400,595.7754,149.9569
584.0999,172.7000,527.4000,153.8000,535.4000,129.8000,592.0999,148.7000
584.4122,174.0692,525.1290,154.7377,533.2985,129.6843,592.5817,149.0158
583.5984,174.0912,523.3872,156.5296,530.7904,131.1472,591.0016,148.7088
582.8166,174.9450,520.4312,156.2294,528.5230,129.2569,590.9084,147.9725
582.1408,174.0583,518.4683,156.5795,525.7061,130.2134,589.3786,147.6922
581.3055,173.9864,515.7654,156.6739,522.7957,130.0592,588.3358,147.3717
580.8351,173.9030,513.6508,157.4238,520.2513,130.5145,587.4356,146.9936
582.6635,174.6786,514.8124,156.4110,522.0056,129.6938,589.8566,147.9614
580.7620,176.1307,511.4294,155.9613,519.6903,127.5645,589.0228,147.7339
582.1518,175.6533,512.7822,156.3839,520.4612,128.7393,589.8309,148.0086
580.7170,176.6216,512.5230,155.5435,521.2897,127.1805,589.4837,148.2586
577.7628,175.7085,512.2408,155.4563,521.0486,126.9605,586.5706,147.2127
577.6755,175.9906,511.2408,155.4563,520.1152,126.7447,586.5500,147.2791
579.4216,175.8716,510.8221,156.0833,519.0723,127.4824,587.6718,147.2707
580.1766,175.9042,510.4465,155.2434,518.9509,126.5410,588.6810,147.2018
577.7831,176.3947,509.7482,154.9763,518.9457,125.7607,586.9807,147.1791
577.1931,176.9549,509.9283,155.3341,519.3757,125.9422,586.6404,147.5630
576.9198,178.0263,509.5820,155.1796,519.5248,125.8745,586.8625,148.7212
577.2488,178.3032,510.0995,154.3213,520.8461,124.2308,587.9954,148.2127
576.5912,178.1241,509.6277,153.7737,520.5474,123.7445,587.5109,148.0949
575.4691,177.9594,512.0810,152.8434,523.9379,122.9188,587.3260,148.0348
575.0740,179.6378,518.5685,150.7573,532.9774,122.5662,589.4828,151.4468
567.2816,185.5142,527.8970,144.6708,550.0490,123.3100,589.4336,164.1533
557.2122,203.0080,542.3900,132.6021,563.5571,128.1459,578.3793,198.5517
546.0000,210.0000,546.0000,130.0000,567.0000,130.0000,567.0000,210.0000
545.0000,208.0000,545.0000,130.0000,567.0000,130.0000,567.0000,208.0000
564.8654,204.6933,541.4240,203.5212,545.1921,128.1596,568.6335,129.3317
544.0000,208.0000,544.0000,129.0000,567.0000,129.0000,567.0000,208.0000
545.0000,210.0000,545.0000,129.0000,566.0000,129.0000,566.0000,210.0000
545.0000,206.0000,545.0000,128.0000,567.0000,128.0000,567.0000,206.0000
544.0000,208.0000,544.0000,129.0000,566.0000,129.0000,566.0000,208.0000
545.0000,210.0000,545.0000,128.0000,566.0000,128.0000,566.0000,210.0000
544.0000,205.0000,544.0000,128.0000,567.0000,128.0000,567.0000,205.0000
543.0000,208.0000,543.0000,128.0000,565.0000,128.0000,565.0000,208.0000
562.9628,210.6945,541.1861,209.5279,545.5893,127.3352,567.3660,128.5018
544.0000,211.0000,544.0000,128.0000,565.0000,128.0000,565.0000,211.0000
544.0000,212.0000,544.0000,128.0000,565.0000,128.0000,565.0000,212.0000
544.0000,207.0000,544.0000,128.0000,565.0000,128.0000,565.0000,207.0000
544.0000,210.0000,544.0000,128.0000,563.0000,128.0000,563.0000,210.0000
543.0000,205.0000,543.0000,128.0000,563.0000,128.0000,563.0000,205.0000
543.9999,209.0000,543.9999,128.0000,562.9999,128.0000,562.9999,209.0000
544.0000,205.0000,544.0000,127.0000,563.0000,127.0000,563.0000,205.0000
543.0000,203.0000,543.0000,127.0000,563.0000,127.0000,563.0000,203.0000
543.0000,208.0000,543.0000,127.0000,562.0000,127.0000,562.0000,208.0000
543.0000,204.0000,543.0000,127.0000,563.0000,127.0000,563.0000,204.0000
543.0000,202.0000,543.0000,126.0000,563.0000,126.0000,563.0000,202.0000
543.0000,206.0000,543.0000,126.0000,562.0000,126.0000,562.0000,206.0000
543.0000,202.0000,543.0000,125.0000,563.0000,125.0000,563.0000,202.0000
543.0000,206.0000,543.0000,126.0000,562.0000,126.0000,562.0000,206.0000
543.0000,202.0000,543.0000,126.0000,562.0000,126.0000,562.0000,202.0000
543.0000,200.0000,543.0000,125.0000,563.0000,125.0000,563.0000,200.0000
543.0000,204.0000,543.0000,125.0000,562.0000,125.0000,562.0000,204.0000
543.0000,201.0000,543.0000,125.0000,563.0000,125.0000,563.0000,201.0000
560.9964,204.2166,542.0850,203.9014,543.4035,124.7901,562.3149,125.1053
542.0000,200.0000,542.0000,125.0000,561.0000,125.0000,561.0000,200.0000
542.0000,204.0000,542.0000,125.0000,561.0000,125.0000,561.0000,204.0000
542.0000,200.0000,542.0000,124.0000,561.0000,124.0000,561.0000,200.0000
558.9968,203.1935,540.1307,202.8892,541.4067,123.7808,560.2728,124.0851
541.0000,204.0000,541.0000,123.0000,561.0000,123.0000,561.0000,204.0000
540.0000,201.0000,540.0000,124.0000,560.0000,124.0000,560.0000,201.0000
540.0000,205.0000,540.0000,123.0000,560.0000,123.0000,560.0000,205.0000
540.0000,201.0000,540.0000,123.0000,560.0000,123.0000,560.0000,201.0000
540.0000,200.0000,540.0000,123.0000,560.0000,123.0000,560.0000,200.0000
539.0000,199.0000,539.0000,123.0000,559.0000,123.0000,559.0000,199.0000
539.0000,204.0000,539.0000,122.0000,559.0000,122.0000,559.0000,204.0000
538.0000,200.0000,538.0000,122.0000,559.0000,122.0000,559.0000,200.0000
539.0000,204.0000,539.0000,122.0000,559.0000,122.0000,559.0000,204.0000
538.0000,201.0000,538.0000,121.0000,559.0000,121.0000,559.0000,201.0000
538.0000,204.0000,538.0000,121.0000,558.0000,121.0000,558.0000,204.0000
538.0000,207.0000,538.0000,120.0000,558.0000,120.0000,558.0000,207.0000
538.0000,208.0000,538.0000,121.0000,558.0000,121.0000,558.0000,208.0000
557.9966,209.2187,536.0489,208.8758,537.4570,118.7572,559.4047,119.1001
554.7697,204.7153,526.5476,200.9243,537.7296,117.6801,565.9517,121.4711
549.4520,206.7711,514.2228,195.2206,540.7357,114.3560,575.9650,125.9066
547.6583,202.7642,508.9984,183.7619,544.5472,111.4384,583.2071,130.4408
544.2593,199.9410,507.1011,176.5452,548.9332,110.1060,586.0914,133.5019
545.9586,199.9199,508.4413,176.7273,549.9796,109.5329,587.4969,132.7254
546.4633,195.8798,510.5213,172.3793,551.5503,109.6290,587.4923,133.1295
547.8926,194.9523,512.1011,172.4949,551.8694,109.1142,587.6609,131.5716
547.3237,191.3475,513.5836,168.1512,554.0239,109.3289,587.7640,132.5252
544.6936,186.7111,514.0856,162.5095,556.6393,108.6915,587.2473,132.8932
543.5959,185.9109,513.7357,161.7383,557.3301,107.8863,587.1904,132.0589
544.3877,185.9329,514.2972,161.5740,557.6821,107.9808,587.7726,132.3397
546.4779,187.0766,514.7928,163.4970,556.0042,108.1194,587.6892,131.6989
547.0729,186.5740,514.9196,163.9206,554.7262,107.4208,586.8795,130.0742
549.0159,187.5756,515.6141,165.7918,553.3727,107.8952,586.7746,129.6790
549.3807,187.3969,516.0268,167.5266,551.5015,107.9796,584.8554,127.8500
552.0533,188.7278,519.4113,175.2870,546.5414,109.3994,579.1834,122.8402
558.9321,197.5623,536.4963,196.5868,540.0302,115.3057,562.4660,116.2811
550.6231,191.2846,530.6616,118.0923,555.9616,111.1923,575.9232,184.3846
556.7869,179.3443,514.9836,129.1803,543.5082,105.4098,585.3114,155.5738
563.4751,171.5045,508.3923,133.1860,529.2841,103.1541,584.3668,141.4726
564.7007,169.0730,504.7808,132.6510,523.4399,101.9537,583.3599,138.3756
565.9595,165.7433,503.1054,132.4676,518.9163,102.6027,581.7703,135.8784
566.0505,165.3349,503.0780,131.4266,519.4541,101.0138,582.4266,134.9220
565.1946,163.2549,503.3641,131.1506,518.7556,101.5077,580.5861,133.6120
565.2001,162.6000,502.4001,131.2000,517.0000,102.0000,579.8000,133.4000
564.9019,162.7234,503.2737,130.0228,518.8889,100.5941,580.5171,133.2948
563.6996,161.4352,502.3814,130.1748,517.1785,101.1498,578.4968,132.4101
563.0406,162.2567,501.9325,129.9054,517.5244,100.4540,578.6324,132.8054
562.9746,161.3063,502.5534,128.6788,518.1815,99.7380,578.6027,132.3654
562.3738,160.8822,501.3783,129.1137,516.6053,99.8778,577.6008,131.6463
562.4891,159.8414,501.1824,128.5625,515.7892,99.9333,577.0959,131.2122
562.0050,159.6826,500.9849,127.9521,516.1461,98.7960,577.1663,130.5264
561.2000,158.6000,500.0000,128.0000,514.4001,99.2000,575.6001,129.8000
560.0844,158.6348,499.5873,127.7690,514.3923,98.7512,574.8894,129.6170
559.8725,158.0413,499.3885,127.1558,514.0040,98.5339,574.4879,129.4194
559.4891,157.8414,498.5873,126.7690,513.1858,98.1560,574.0876,129.2284
558.8940,157.0479,498.3807,126.1738,512.5744,98.3543,573.0876,129.2283
558.6657,157.4463,497.7935,126.3626,512.1849,98.1795,573.0571,129.2632
557.8939,157.0479,497.3807,126.1738,511.5662,98.3705,572.0793,129.2446
557.5702,156.5053,497.3285,125.1294,511.7361,97.4667,571.9778,128.8426
556.7400,156.0817,498.1293,125.5022,512.5364,97.8885,571.1471,128.4680
555.8790,156.3885,498.6369,125.1656,513.2357,98.4013,570.4777,129.6242
551.9479,158.8564,502.9982,122.7882,520.6176,98.8762,569.5673,134.9444
540.0572,172.6152,514.7953,110.1253,539.3743,100.1891,564.6362,162.6790
526.0000,186.0000,526.0000,106.0000,546.0000,106.0000,546.0000,186.0000
540.3679,185.2021,509.0623,176.9638,529.1659,100.5700,560.4716,108.8083
535.4433,175.9405,502.9595,158.7432,535.7730,96.7622,568.2568,113.9595
533.3102,167.9617,503.1267,146.3083,540.2556,94.5529,570.4391,116.2063
530.7798,161.2920,505.0278,136.9706,544.4356,95.2447,570.1877,119.5661
531.6121,167.7666,502.4637,144.8644,540.9811,95.8423,570.1294,118.7445
530.9180,166.6865,501.8356,144.1476,539.2269,95.9008,568.3093,118.4397
528.9756,166.7805,500.6829,144.1464,539.7073,95.3659,568.0001,118.0000
529.2159,167.5924,500.4146,145.2714,538.5079,96.1187,567.3092,118.4397
529.5676,169.4054,499.6757,148.0541,536.5676,96.4054,566.4595,117.7568
530.5403,169.1410,499.7899,148.1749,535.3964,95.9520,566.1467,116.9182
529.1743,168.6441,499.3309,148.0380,534.9435,96.4610,564.7869,117.0672
526.2825,166.8327,498.4461,145.4201,536.3271,96.1747,564.1636,117.5873
525.0853,166.2252,497.6229,144.5443,536.1724,95.7150,563.6348,117.3959
524.8196,165.0164,498.5573,143.1311,537.5737,96.3115,563.8361,118.1967
525.6543,166.3494,498.3011,145.3085,535.8104,96.5465,563.1636,117.5874
525.6543,166.3495,498.1078,145.1599,535.7657,96.2045,563.3123,117.3941
525.9389,168.2638,496.9892,147.4794,533.5897,96.5002,562.5394,117.2846
524.3375,165.5170,497.5293,143.7805,535.6606,96.7518,562.4689,118.4883
524.5751,165.3697,497.4529,144.1117,534.8773,96.3633,561.9995,117.6212
525.1375,165.7212,497.7844,144.6803,534.8104,96.5465,562.1635,117.5874
523.1219,165.0976,496.6586,143.9268,534.8049,96.2439,561.2683,117.4146
523.6432,166.7571,496.1296,145.9359,533.7664,96.2016,561.2800,117.0228
523.8331,166.2980,496.4758,146.1400,532.6948,96.9856,560.0521,117.1436
524.3692,166.7584,496.5839,147.3087,531.8188,96.9731,559.6041,116.4228
526.2312,168.8573,496.8656,150.6787,529.9623,97.2147,559.3279,115.3934
527.3340,170.2596,497.6100,155.0674,527.1030,97.3637,556.8270,112.5560
531.8066,175.0721,505.8885,168.9738,521.9540,100.6951,547.8721,106.7934
520.0000,174.0000,520.0000,105.0000,541.0000,105.0000,541.0000,174.0000
534.4380,168.5309,498.7140,116.7927,526.9935,97.2664,562.7175,149.0046
545.1891,161.1709,489.9802,123.9649,509.4547,95.0673,564.6636,132.2733
550.5995,156.6882,484.8475,127.6056,497.9589,97.9626,563.7108,127.0452
549.9631,155.4594,482.6563,129.4814,494.4902,98.8208,561.7969,124.7988
547.6000,152.2000,481.6000,130.2000,491.3000,101.1000,557.3000,123.1000
546.2988,149.8663,482.1526,130.8600,490.5864,102.3960,554.7327,121.4023
543.7784,149.4703,482.8541,130.7243,491.7189,101.9135,552.6432,120.6595
547.3442,152.2322,484.2316,130.0259,494.3491,101.2710,557.4617,123.4773
551.6168,153.8060,485.8432,130.2268,496.1463,101.4864,561.9199,125.0656
550.2910,154.1287,485.9280,129.8407,497.0779,100.2935,561.4409,124.5815
551.5991,152.9437,486.3786,130.7687,495.9362,102.6583,561.1567,124.8333
552.1151,153.6262,486.5255,130.1129,496.7148,101.6902,562.3043,125.2035
552.4109,153.2576,486.7755,130.5377,496.5720,102.2365,562.2075,124.9564
553.0000,153.0000,487.3000,131.1000,496.5000,103.5000,562.2000,125.4000
553.5059,153.9828,488.1453,131.3580,497.6328,103.9498,562.9934,126.5746
553.3800,155.4741,487.8179,131.1918,498.6019,102.0748,564.1641,126.3571
553.9958,154.7344,487.5809,132.1784,497.0836,104.1982,563.4985,126.7542
554.5059,154.9828,488.5613,132.1559,498.2628,104.1295,564.2073,126.9564
555.7505,155.8539,489.5255,132.1129,499.8286,103.3726,566.0536,127.1136
555.7169,156.1354,488.7630,132.5046,498.8430,103.9446,565.7969,127.5754
555.1151,156.6262,489.8432,133.2268,500.0325,104.8041,565.3044,128.2035
555.2473,156.7442,490.1837,132.9709,500.7654,104.0104,565.8290,127.7837
555.8270,156.7083,490.8033,132.1711,501.5419,103.7139,566.5656,128.2512
556.7786,157.0155,491.9352,132.8582,502.5385,104.3967,567.3820,128.5540
557.7785,158.0155,492.6080,133.7363,503.2370,105.2059,568.4075,129.4851
557.8018,159.6243,493.3225,133.0740,505.5208,103.4497,570.0000,130.0000
559.2820,158.5026,494.1427,133.9218,505.0869,104.9196,570.2262,129.5005
560.6019,159.7654,496.0404,134.4472,507.4499,105.3529,572.0114,130.6711
561.4947,161.6864,496.8562,133.6357,509.9548,103.4521,574.5933,131.5027
562.0773,160.6658,497.8916,134.7447,509.7037,105.4957,573.8894,131.4169
564.2162,163.0764,498.6412,134.0721,512.0798,103.6891,577.6548,132.6935
566.2594,160.7998,498.8408,135.8299,509.6249,106.7129,577.0435,131.6828
566.0059,161.4566,498.5635,138.1583,508.7593,108.6441,576.2017,131.9424
566.4803,162.6875,499.5447,139.1361,509.9347,109.6067,576.8704,133.1581
566.9863,164.3699,500.6849,139.5069,511.8630,109.6986,578.1644,134.5617
567.6079,164.5585,500.6128,139.7455,511.6985,109.8142,578.6936,134.6272
568.2594,164.7997,500.6128,139.7455,511.7225,109.7491,579.3691,134.8034
568.4744,165.4453,500.6278,140.7737,511.4599,110.9854,579.3065,135.6569
569.5206,165.9452,500.8083,140.1781,512.0275,110.2603,580.7398,136.0274
570.1782,166.1918,500.8083,140.1781,512.1507,109.9315,581.5206,135.9452
569.7458,167.8287,501.0917,140.8574,513.1370,110.1967,581.7911,137.1679
570.2718,168.0353,501.0917,140.8574,513.0641,110.3823,582.2442,137.5602
570.6121,168.1690,501.4320,140.9911,513.5381,110.1757,582.7183,137.3536
571.2718,169.0354,502.0917,141.8575,514.0641,111.3823,583.2442,138.5602
571.8334,168.7953,502.1141,141.8861,513.7948,111.6226,583.5140,138.5317
572.2365,168.1616,502.9615,142.5042,513.9868,112.7358,583.2618,138.3932
572.8334,168.7953,503.7859,142.1454,515.5963,111.5459,584.6437,138.1958
573.7510,167.4049,503.5634,143.1583,513.7593,113.6441,583.9468,137.8907
572.8860,168.7747,504.2550,142.5701,515.9668,111.8965,584.5978,138.1010
574.2365,169.1617,505.2871,143.6249,516.5175,113.3028,585.4669,138.8396
574.8334,169.7954,505.9845,143.2221,517.7949,112.6226,586.6438,139.1958
575.2365,170.1617,505.7335,144.4198,516.8432,114.4234,586.3463,140.1653
575.6122,171.1691,506.6177,144.0641,518.5901,113.5890,587.5846,140.6939
575.1678,171.7654,508.0901,144.2156,520.6161,113.7173,587.6938,141.2671
576.1724,172.0690,508.4137,144.9655,520.4827,114.7931,588.2413,141.8965
576.5334,173.4865,508.9904,144.7181,522.0693,114.0110,589.6124,142.7794
577.0476,173.2796,509.5045,144.5112,522.5835,113.8041,590.1266,142.5724
577.7805,173.0901,510.3691,144.8998,523.0664,114.5369,590.4778,142.7271
578.4013,174.5387,511.1672,145.2002,524.7967,113.9658,592.0308,143.3043
579.2250,175.0033,512.2843,145.9535,525.8583,114.6743,592.7990,143.7241
580.5269,176.8585,513.6244,145.9805,528.2000,114.4000,595.1024,145.2781
582.0413,175.9072,514.3093,145.8041,528.1650,114.6289,595.8970,144.7319
583.2740,176.5866,515.1389,146.1691,529.3704,114.2904,597.5056,144.7078
583.6700,176.7423,515.8453,146.5979,530.0309,114.6804,597.8556,144.8247
585.4013,176.5387,517.2203,146.7870,530.8964,115.4457,599.0775,145.1974
586.2244,177.1805,518.2439,145.8049,532.6732,114.5414,600.6537,145.9171
584.5012,178.8369,518.3828,145.1767,534.7755,112.9766,600.8939,146.6369
582.4578,180.9189,523.8634,142.2716,544.0671,111.6400,602.6615,150.2874
574.3532,184.2475,535.6246,135.1911,561.9522,114.4062,600.6808,163.4625
559.0000,208.0000,559.0000,123.0000,580.0000,123.0000,580.0000,208.0000
573.7560,209.1951,549.4999,206.5000,559.0975,120.1219,583.3536,122.8170
571.7310,199.9022,542.5383,191.1956,564.7949,116.5704,593.9876,125.2770
570.4537,197.4829,539.8683,186.2146,566.0927,115.0341,596.6780,126.3025
570.5765,196.4941,540.2094,184.1224,568.5765,114.4941,598.9435,126.8659
571.6431,195.4246,541.2293,183.3738,568.4582,114.6532,598.8720,126.7040
571.9856,194.5603,542.2567,182.7809,569.0074,115.2671,598.7363,127.0465
571.9374,196.5694,542.0387,185.4958,568.1425,115.0157,598.0411,126.0893
572.1022,198.2189,542.0731,187.2992,568.0584,115.8394,598.0876,126.7591
573.6506,197.4300,543.3329,186.3524,569.0154,116.0633,599.3331,127.1409
573.5478,195.8482,543.4555,184.4927,569.4013,115.7364,599.4936,127.0919
574.1753,193.1443,544.4227,181.7010,569.9125,115.4278,599.6650,126.8711
573.9490,193.7024,544.6086,182.2923,570.5443,115.6005,599.8847,127.0107
573.5720,191.4988,544.2700,179.5388,570.3607,115.6166,599.6627,127.5766
573.5517,192.6207,544.5861,181.0345,570.7930,115.5172,599.7586,127.1035
574.8198,192.1681,546.3926,181.5777,570.9540,115.6496,599.3812,126.2400
576.5217,194.4616,548.1923,185.1902,570.6265,116.6414,598.9559,125.9128
578.1418,194.9503,549.5606,186.6358,569.8958,116.7333,598.4770,125.0478
580.7648,194.5152,558.1709,191.0093,569.4098,118.5808,592.0037,122.0868
573.4048,192.2111,566.5306,120.7182,589.1293,118.5453,596.0036,190.0381
588.7027,180.1089,545.8340,134.6422,570.6850,111.2113,613.5536,156.6781
592.3972,185.2958,535.5637,140.0609,561.0698,108.0148,617.9033,153.2496
600.9832,176.3312,533.2325,143.6657,549.0693,110.8191,616.8199,143.4846
602.9457,175.0805,533.9068,143.5891,548.5993,111.3786,617.6382,142.8701
603.6105,171.8780,534.0579,143.8128,546.3372,113.3817,615.8898,141.4468
599.8175,166.7518,535.1825,143.2482,545.8978,113.7810,610.5328,137.2847
596.2000,163.4000,535.6000,143.2000,545.1000,114.7000,605.7000,134.9000
604.2986,167.9322,536.4611,142.0306,547.7911,112.3566,615.6287,138.2582
598.1774,162.6926,536.8129,142.6311,546.2075,113.8947,607.5720,133.9562
602.8114,167.0951,537.3523,141.1585,549.3385,110.9077,614.7976,136.8443
603.1207,166.5469,537.4423,141.0054,549.1153,110.9893,614.7936,136.5308
603.7286,165.2328,538.1665,140.9505,548.9506,111.8335,614.5127,136.1158
603.7057,165.5947,538.1436,141.3124,549.0482,111.8697,614.6104,136.1520
603.5466,164.4224,538.2078,140.9991,548.7148,111.6902,614.0535,135.1136
603.2910,165.1287,538.2673,140.5914,549.4172,111.0443,614.4409,135.5815
603.3038,163.5667,538.2523,141.0489,548.1797,112.3699,613.2312,134.8877
602.4000,161.8000,538.8000,140.6000,548.3000,112.1000,611.9000,133.3000
603.6857,163.3527,538.6685,140.8468,548.4888,112.4769,613.5060,134.9828
603.4037,163.5334,538.1899,141.3853,547.8420,112.9652,613.0558,135.1133
601.9583,163.8530,537.9570,140.9091,548.4640,111.6003,612.4652,134.5442
601.3474,164.4235,538.3338,140.3638,549.5851,110.8961,612.5987,134.9559
601.8444,163.1707,538.4117,140.4306,548.7148,111.6902,612.1475,134.4303
600.9908,161.6137,540.3122,139.6661,550.3231,111.9892,611.0016,133.9368
598.9270,167.4936,547.7081,135.9742,564.3605,108.9142,615.5793,140.4335
583.6298,189.4293,565.6709,120.1594,589.5822,113.9601,607.5410,183.2301
589.7488,190.7893,563.2532,187.0706,573.4338,114.5345,599.9294,118.2532
581.3108,184.8781,549.3776,166.1346,583.1062,108.6710,615.0394,127.4144
578.9617,176.0415,551.0927,150.3163,591.3866,106.6645,619.2556,132.3897
572.8778,172.3823,550.4464,145.0440,597.4916,106.4428,619.9230,133.7812
569.7777,169.1316,550.9038,142.5684,599.7109,107.8896,618.5848,134.4529
568.9999,167.0000,551.9230,141.3846,600.6153,108.9231,617.6922,134.5385
570.5375,167.6673,552.2637,142.3651,598.9979,108.6126,617.2717,133.9148
569.6629,166.7168,552.4725,141.6474,599.3270,109.5186,616.5174,134.5880
571.5376,166.8006,552.5403,141.2273,597.6665,107.7049,616.6638,133.2783
571.4886,168.1709,551.9369,143.5502,596.3263,108.2998,615.8781,132.9205
571.4886,168.1708,551.5502,143.0631,596.0658,107.7125,616.0043,132.8202
572.0244,167.7805,552.3171,143.1463,596.2196,108.0244,615.9269,132.6586
570.7845,167.7948,551.4673,142.7538,596.2651,108.1955,615.5824,133.2365
571.6391,169.0619,551.4040,144.4907,595.4988,108.1773,615.7339,132.7485
570.3009,168.1679,551.3567,143.6106,596.3516,108.9002,615.2958,133.4576
571.0565,168.4541,551.3271,144.1718,595.4495,108.3224,615.1788,132.6047
572.3005,168.6526,551.4614,143.9543,594.5967,107.5590,615.4358,132.2572
572.4282,168.5761,551.8879,144.3679,595.0539,107.7421,615.5942,131.9503
572.1931,167.5693,552.4109,143.3911,595.9208,107.7921,615.7030,131.9703
572.9435,168.3130,552.3661,144.1878,595.0321,107.7962,615.6095,131.9214
573.1713,169.2607,551.4301,144.6206,593.6654,107.3541,615.4066,131.9942
571.2350,168.5711,550.5958,143.5093,594.5856,107.2825,615.2247,132.3443
573.6750,169.6985,551.8755,144.9922,594.4747,107.4047,616.2743,132.1109
575.7186,167.8671,553.8160,143.6178,594.0717,107.2579,615.9742,131.5072
575.7448,167.8563,553.7732,143.6118,594.4038,106.7904,616.3754,131.0349
570.4323,166.4907,551.8647,141.9813,597.4562,107.4422,616.0239,131.9516
568.5946,166.4324,551.3649,142.3108,599.6082,107.8513,616.8379,131.9730
570.3591,168.6302,551.3069,142.7738,600.7684,106.3285,619.8205,132.1849
568.3077,165.5385,552.9846,138.7231,607.3693,107.6461,622.6924,134.4615
565.1702,164.9441,552.4240,137.0239,612.7979,109.4619,625.5441,137.3821
565.5574,166.1311,552.9575,137.3311,615.1214,110.1344,627.7214,138.9344
565.9359,167.2546,552.2929,138.1891,614.7386,108.8778,628.3815,137.9434
568.5015,170.7804,551.6766,140.8694,611.4985,107.2196,628.3234,137.1306
573.3773,173.4631,552.5024,142.4875,608.8326,104.5258,629.7075,135.5015
572.7096,172.7547,552.9152,142.4032,610.3236,104.9629,630.1180,135.3144
574.4189,173.2978,554.3126,142.5101,612.3973,104.5772,632.5037,135.3650
572.9896,171.7409,554.7774,140.9686,614.8560,105.4118,633.0682,136.1842
574.9611,173.5968,554.5372,142.3226,613.0797,104.0908,633.5036,135.3650
576.2540,173.4495,556.0503,142.8180,613.4733,104.9432,633.6770,135.5748
577.2391,173.4593,556.8789,142.5905,613.8572,105.0092,634.2174,135.8779
578.9310,174.1724,557.0769,142.3846,613.7347,103.4323,635.5889,135.2201
576.9586,171.5034,557.9186,140.2234,616.7986,104.3834,635.8386,135.6634
578.9252,170.9823,559.7377,139.8853,617.9407,103.9728,637.1282,135.0699
579.6703,172.3168,559.5417,140.7819,617.3355,103.8922,637.4642,135.4271
578.6479,171.1534,559.3558,139.8869,618.0056,103.6987,637.2977,134.9652
577.3679,168.2175,560.6685,137.3880,620.8779,104.7745,637.5772,135.6040
577.1276,168.4613,560.1938,137.8503,620.0312,104.7487,636.9650,135.3598
575.6877,166.5358,561.3064,137.1479,622.3995,107.2513,636.7809,136.6392
578.5831,170.0144,559.9570,138.7491,618.5931,103.8169,637.2192,135.0822
578.5830,170.0144,559.7792,138.4507,618.2740,103.6027,637.0779,135.1664
577.2593,166.8373,561.1703,137.2335,620.8478,104.8001,636.9368,134.4039
579.0773,166.3607,561.4632,138.8826,614.0206,105.1920,631.6347,132.6701
592.6000,178.8000,564.2000,164.6000,593.0000,107.0000,621.4000,121.2000
588.0146,191.4683,585.5678,113.1697,607.4214,112.4868,609.8682,190.7854
598.8824,180.5294,562.8941,123.9764,595.3117,103.3470,631.3000,159.9000
608.9199,172.5744,555.4140,131.2290,579.8474,99.6093,633.3532,140.9547
612.5576,168.3834,551.6477,133.0556,570.3358,100.8348,631.2457,136.1625
615.2015,166.3048,551.7255,133.2972,567.9673,102.0630,631.4434,135.0706
614.0682,163.6266,552.7776,132.3559,568.1940,102.1398,629.4846,133.4104
615.2001,163.6000,553.2001,132.6000,568.4000,102.2000,630.4000,133.2000
615.4730,163.8331,553.7776,132.3559,569.3923,101.7512,631.0876,133.2284
614.9439,164.9477,554.8458,131.7019,571.9688,100.7487,632.0670,133.9944
616.6826,162.4550,554.9835,130.9490,570.2108,101.1289,631.9099,132.6349
615.6953,163.7933,554.1329,130.4470,570.3087,100.5839,631.8711,133.9302
616.0485,163.3318,554.1495,130.4875,569.9845,100.6448,631.8834,133.4891
617.6874,162.4527,554.7453,130.3394,569.7569,100.9167,632.6990,133.0301
617.2715,164.2365,553.1675,131.5560,568.7739,100.9435,632.8779,133.6241
618.5289,164.1612,553.0003,132.0394,568.1971,101.0378,633.7256,133.1596
620.5517,160.6207,550.8965,132.7586,562.9655,102.5862,632.6207,130.4483
618.6589,162.5399,549.7834,133.2041,563.1695,101.7759,632.0450,131.1118
616.9661,162.8189,548.8116,133.7901,562.0508,102.7068,630.2052,131.7356
618.7682,162.3871,548.4729,133.7482,561.3882,102.0471,631.6835,130.6859
616.6207,163.5517,546.9828,133.7069,560.9484,101.1207,630.5863,130.9655
615.9017,164.4203,546.5606,133.4645,560.9982,101.1241,630.3393,132.0800
615.6995,162.8925,545.8739,133.6927,559.0436,102.2001,628.8691,131.3998
614.6079,164.0653,545.3271,133.8337,559.2566,101.9120,628.5374,132.1436
614.4828,163.8019,545.0132,134.7510,558.5388,102.4071,628.0084,131.4581
614.0037,164.2091,544.7607,134.1603,558.8446,101.7061,628.0875,131.7550
613.2264,164.2076,544.3510,134.8717,558.2578,102.2209,627.1333,131.5568
613.2546,163.7936,544.1440,134.3576,558.1509,101.4717,627.2615,130.9077
613.3448,163.8621,544.5518,134.3793,558.6207,101.5517,627.4138,131.0345
613.1010,164.1541,543.9904,134.7181,558.1509,101.4717,627.2615,130.9077
612.3918,164.6186,544.8454,134.5980,559.5258,101.5670,627.0722,131.5876
613.1341,164.9485,545.3094,134.8041,560.1135,101.4949,627.9382,131.6392
614.0037,164.2091,545.0148,134.2705,559.2089,101.5623,628.1978,131.5009
613.8221,163.4613,544.7115,134.0253,558.5115,101.6253,627.6221,131.0613
612.2792,164.2600,547.3659,131.1669,563.3769,99.7607,628.2902,132.8538
603.8608,170.4900,556.0062,125.2221,582.1955,97.5363,630.0501,142.8042
587.2407,190.9550,577.1348,108.8450,600.2009,106.0061,610.3067,188.1161
580.0000,189.0000,580.0000,108.0000,603.0000,108.0000,603.0000,189.0000
591.0464,188.9635,560.3415,178.9050,585.5490,101.9557,616.2540,112.0142
589.5698,182.4201,559.2841,169.7552,588.2186,100.5642,618.5042,113.2290
588.9872,180.3341,558.9464,167.2975,587.8997,100.5791,617.9404,113.6156
588.5701,179.2329,559.1039,166.1998,588.1865,100.4479,617.6527,113.4810
588.2742,178.0006,558.7653,165.2713,586.8982,100.0541,616.4071,112.7834
587.4257,176.2682,558.2248,163.0452,586.9042,99.7114,616.1052,112.9344
587.6715,178.1193,558.1556,165.5477,586.1495,99.8229,615.6654,112.3945
586.7764,175.7665,557.7768,162.9397,585.7068,99.7934,614.7065,112.6202
586.3007,178.2890,557.5992,166.9167,584.0075,100.2671,612.7090,111.6394
588.2942,180.8235,562.6471,174.4118,580.6471,102.4118,606.2942,108.8235
579.9141,178.6552,576.5466,106.2536,596.8515,105.3092,600.2191,177.7107
591.0561,174.8306,552.5949,119.5427,582.7147,98.5898,621.1758,153.8777
602.5588,163.7353,540.9412,126.7647,558.9412,96.7647,620.5588,133.7353
601.6166,168.7084,537.6582,129.1705,558.5494,95.3760,622.5078,134.9139
607.6207,161.5517,537.8620,131.6552,551.4138,100.0345,621.1724,129.9310
606.6412,160.0318,537.6669,131.1879,550.7783,99.8345,619.7527,128.6784
604.0566,158.2509,536.7519,131.0929,549.3173,99.9526,616.6220,127.1106
604.8624,157.6106,537.3306,130.0977,549.7801,99.5400,617.3118,127.0530
604.2545,157.8415,536.9624,129.9089,549.5892,99.4899,616.8813,127.4225
604.4661,157.2267,536.9902,129.9768,549.1495,99.8680,616.6254,127.1180
604.7200,157.9600,537.1883,130.4471,549.9871,99.0318,617.5189,126.5447
603.7556,157.6344,537.3165,130.0559,550.2974,98.7838,616.7365,126.3623
603.7200,156.9600,537.0459,129.7965,549.6377,98.8894,616.3118,126.0529
603.7556,156.6344,537.6705,129.2029,550.2973,98.7838,616.3824,126.2153
604.0212,156.6753,537.5377,129.5894,549.8447,99.3812,616.3282,126.4671
603.8623,156.6106,537.1882,129.4471,549.6377,98.8894,616.3118,126.0529
603.3568,157.4946,537.0132,129.7510,550.0665,98.5369,616.4100,126.2805
603.3707,155.8177,537.3953,128.9388,549.4953,99.2388,615.4706,126.1176
601.7366,156.5707,538.0049,127.1561,551.8196,97.2244,615.5513,126.6390
597.0664,153.7571,545.7576,123.4981,561.2068,97.3015,612.5156,127.5605
583.6556,181.0097,564.6108,109.2257,589.5303,102.6144,608.5751,174.3984
589.7870,178.8815,565.2151,176.0998,573.2777,104.8805,597.8496,107.6622
580.7335,176.1246,549.0726,159.2388,581.8201,97.8374,613.4810,114.7232
576.6893,160.4176,552.5240,137.0076,591.4262,96.8504,615.5915,120.2605
580.0001,162.0000,552.3664,138.0024,589.5875,95.1417,617.2211,119.1394
575.1357,156.3958,553.7990,132.1161,595.1259,95.7984,616.4626,120.0782
571.8400,154.1200,553.9600,130.2800,597.8000,97.4000,615.6800,121.2400
573.8011,157.7115,552.3271,134.0161,593.9528,96.2927,615.4268,119.9882
574.0443,156.3363,553.2921,132.6194,594.9911,96.1327,615.7433,119.8495
573.7508,156.2413,553.7862,132.4374,595.9590,97.0666,615.9236,120.8705
571.2825,153.4678,553.8550,129.9785,597.5463,97.5624,614.9738,121.0517
574.5486,155.7699,553.8583,132.1239,594.6371,96.4425,615.3275,120.0885
574.7792,155.4050,554.8488,131.7838,595.9213,97.1289,615.8517,120.7501
570.6893,152.6076,554.4595,129.7384,599.0180,98.1162,615.2477,120.9854
572.9830,153.6589,554.3828,130.5946,596.5630,96.5782,615.1633,119.6425
568.6769,148.1846,555.8769,125.7846,601.3231,99.8154,614.1231,122.2154
569.0566,147.3019,556.6510,124.9717,601.6510,99.9717,614.0566,122.3019
569.5615,147.9068,556.5759,125.3984,601.1598,99.6770,614.1454,122.1854
571.4660,148.0028,557.6347,125.2218,601.0047,98.8900,614.8360,121.6710
571.7292,149.9694,556.1808,127.0559,599.0978,97.9336,614.6462,120.8472
571.9230,149.3846,556.5384,126.3077,599.2307,97.8461,614.6153,120.9231
574.6230,151.5154,557.5000,129.5000,597.4462,98.4308,614.5692,120.4462
575.1077,151.1384,557.7154,128.7769,597.1769,98.0846,614.5693,120.4461
574.8414,152.9034,556.5965,131.3414,595.5069,98.4172,613.7518,119.9793
581.2547,158.2775,556.6478,140.8145,587.6609,97.1142,612.2679,114.5772
591.9479,170.4055,573.3808,169.7178,575.7986,104.4370,594.3658,105.1247
588.6292,162.0634,557.5610,114.0488,584.0561,96.9049,615.1243,144.9195
604.4396,151.4598,547.4821,124.2755,560.0185,98.0088,616.9760,125.1931
607.0922,147.9532,542.4092,126.8069,551.8549,97.9141,616.5379,119.0605
607.7963,152.8097,542.4559,127.3995,554.2226,97.1421,619.5630,122.5523
609.5622,148.1730,541.8919,127.3513,550.4973,99.3838,618.1675,120.2054
610.8115,146.6149,542.4894,127.8598,549.7222,101.5120,618.0443,120.2671
606.7676,147.0054,543.2433,127.4595,551.7190,99.9135,615.2433,119.4595
603.6000,147.2000,543.0000,127.0000,552.5000,98.5000,613.1000,118.7000
604.5065,147.0421,542.9318,127.3382,551.8027,99.6168,613.3774,119.3208
604.9446,148.1569,543.4307,126.4461,553.3076,98.4615,614.8215,120.1723
607.4000,147.8000,542.6001,126.2000,551.8000,98.6000,616.6000,120.2000
607.3000,147.1000,543.4000,125.8000,552.4999,98.5000,616.4000,119.8000
606.5164,146.9132,543.2978,127.5606,552.0030,99.1234,615.2216,118.4760
606.0159,146.9459,542.4554,128.2516,550.8471,99.7198,614.4077,118.4140
605.6981,147.0566,542.3019,128.9434,550.4150,100.5472,613.8113,118.6604
605.5287,146.8026,542.9968,128.4109,551.2771,100.2580,613.8090,118.6497
605.2810,146.5477,542.5385,129.3243,550.3518,100.8613,613.0944,118.0847
604.8826,147.2738,541.5558,129.0065,549.8112,100.3878,613.1380,118.6552
603.9543,147.4013,540.9768,128.3892,549.7207,99.4251,612.6982,118.4372
604.8280,148.1847,540.0764,129.1401,548.6273,100.0669,613.3789,119.1115
603.4626,147.7296,539.3547,129.2370,547.6869,100.3520,611.7948,118.8447
604.0534,147.0949,539.1795,128.9303,547.1142,100.5920,611.9881,118.7567
603.8734,148.1083,538.2310,127.4431,547.2163,98.9014,612.8588,119.5666
596.6388,145.7766,542.4580,125.0265,553.1173,97.1939,607.2981,117.9440
595.6994,156.6526,552.2538,119.9954,572.4922,96.0091,615.9378,132.6663
583.2125,174.3053,569.8816,104.9843,590.8745,100.9472,604.2054,170.2682
574.0000,175.0000,574.0000,102.0000,593.0000,102.0000,593.0000,175.0000
574.0000,180.0000,574.0000,102.0000,592.0000,102.0000,592.0000,180.0000
572.0000,176.0000,572.0000,101.0000,591.0000,101.0000,591.0000,176.0000
572.0000,180.0000,572.0000,102.0000,591.0000,102.0000,591.0000,180.0000
573.0000,178.0000,573.0000,101.0000,592.0000,101.0000,592.0000,178.0000
589.1924,177.5736,570.6188,176.7660,573.9377,100.4321,592.5113,101.2396
589.2270,177.5511,570.6342,176.7764,573.8162,100.4090,592.4090,101.1837
589.2988,177.5320,570.0096,176.7604,573.0639,100.4026,592.3531,101.1741
573.0000,177.0000,573.0000,101.0000,592.0000,101.0000,592.0000,177.0000
590.4033,177.5155,571.0473,176.7711,573.9838,100.4225,593.3398,101.1669
573.0000,182.0000,573.0000,101.0000,592.0000,101.0000,592.0000,182.0000
590.9879,180.4114,571.4753,179.8375,573.7778,101.5523,593.2904,102.1262
574.0000,179.0000,574.0000,101.0000,593.0000,101.0000,593.0000,179.0000
574.0000,178.0000,574.0000,100.0000,593.0000,100.0000,593.0000,178.0000
574.0000,183.0000,574.0000,101.0000,593.0000,101.0000,593.0000,183.0000
574.0000,181.0000,574.0000,101.0000,593.0000,101.0000,593.0000,181.0000
575.0000,186.0000,575.0000,101.0000,594.0000,101.0000,594.0000,186.0000
574.0000,183.0000,574.0000,101.0000,593.0000,101.0000,593.0000,183.0000
574.0000,181.0000,574.0000,101.0000,593.0000,101.0000,593.0000,181.0000
591.9760,187.5990,572.6868,186.8275,576.1821,99.4473,595.4713,100.2189
592.8200,191.6875,568.1276,189.0536,577.6942,99.3674,602.3865,102.0013
589.1595,181.0315,554.1534,166.5462,583.7453,95.0325,618.7514,109.5178
580.9458,178.1977,546.0540,150.9821,593.4630,90.2012,628.3549,117.4168
578.3730,172.5445,547.9492,141.4132,600.5981,89.9609,631.0220,121.0922
581.5000,172.5000,551.0000,142.0000,602.5000,90.5000,633.0000,121.0000
578.3911,165.5891,553.2625,134.8763,607.3911,90.5891,632.5198,121.3020
579.1940,168.0142,552.8189,137.4745,606.5041,91.1100,632.8792,121.6497
580.1053,168.2272,553.9326,137.9219,606.7846,92.2769,632.9573,122.5823
581.9639,168.7602,553.8191,137.8009,605.3846,90.9231,633.5294,121.8823
581.4341,166.9590,555.5665,135.7852,608.8794,91.5469,634.7469,122.7206
582.2743,166.0634,556.9717,135.2899,609.6219,91.9997,634.9246,122.7731
581.5505,167.7573,556.0383,137.5454,608.9384,92.8743,634.4506,123.0862
582.0863,165.9086,557.5498,135.0627,610.8481,92.6663,635.3846,123.5122
582.7561,167.1951,557.7805,135.9756,611.9269,92.6586,636.9025,123.8781
582.3275,166.3160,558.1910,134.5938,612.9339,92.9416,637.0704,124.6638
583.2849,165.3181,559.8130,134.2524,614.5316,92.9094,638.0035,123.9751
584.3275,166.3161,560.3062,134.7453,614.8702,93.2293,638.8914,124.8001
587.6907,168.9332,559.9609,137.6482,611.3049,92.1388,639.0347,123.4237
584.3274,165.3161,560.9033,134.5301,615.3158,93.1293,638.7399,123.9153
586.4878,166.6098,561.6097,135.5122,614.0488,93.5610,638.9269,124.6585
586.3353,166.6507,561.9414,135.4807,615.0328,93.9308,639.4268,125.1008
585.0076,167.4385,560.8846,136.4231,615.7846,93.7231,639.9077,124.7385
584.8419,166.4084,561.4877,135.4983,616.5316,93.9095,639.8859,124.8196
587.4548,164.6795,563.4451,135.0206,614.2767,93.8712,638.2863,123.5301
591.1995,173.5462,560.3324,150.9104,601.5665,94.6821,632.4336,117.3179
603.8812,178.1881,582.2971,176.0297,589.6634,102.3663,611.2475,104.5247
593.7316,184.0303,575.2169,107.3270,607.3450,99.5719,625.8596,176.2753
608.4113,173.0688,560.7781,120.5501,591.8988,92.3243,639.5320,144.8430
615.8508,166.2693,555.6982,123.6613,579.5376,90.0058,639.6902,132.6139
619.5124,158.8459,554.1686,125.5577,570.7670,92.9757,636.1108,126.2640
621.9247,155.9658,554.4932,125.3151,568.8082,93.8219,636.2397,124.4726
622.2732,154.8922,554.4910,125.4772,567.6998,95.0396,635.4821,124.4545
623.2990,155.5773,554.6392,125.0619,568.2062,94.5361,636.8660,125.0515
622.5687,155.7858,555.0857,125.2275,568.7838,94.9775,636.2668,125.5359
622.5268,155.8586,554.8000,124.6000,568.7025,94.4781,636.4293,125.7366
622.5197,155.3108,555.6317,125.0219,569.3652,94.6936,636.2532,124.9826
623.3917,155.6186,555.8453,125.5979,569.6598,94.5155,637.2062,124.5361
623.2712,155.6511,556.0074,125.1920,570.0103,94.2688,637.2741,124.7279
622.7253,155.8567,555.4615,125.3976,569.6346,94.0987,636.8984,124.5578
623.8658,155.0540,554.8650,125.6647,567.8905,95.0830,636.8914,124.4723
623.6589,154.5399,555.5045,125.5112,568.5300,94.9295,636.6844,123.9582
623.6687,154.8436,555.5236,126.5569,568.2372,95.9286,636.3823,124.2153
623.9439,154.7209,557.1728,125.9177,570.2658,95.5657,637.0369,124.3689
623.8779,154.9305,556.0225,126.7641,568.5891,96.4898,636.4446,124.6562
623.5428,154.5752,557.2214,125.7942,570.3199,95.6105,636.6414,124.3916
623.6725,155.8131,558.0080,126.1997,571.9697,95.2412,637.6342,124.8547
624.1621,154.8439,557.3325,125.8424,570.6998,95.0396,637.5294,124.0411
624.2977,155.6441,558.6332,126.0307,572.4258,95.4469,638.0903,125.0604
623.6631,156.1183,559.4239,125.2835,574.2015,94.4967,638.4407,125.3316
619.3568,159.7837,566.1982,121.2437,587.2266,92.2392,640.3851,130.7792
601.6040,183.1707,586.8556,105.7418,611.6696,101.0153,626.4180,178.4442
607.6976,183.0780,579.7659,177.0927,596.1122,100.8098,624.0439,106.7951
596.8086,166.1588,568.6682,141.8211,610.7242,93.1939,638.8646,117.5315
594.2000,156.6000,573.0800,128.4400,621.2401,92.3200,642.3600,120.4800
591.9231,155.3846,573.3077,127.4615,624.5385,93.3077,643.1538,121.2308
590.7382,153.6996,573.9141,126.3605,626.3046,94.1201,643.1287,121.4592
594.0352,156.3245,574.0406,128.7456,623.5121,92.8788,643.5068,120.4576
591.5618,153.8989,574.4832,126.5731,626.6180,93.9888,643.6967,121.3146
594.4229,155.6040,575.3490,128.3557,625.2147,93.4497,644.2886,120.6980
593.0723,154.2207,575.3374,127.2901,627.0212,93.2544,644.7561,120.1851
593.2810,153.4494,576.6517,126.8427,629.2360,93.9775,645.8652,120.5843
593.9231,154.3846,575.9231,127.3846,627.8462,92.7692,645.8462,119.7692
590.2000,149.4000,577.6000,124.2000,634.4001,95.8000,647.0001,121.0000
592.3879,150.5587,578.9412,124.8879,634.8416,95.6068,648.2883,121.2776
596.7007,154.9270,578.1172,127.3959,630.0365,92.3504,648.6200,119.8815
596.3104,155.0639,577.5112,126.5170,630.1137,91.8764,648.9129,120.4233
598.4215,155.8518,578.5389,127.0564,630.5350,91.1543,650.4176,119.9497
599.7665,157.7729,578.6623,128.4993,631.1651,90.6484,652.2693,119.9221
600.1374,158.1305,579.1212,128.3010,632.7504,90.5168,653.7667,120.3462
600.4528,157.4640,580.2271,127.7997,634.7462,90.6277,654.9719,120.2920
600.1685,155.2697,581.1235,124.7978,637.9325,89.2921,656.9774,119.7641
597.9949,153.6826,581.9824,122.8892,643.4433,90.9295,659.4559,121.7229
599.4541,154.5243,582.8163,123.0973,644.8433,90.2595,661.4811,121.6865
601.0449,155.3675,583.3929,123.2157,645.3010,89.2269,662.9530,121.3787
601.5322,155.5596,584.3211,123.5963,647.2339,89.7202,664.4450,121.6835
602.6230,155.5991,584.9711,123.4473,647.3010,89.2269,664.9530,121.3787
602.9496,155.3349,585.7064,123.3119,648.6790,89.4037,665.9221,121.4266
605.4706,158.1176,585.4412,124.7353,647.0588,87.7647,667.0883,121.1471
604.3602,155.8184,586.0604,123.0048,648.4897,88.1885,666.7896,121.0020
606.0294,158.3823,586.0000,125.0000,648.0588,87.7647,668.0883,121.1470
605.0357,157.0973,586.3231,124.1888,649.2952,88.3811,668.0079,121.2896
605.7789,158.4241,586.4216,125.5167,649.2648,88.5501,668.6221,121.4576
607.5526,159.1348,587.1005,125.4879,648.4809,88.1783,668.9329,121.8251
607.2159,158.1671,587.8586,125.2596,649.6530,88.9100,669.0103,121.8175
607.6530,157.9100,588.1157,124.6967,650.0848,88.2442,669.6221,121.4576
608.2309,159.4369,587.2626,125.6172,648.7188,87.5143,669.6871,121.3340
608.5085,159.8847,587.6478,126.2384,649.5518,87.8579,670.4125,121.5042
609.0767,160.4089,587.6093,127.1691,648.7229,87.6999,670.1903,120.9397
615.7308,158.7287,589.9970,130.0539,638.2996,86.7054,664.0334,115.3802
629.3330,167.4113,602.2952,159.9327,620.2754,94.9273,647.3132,102.4058
622.3785,184.2702,608.5947,101.5676,637.1352,96.8108,650.9190,179.5135
640.8108,162.3768,591.5090,115.8140,617.2725,88.5350,666.5742,135.0979
644.9679,157.7917,585.5155,119.3954,606.2614,87.2729,665.7137,125.6692
648.8000,153.4000,584.4000,121.2000,600.2001,89.6000,664.6001,121.8000
649.3193,153.5487,583.8223,121.4424,599.4144,89.6346,664.9113,121.7409
649.9019,154.0444,585.7567,121.3666,601.7521,89.9681,665.8974,122.6458
650.1021,152.9520,585.4430,121.2563,600.6398,90.2548,665.2988,121.9504
650.5131,152.1534,585.8224,120.4423,600.8177,89.8518,665.5084,121.5629
650.5340,152.1595,585.8151,120.4605,600.8021,89.8622,665.5209,121.5613
650.5288,152.1612,585.8224,120.4424,600.8177,89.8518,665.5242,121.5707
649.2796,152.2210,585.9848,119.9530,601.5832,89.3561,664.8780,121.6241
650.2405,150.9155,586.0338,120.0962,600.6241,89.6996,664.8309,120.5189
649.9154,150.7594,586.4238,120.2835,600.9987,89.9194,664.4902,120.3953
650.1502,150.3060,586.3881,120.3003,600.3937,90.5383,664.1558,120.5439
650.0920,149.1003,586.4642,120.4054,599.6763,91.1089,663.3041,119.8038
649.0294,149.1535,586.4510,120.3674,600.2328,90.4071,662.8112,119.1931
649.7172,148.9313,586.3828,120.3687,599.9697,90.2412,663.3041,118.8038
649.8521,148.1682,585.3577,120.8821,597.7516,91.5872,662.2460,118.8733
649.4892,148.0934,585.8591,120.6451,598.8023,90.6402,662.4324,118.0885
649.7415,148.6035,586.3794,121.4483,599.2587,91.3966,662.6207,118.5517
649.2165,148.4071,585.7021,121.0088,598.6453,91.0039,662.1597,118.4023
649.0735,147.5198,585.5363,121.5862,597.4464,92.4067,660.9836,118.3403
648.1876,148.4825,585.6876,120.9825,598.9879,90.7547,661.4879,118.2547
647.8528,148.2502,584.8178,121.0587,597.9180,90.6901,660.9531,117.8817
647.3902,147.1082,585.7509,120.1410,598.7869,90.3443,660.4262,117.3115
647.7278,145.0533,586.5207,119.5503,598.0591,91.8580,659.2663,117.3609
649.4000,147.2000,590.2001,117.6000,603.2001,91.6000,662.4000,121.2000
637.3558,153.9180,601.9727,108.2147,625.1672,90.2577,660.5504,135.9610
619.0000,168.0000,619.0000,97.0000,639.0000,97.0000,639.0000,168.0000
626.3082,167.2896,593.7606,148.1856,629.1311,87.9248,661.6787,107.0288
613.7944,147.2229,597.5759,120.6245,651.4484,87.7754,667.6669,114.3738
613.0768,149.5521,595.5931,121.4532,652.4799,86.0569,669.9637,114.1559
611.8450,148.4541,595.2395,120.5807,653.5930,85.8169,670.1985,113.6903
612.1173,149.4069,595.1241,121.4897,653.4014,86.0165,670.3945,113.9338
612.1238,150.0273,594.5523,122.4985,652.1496,85.7343,669.7211,113.2631
610.8469,148.9628,594.1241,121.4897,652.8455,85.7462,669.5683,113.2193
609.4604,148.5993,593.8773,122.0503,653.6531,86.9645,669.2362,113.5135
609.4604,147.5993,593.5167,120.4359,653.1631,85.4260,669.1068,112.5895
608.0377,145.8310,594.4703,120.3243,655.3348,87.9496,668.9022,113.4562
608.6415,145.7547,594.6793,120.6226,653.6887,87.8396,667.6509,112.9717
609.4307,144.2273,595.3433,119.7276,651.6890,87.3288,665.7764,111.8285
625.4692,159.3401,598.1292,146.8092,625.1636,87.8250,652.5037,100.3558
621.3165,165.4870,612.3422,94.9746,636.6754,91.8777,645.6496,162.3900
639.7177,159.8614,597.4253,107.3163,625.1040,85.0383,667.3964,137.5834
648.5227,153.4939,585.2686,117.0011,603.0822,86.1243,666.3363,122.6171
650.0001,150.0000,584.4001,117.2000,599.8001,86.4000,665.4001,119.2000
650.5087,148.1552,585.4184,116.2241,600.2499,85.9905,665.3403,117.9217
641.7267,142.2585,585.4146,116.2683,599.0829,86.6537,655.3951,112.6439
649.0098,143.8866,585.4954,116.4882,598.0677,87.3430,661.5822,114.7413
648.2647,142.9197,585.2057,116.2409,597.5031,87.1744,660.5621,113.8532
648.6555,142.1786,585.1136,117.2603,596.1766,89.0497,659.7184,113.9680
648.9003,142.6945,585.5836,116.4121,597.4153,87.9083,660.7321,114.1907
649.5118,143.3284,585.0325,116.7781,596.8787,88.0089,661.3580,114.5592
649.2377,143.7198,584.8719,116.6862,597.0463,87.6994,661.4122,114.7331
648.8528,143.2502,585.7021,116.0088,598.3316,86.7313,661.4824,113.9728
648.4891,143.0934,585.3384,115.8519,597.9679,86.5744,661.1187,113.8159
649.9824,143.2233,585.7164,116.0339,598.0138,86.9674,662.2798,114.1568
650.4932,143.0163,586.3577,115.8821,598.8069,86.4567,662.9424,113.5910
650.9824,143.2233,586.7164,116.0339,598.8068,87.4567,663.0728,114.6462
650.5483,144.3061,586.4643,115.4054,599.8821,85.6527,663.9661,114.5533
650.7887,144.5028,587.0052,115.1624,600.6124,85.5817,664.3959,114.9221
651.2000,145.6000,588.8000,114.4000,603.6000,84.8000,666.0001,116.0000
648.7645,148.2925,596.5501,110.8053,615.3058,84.6812,667.5202,122.1684
633.0373,168.1894,618.7242,95.4313,641.2934,90.9915,655.6065,163.7495
636.9719,162.6069,606.6609,151.6433,629.6769,88.0108,659.9879,98.9744
627.7992,158.4675,600.0006,132.0250,647.3439,82.2539,675.1425,108.6964
625.2828,158.1931,598.8552,128.4621,652.1103,81.1241,678.5379,110.8552
623.5867,160.9858,596.4180,131.8765,651.3231,80.6319,678.4918,109.7411
625.3770,157.8525,599.8033,127.1639,655.9672,80.3606,681.5410,111.0492
621.7856,150.5643,602.9016,120.7154,662.9929,82.6984,681.8769,112.5473
621.2490,148.1792,604.1728,119.3263,665.2944,83.1523,682.3705,112.0052
623.1678,149.5878,604.2838,119.7389,664.8269,81.4361,683.7109,111.2850
623.3235,149.2059,606.1176,120.5294,667.1470,83.9117,684.3529,112.5882
623.5054,149.2667,604.9913,119.4054,665.7252,81.7504,684.2393,111.6117
625.1011,149.5618,606.6741,120.0786,666.9887,82.3820,685.4157,111.8651
626.4879,150.4974,607.1094,120.4919,666.6058,82.0671,685.9844,112.0726
625.3235,149.2059,607.4117,119.3530,668.2941,82.8235,686.2058,112.6765
625.8652,147.9119,608.8549,118.7513,670.0363,83.0621,687.0466,112.2228
627.6290,148.6617,609.5558,118.7475,669.2925,82.6566,687.3657,112.5707
627.8600,147.3316,610.4145,117.4249,670.1658,82.5700,687.6114,112.4767
631.5424,149.9190,611.4950,119.5246,669.1700,81.4836,689.2174,111.8779
629.4580,147.1878,612.3090,117.9709,672.3434,82.7333,689.4924,111.9501
630.2647,147.4412,612.6176,118.0294,672.1765,82.2941,689.8235,111.7059
635.2399,149.2761,613.7804,121.7811,664.4507,82.2336,685.9102,109.7286
649.7043,156.7315,621.5226,145.3389,644.9066,87.4942,673.0884,98.8868
644.1931,166.5728,635.1831,93.2056,659.0858,90.2701,668.0958,163.6373
658.6470,160.5882,614.1059,108.6235,644.7411,82.3647,689.2823,134.3294
671.1082,150.3513,606.6920,116.2486,623.7189,84.0865,688.1352,118.1892
675.4292,146.6941,605.3872,117.9269,618.3275,86.4202,688.3695,115.1874
674.8493,145.0685,605.1507,118.9315,616.6987,88.1370,686.3973,114.2740
673.5639,145.9994,606.0132,117.7510,619.0665,86.5369,686.6171,114.7853
674.0949,146.5323,607.8536,117.6270,621.5765,86.1788,687.8178,115.0841
675.2783,147.1237,609.2164,117.7629,623.0721,86.5876,689.1340,115.9485
675.9025,148.1333,609.4135,117.2634,624.0776,85.6789,690.5667,116.5488
675.7827,149.1518,609.2062,117.6793,624.2540,85.8473,690.8306,117.3199
676.8145,147.9175,610.4742,118.4330,624.3300,87.2578,690.6702,116.7423
678.1730,147.3330,609.2975,117.9971,622.3765,87.2900,691.2520,116.6258
677.5774,146.0793,610.5045,117.5112,623.2764,87.5251,690.3492,116.0932
677.8845,146.3582,611.2975,117.9971,624.1227,87.8856,690.7097,116.2467
677.3962,147.4242,612.0655,117.1785,626.3482,86.3279,691.6789,116.5736
679.1857,147.0825,612.9382,117.6392,626.6289,86.8351,692.8763,116.2784
679.5789,147.3834,613.7666,118.0030,627.4996,87.2409,693.3119,116.6214
680.1857,147.0825,613.8455,117.5980,627.3300,87.2577,693.6702,116.7423
679.6898,147.9350,613.6315,118.0218,627.6700,87.0204,693.7282,116.9335
679.8146,146.9175,613.8455,117.5979,627.5361,86.7938,693.5052,116.1134
681.8275,145.9310,614.7585,119.1034,626.9655,88.5862,694.0344,115.4138
682.0695,146.1024,614.8871,118.7318,627.2588,88.3647,694.4412,115.7353
682.4520,147.0258,615.5045,118.5112,628.7904,87.3181,695.7379,115.8328
683.2765,146.5941,615.2365,118.8741,627.8929,87.8083,695.9330,115.5283
683.6317,145.4411,615.6672,119.4911,627.1729,89.3569,695.1374,115.3070
683.5173,146.2069,615.4138,118.9655,627.6207,88.4483,695.7242,115.6897
683.2250,146.0514,615.6948,119.2942,627.7456,88.8803,695.2758,115.6376
684.2091,145.7480,615.1045,118.8740,626.9839,88.3271,696.0885,115.2010
682.6086,145.9885,616.1695,118.4100,628.8564,87.8460,695.2955,115.4245
680.6104,149.7254,620.9222,114.1664,638.5848,84.5186,698.2730,120.0775
672.5660,152.5761,632.9391,106.8528,656.0482,86.8249,695.6752,132.5482
652.0000,171.0000,652.0000,95.0000,672.0000,95.0000,672.0000,171.0000
662.6423,166.5340,627.5983,148.3111,660.5731,84.8980,695.6172,103.1209
656.6174,151.0920,631.8757,122.9140,679.0182,81.5207,703.7599,109.6987
654.6520,152.9827,629.6328,123.3545,680.5220,80.3813,705.5413,110.0095
651.6422,157.5101,625.5762,127.4340,680.7411,79.6243,706.8071,109.7005
654.3045,154.0528,629.5405,124.0753,683.2674,79.6921,708.0314,109.6697
647.9896,146.8394,631.4145,118.4249,691.7254,83.2435,708.3005,111.6580
647.3080,144.2191,632.9114,117.1535,694.5057,84.3906,708.9023,111.4562
647.3383,144.3167,632.7678,117.4174,694.1692,84.1584,708.7396,111.0577
647.8216,144.0550,633.4431,117.5101,695.1343,84.0940,709.5129,110.6389
649.0911,144.5879,633.8967,117.1210,694.9234,83.3615,710.1179,110.8284
649.0006,144.5214,634.3983,117.6531,695.6869,84.3440,710.2892,111.2123
650.5364,145.7287,634.6971,118.7431,695.2166,83.2207,711.0560,110.2063
651.7219,145.4789,636.1633,118.3955,696.6011,83.6760,712.1597,110.7594
652.0602,145.1834,636.8439,118.2622,697.1118,84.1977,712.3281,111.1189
653.6672,147.1557,637.1460,119.4237,696.8186,83.8740,713.3398,111.6061
654.1993,148.0473,637.3508,120.7410,696.8328,84.0394,713.6813,111.3456
654.8086,147.0715,638.6335,119.9205,698.9028,84.0154,715.0779,111.1664
654.6787,147.0207,638.7927,119.7876,699.7253,84.2435,715.6113,111.4767
656.8315,148.7303,639.6966,121.3146,699.7415,83.7865,716.8764,111.2023
657.8710,148.5892,640.8489,120.7864,701.6499,83.5613,718.6720,111.3641
658.4879,150.4974,640.1538,122.1090,700.1061,83.3899,718.4402,111.7782
660.9031,151.9830,640.5808,123.0391,699.1099,81.9442,719.4321,110.8881
662.3266,149.6272,642.7110,122.8786,698.2457,82.1532,717.8613,108.9018
669.1546,147.1619,647.7368,129.1985,685.3311,84.3745,706.7490,102.3378
672.8929,153.7803,646.3902,136.5536,680.5466,84.0053,707.0493,101.2320
672.0640,166.9448,667.0197,92.5410,689.7626,90.9991,694.8069,165.4029
694.8536,159.6830,637.5366,113.8293,664.0732,80.6586,721.3903,126.5122
703.1011,150.2478,635.0681,118.0867,650.4812,85.4820,718.5142,117.6431
704.3014,148.1370,636.1165,117.1438,650.4658,85.5753,718.6508,116.5685
704.9756,146.1007,636.8368,117.0786,649.9158,86.3715,718.0546,115.3936
703.9787,144.4337,637.5444,117.6045,649.5634,87.8429,715.9977,114.6722
704.1190,143.0865,638.5444,116.6045,650.4966,87.0083,716.0712,113.4903
704.6933,142.4126,638.3483,117.3767,649.2115,88.5892,715.5565,113.6251
705.5547,141.9321,640.0570,117.5311,650.6860,89.0007,716.1837,113.4017
705.8179,142.0823,639.4730,117.0464,650.2925,88.3746,716.6375,113.4104
705.5298,140.7049,639.4346,117.4492,649.2679,89.5017,715.3632,112.7574
705.5466,140.4224,640.2747,117.0230,650.3501,88.9180,715.6221,112.3174
705.7808,140.0779,640.7635,117.5720,650.4650,89.5456,715.4822,112.0515
706.5059,140.9828,640.8705,118.2629,650.6790,89.9273,716.3144,112.6473
705.9516,141.3780,641.4730,117.0464,652.2053,88.6058,716.6839,112.9374
706.8039,140.0413,641.7656,117.5735,651.4395,89.5700,716.4778,112.0378
707.7974,140.5123,642.8431,117.2268,652.9186,89.1217,717.8728,112.4072
707.7169,140.1353,642.8553,117.2430,652.6030,89.6246,717.4645,112.5169
707.2759,141.3103,645.2069,116.4828,656.3793,88.5517,718.4482,113.3793
706.2001,142.6000,650.2001,114.6000,663.4000,88.2000,719.4000,116.2000
691.1788,152.5995,666.4797,100.4570,690.6811,88.9932,715.3802,141.1357
696.7104,163.9185,671.6401,160.1344,681.9875,91.5830,707.0578,95.3672
687.9936,165.2224,653.5803,143.7953,691.4566,82.9635,725.8699,104.3907
679.5001,157.5000,652.5001,130.5000,702.5001,80.5000,729.5001,107.5000
681.1466,160.5493,651.8711,137.0140,697.6777,80.0350,726.9532,103.5703
680.5295,156.1176,654.6942,125.9765,708.5529,79.8118,734.3882,109.9529
677.1337,152.2437,655.8648,122.8425,712.2369,82.0628,733.5058,111.4639
680.7477,156.9240,655.2217,127.0399,707.9434,82.0068,733.4694,111.8909
673.0326,147.1692,657.4896,119.5371,719.0208,84.9259,734.5637,112.5579
674.4249,146.5855,658.3575,119.0414,718.5440,83.9326,734.6114,111.4767
671.9177,141.2921,660.4509,115.6283,724.1404,87.1713,735.6072,112.8351
671.3789,141.0860,660.0389,115.7060,723.7284,87.2491,735.0684,112.6291
671.7238,142.6825,659.6658,116.9224,723.2458,87.1615,735.3038,112.9217
672.9390,142.1307,660.8580,116.3932,724.4576,86.5403,736.5386,112.2778
674.1077,142.5028,661.8945,116.4111,725.0906,86.8299,737.3037,112.9217
674.9069,143.8966,662.0880,117.7016,725.5500,86.6457,738.3689,112.8408
675.8000,144.6000,662.4000,117.8000,725.2000,86.4000,738.6000,113.2000
675.2001,143.6000,662.9478,117.9815,726.2863,87.6892,738.5386,113.3077
676.2000,144.4000,663.0001,118.0000,725.8001,86.6000,739.0001,113.0000
678.4788,145.6602,664.3028,119.0092,726.3116,86.0258,740.4876,112.6768
680.0007,146.5213,665.3984,119.6531,726.3345,86.5356,740.9368,113.4039
680.5713,147.1810,664.7075,119.7245,725.1685,84.7915,741.0322,112.2480
680.2642,145.0755,665.6887,118.8396,725.2076,85.7736,739.7831,112.0094
691.3301,151.8798,667.6381,129.4684,709.4114,85.3081,733.1034,107.7194
706.5911,169.7679,686.2265,168.6961,690.1989,93.2210,710.5635,94.2928
704.1596,153.6273,671.7003,105.6439,697.7501,88.0220,730.2094,136.0053
713.8624,157.4587,659.9516,114.5751,683.4141,85.0794,737.3249,127.9630
721.2432,152.9771,657.0780,118.4267,674.2249,86.5826,738.3900,121.1331
722.7970,147.6854,657.1742,119.2076,670.1625,89.2780,735.7853,117.7558
725.7742,146.6653,658.7659,120.1148,670.2740,91.0708,737.2823,117.6213
723.8125,147.2583,659.0630,119.1594,671.9066,89.5632,736.6561,117.6621
723.6569,145.9763,660.0326,119.7781,671.8788,91.0089,735.5031,117.2071
724.3876,146.3628,661.3648,119.8932,673.2393,91.6205,736.2621,118.0901
724.2493,147.0697,661.4813,119.4517,674.1328,90.6984,736.9008,118.3163
724.7733,145.8054,660.5363,119.5862,671.9536,91.6137,736.1907,117.8329
723.7185,146.2762,660.8499,118.6139,673.3391,90.2292,736.2078,117.8914
724.0306,145.2128,661.7219,119.0432,673.5964,90.7705,735.9051,116.9401
725.1985,144.6354,660.4659,120.0371,670.8857,92.6166,735.6183,117.2150
724.0000,145.0000,660.5518,119.6207,671.7241,91.6896,735.1724,117.0689
723.1805,144.8558,661.7219,119.0432,673.5964,90.7705,735.0551,116.5831
723.3721,144.9444,662.8553,118.6328,674.6200,91.5739,735.1367,117.8855
718.6038,148.8868,668.2717,114.4491,685.7358,88.9245,736.0679,123.3623
703.9077,165.3710,686.4608,100.5683,710.4883,94.0993,727.9352,158.9021
707.5543,172.2696,682.1247,167.2745,696.3737,94.7341,721.8033,99.7292
696.4918,162.4098,667.6721,138.3934,710.9507,86.4590,739.7704,110.4754
692.2382,163.4938,664.0261,133.9054,716.2595,84.1014,744.4716,113.6898
690.8466,165.0335,662.4474,135.9582,715.0995,84.5306,743.4987,113.6059
691.4399,160.0800,665.8376,128.5694,720.4259,84.2165,746.0282,115.7271
689.8185,164.6303,661.9736,133.4704,717.6922,83.6794,745.5372,114.8392
689.8574,159.1933,665.8220,128.0123,721.9766,84.7264,746.0120,115.9074
686.9097,155.7751,666.5046,125.4765,725.3748,85.8292,745.7800,116.1278
688.9459,156.3243,667.3243,126.0540,724.7433,85.0405,746.3649,115.3108
687.5131,154.0974,667.6183,124.8769,726.0449,85.0971,745.9396,114.3177
688.0479,153.4142,668.3015,124.4117,726.5100,84.7804,746.2563,113.7829
692.0138,155.2063,668.7521,126.2864,722.6454,82.9375,745.9071,111.8574
689.8035,154.2774,668.7572,125.5780,724.7688,84.5029,745.8151,113.2023
693.7674,153.6132,670.2213,126.0306,719.4890,83.9728,743.0351,111.5554
703.6533,161.7077,674.9808,147.6641,703.7051,89.0188,732.3776,103.0625
696.0000,176.0000,696.0000,96.0000,719.0000,96.0000,719.0000,176.0000
708.5847,167.8095,672.0541,108.6049,705.9866,87.6679,742.5172,146.8725
718.5383,163.4012,662.6664,117.2461,689.8855,84.2967,745.7574,130.4517
724.8970,155.7780,660.6345,121.2667,678.6505,87.7197,742.9130,122.2310
719.9318,167.6586,660.4606,119.1107,689.1334,83.9865,748.6046,132.5343
723.9194,160.5536,659.7565,120.6031,681.1752,86.2034,745.3381,126.1539
724.6381,158.5605,660.2874,121.4350,679.7824,87.6437,744.1331,124.7691
723.9326,159.3932,659.9260,120.7477,680.5552,86.5805,744.5618,125.2259
724.8892,158.8955,659.9211,120.1645,680.2297,86.0985,745.1978,124.8295
726.0287,157.0550,660.6251,121.1471,678.6990,88.2269,744.1025,124.1347
724.3353,158.6744,660.6068,119.9374,681.1370,86.1617,744.8655,124.8987
726.2534,156.7182,661.5357,120.6257,679.7864,87.9002,744.5041,123.9927
724.2700,158.0411,660.3779,120.4576,679.9151,87.2442,743.8072,124.8278
724.5758,158.2211,660.3778,120.4576,680.0951,86.9383,744.2931,124.7018
724.3749,158.6603,660.8108,120.2820,681.0895,86.6955,744.6536,125.0738
724.8214,157.2431,660.1531,119.9345,679.2153,86.8934,743.8835,124.2020
724.3076,158.5487,660.8008,120.6890,680.6696,87.3607,744.1763,125.2205
723.3734,158.7682,660.4935,120.0730,681.0600,86.6524,743.9399,125.3476
721.2982,159.6120,662.5576,117.8409,685.2798,85.8878,744.0204,127.6589
712.7178,164.8614,670.1276,111.9462,699.9968,87.9050,742.5870,140.8202
698.0850,184.1257,691.6212,98.4814,712.1271,96.9338,718.5908,182.5781
708.0001,176.0000,672.4206,163.9489,697.2530,90.6341,732.8325,102.6852
698.5573,161.4967,666.6589,133.0656,710.5204,83.8552,742.4187,112.2863
690.4426,157.4675,666.5576,126.0757,721.1216,84.5597,745.0066,115.9515
688.1734,156.1271,666.0242,124.8578,722.4866,84.8636,744.6358,116.1329
683.4738,151.0470,666.5551,121.5960,726.6729,87.0603,743.5916,116.5112
684.4783,152.2580,666.1180,122.5016,724.5983,86.4180,742.9587,116.1744
683.4053,151.7160,665.6492,121.9111,724.4424,86.8854,742.1985,116.6903
686.5854,154.1078,665.9360,124.1329,721.6208,85.7723,742.2702,115.7471
687.1964,153.6322,666.6681,123.4813,722.3616,85.5623,742.8899,115.7133
688.0526,153.7860,667.2268,123.5549,722.4445,85.5161,743.2703,115.7471
688.1732,153.7491,667.0980,123.4535,722.2687,85.0739,743.3439,115.3695
686.0189,151.7878,667.1172,122.4578,723.8304,85.9093,742.7320,115.2393
686.1172,151.4069,668.4095,122.3159,725.9572,87.2869,743.6648,116.3779
687.5504,152.5106,668.0942,122.6777,724.8316,85.6750,744.2878,115.5079
687.7017,151.1634,669.3706,121.7028,725.8088,86.5856,744.1399,116.0463
689.6154,151.9231,669.7692,122.1539,725.1539,85.2308,745.0001,115.0000
689.1353,151.6412,670.4000,122.2000,726.8882,86.2529,745.6236,115.6941
688.0239,149.8555,670.6661,120.2829,728.9543,86.0703,746.3121,115.6429
687.6415,148.7548,671.8396,120.3114,730.1698,87.9057,745.9717,116.3491
687.2170,148.9906,670.7548,119.3585,729.9340,86.4811,746.3962,116.1132
689.1470,150.9118,671.4999,121.5000,729.4411,86.7353,747.0882,116.1471
688.5447,149.6822,672.4557,120.0784,731.4955,87.9916,747.5845,117.5954
690.9236,152.6003,672.1830,122.2275,730.2164,86.4196,748.9570,116.7924
694.4656,153.9138,674.3926,123.1353,731.1300,86.1326,751.2030,116.9111
692.7677,152.4190,674.7456,121.7146,733.4703,87.2457,751.4924,117.9501
696.7964,155.9625,675.2127,124.6313,731.3647,85.9487,752.9484,117.2800
697.0081,155.2122,676.4775,123.7321,733.6725,86.4311,754.2030,117.9112
697.5233,156.7302,676.9980,124.2870,735.9233,87.0077,756.4485,119.4509
694.0306,153.8519,679.1976,120.3165,745.2230,91.1129,760.0560,124.6483
692.3511,154.4935,679.6628,119.4496,749.7963,94.0565,762.4847,129.1004
693.6652,157.6785,680.7825,121.4842,752.5844,95.9276,765.4671,132.1219
696.4003,162.5688,679.8298,124.1251,751.0903,93.4094,767.6608,131.8531
699.1664,164.9416,681.7249,126.7045,751.8967,94.6963,769.3382,132.9335
698.9577,164.6494,682.9765,126.6941,754.3718,96.6329,770.3530,134.5882
703.0997,169.3511,683.7308,129.8958,754.0118,95.3943,773.3807,134.8495
703.6986,168.1370,685.9247,129.0343,756.9727,96.7397,774.7466,135.8425
704.7638,168.4121,688.0929,129.7358,759.4697,98.9699,776.1406,137.6463
709.0000,173.0000,688.8000,132.6000,758.8000,97.6000,779.0000,138.0000
710.2938,173.7467,690.5437,133.5149,761.2350,98.8120,780.9851,139.0437
712.2001,177.1107,691.3160,136.7828,761.9744,100.1919,782.8584,140.5198
717.3753,179.9885,694.1915,138.8557,762.9069,100.1252,786.0908,141.2579
717.3232,178.7323,697.3716,138.0903,768.0336,103.4017,787.9852,144.0437
722.3152,182.1883,700.3281,141.1457,768.9822,104.3667,790.9692,145.4093
726.4100,186.5797,702.1472,144.8780,769.9022,105.4569,794.1650,147.1586
728.9271,188.3567,704.9234,146.5440,772.5871,107.7000,796.5908,149.5128
730.8207,188.1377,707.8334,146.2680,772.6191,110.6993,795.6064,152.5690
734.1235,194.1941,706.9470,151.4882,768.9352,112.0412,796.1118,154.7470
736.6396,195.4876,709.7073,154.6248,770.1221,114.8059,797.0544,155.6687
738.5588,195.2647,713.6765,153.7941,774.5588,117.2647,799.4411,158.7353
740.7848,197.2179,715.1793,155.1517,775.5504,118.4041,801.1559,160.4704
742.0552,198.6621,716.6235,156.8814,777.8828,119.5931,803.3145,161.3738
741.9546,196.7528,720.4028,155.3735,783.6436,122.4356,805.1953,163.8149
744.0738,198.0645,723.4112,157.5658,785.6247,125.8242,806.2873,166.3229
744.1202,199.3288,723.9818,158.2130,787.4169,127.1428,807.5553,168.2586
746.6689,201.2710,725.8080,160.3837,788.4263,128.4356,809.2872,169.3229
749.1990,203.9750,726.8940,163.6544,789.2565,129.1559,811.5616,169.4766
751.1990,203.9750,728.6146,163.1494,790.0486,129.1646,812.6329,169.9903
752.3373,202.5632,731.6004,162.8172,792.4324,131.0788,813.1694,170.8247
754.7038,204.9490,732.2944,166.1633,791.7224,131.8271,814.1318,170.6128
757.6718,205.7242,735.0789,168.9062,791.2469,134.4394,813.8398,171.2574
760.3600,210.4800,734.2000,175.6000,787.4800,135.6400,813.6400,170.5200
759.6013,210.1619,736.0946,176.4689,790.7167,138.3605,814.2234,172.0535
760.0614,210.1840,737.2153,177.7574,790.6016,140.1443,813.4476,172.5710
758.4000,210.2000,736.3200,180.7600,790.2401,140.3200,812.3200,169.7600
758.5657,209.6093,737.4223,183.6330,788.8852,141.7446,810.0286,167.7208
757.9434,209.3019,737.7449,184.4867,788.1168,143.4864,808.3152,168.3016
753.4443,206.0725,736.1520,180.4323,787.1926,146.0097,804.4848,171.6498
748.3979,209.2423,730.5919,183.9693,783.1581,146.9341,800.9641,172.2071
742.0000,210.9999,724.7693,185.1538,778.3077,149.4615,795.5385,175.3076
735.4656,203.0862,724.5000,177.5000,786.5344,150.9138,797.5000,176.5000
736.9225,198.5529,732.5513,166.3151,801.6869,156.9408,806.0581,189.1786
806.9455,203.1534,728.9914,191.8374,733.4306,161.2561,811.3847,172.5720
794.0262,205.9532,724.1599,192.7027,729.2764,165.7248,799.1427,178.9753
787.5875,219.0391,716.1764,209.7821,720.6833,175.0145,792.0945,184.2715
758.8065,235.0119,709.0670,200.0101,730.2807,169.8642,780.0202,204.8660
763.0584,232.2295,696.1075,220.7988,701.8976,186.8850,768.8486,198.3156
693.0000,227.0000,693.0000,195.0000,757.0000,195.0000,757.0000,227.0000
691.9268,233.2820,687.9577,202.0963,754.6412,193.6093,758.6103,224.7950
693.9123,236.7646,686.9448,204.8302,752.9830,190.4219,759.9505,222.3562
693.3415,236.0732,687.0950,203.1372,754.7479,190.3065,760.9943,223.2425
693.9222,233.9431,688.6136,199.7323,755.2504,189.3921,760.5590,223.6029
693.7847,231.7251,689.7255,196.9320,761.1532,188.5988,765.2124,223.3919
695.3724,229.5433,692.3425,192.5785,764.9205,186.6295,767.9504,223.5943
768.5740,224.2859,701.7070,221.7626,703.1581,183.3079,770.0252,185.8312
708.5029,226.2141,705.7668,181.5245,766.3763,177.8137,769.1124,222.5033
729.1195,229.5154,723.4949,181.7065,775.4232,175.5973,781.0479,223.4061
746.6480,234.6781,725.2575,199.9184,781.8326,165.1030,803.2231,199.8626
752.3831,240.4323,721.3263,205.3683,778.3734,154.8408,809.4302,189.9049
768.2001,236.6000,727.4001,216.2000,757.6000,155.8000,798.4001,176.2000
742.3782,233.2476,712.5995,191.8883,768.4742,151.6586,798.2529,193.0179
762.2613,237.0047,713.1743,216.3365,739.6213,153.5247,788.7083,174.1930
761.3207,230.3773,711.5283,216.1509,729.5660,153.0188,779.3585,167.2453
742.0801,231.5600,698.4000,198.8000,737.0400,147.2800,780.7201,180.0400
738.3764,228.8941,695.4705,192.1176,735.9175,144.9294,778.8234,181.7059
747.4130,233.6239,700.8992,219.6697,722.4221,147.9266,768.9359,161.8807
718.4567,242.1019,702.4944,156.9698,748.8038,148.2868,764.7661,233.4189
715.9902,237.1446,701.4846,155.9135,751.3239,147.0136,765.8295,228.2447
717.9200,226.5600,687.6801,186.2400,734.5601,151.0800,764.8000,191.4000
733.8434,227.6198,687.3905,197.8899,716.2667,152.7707,762.7196,182.5006
711.8559,216.3937,685.3762,175.6555,731.2110,145.8629,757.6907,186.6010
710.5286,217.5070,681.4848,169.8751,739.8734,134.2724,768.9172,181.9042
711.1783,218.9937,683.9681,169.1083,744.1528,136.2803,771.3630,186.1657
713.2946,218.1218,690.6422,163.4898,749.9985,138.8787,772.6509,193.5107
720.8835,222.1476,697.9459,161.6757,747.5051,142.8773,770.4427,203.3492
735.3691,227.2416,699.6644,176.2349,739.8657,148.0940,775.5704,199.1007
731.1859,235.2516,728.9027,146.2076,759.8567,145.4139,762.1399,234.4579
764.6357,225.1054,732.0479,223.8019,735.4696,138.2588,768.0575,139.5623
735.0000,215.0000,735.0000,136.0000,769.0000,136.0000,769.0000,215.0000
735.0000,210.0000,735.0000,134.0000,766.0000,134.0000,766.0000,210.0000
761.4629,215.8835,728.8650,212.7289,736.8010,130.7227,769.3989,133.8773
732.0000,209.0000,732.0000,131.0000,765.0000,131.0000,765.0000,209.0000
2
0
0
0
0
1
752.0000,246.0000,752.0000,188.0000,767.0000,188.0000,767.0000,246.0000
752.0000,244.0000,752.0000,185.0000,766.0000,185.0000,766.0000,244.0000
751.6385,241.2931,750.4296,182.0525,764.9337,181.7565,766.1427,240.9971
750.0000,239.0000,750.0000,180.0000,765.0000,180.0000,765.0000,239.0000
748.6437,236.3263,747.2746,176.0847,762.8575,175.7305,764.2266,235.9721
747.0074,234.3332,745.6693,174.1185,761.7724,173.7606,763.1105,233.9753
744.0000,233.0000,744.0000,172.0000,759.0000,172.0000,759.0000,233.0000
741.8956,230.1979,740.5900,170.1394,756.8431,169.7860,758.1488,229.8446
737.0000,229.0000,737.0000,167.0000,754.0000,167.0000,754.0000,229.0000
747.5283,218.5371,729.3843,216.1179,735.9956,166.5328,754.1396,168.9520
734.2670,216.4748,718.8367,212.1543,732.3174,164.0089,747.7477,168.3294
720.0000,212.0000,720.0000,167.0000,738.0000,167.0000,738.0000,212.0000
719.5296,211.8997,704.0154,202.7738,725.7121,165.8895,741.2263,175.0154
719.7587,210.1035,705.1035,204.2414,721.1725,164.0690,735.8276,169.9311
723.6180,209.8143,707.2892,206.3767,716.6261,162.0266,732.9550,165.4642
723.1862,208.7655,707.9587,207.4965,711.7518,161.9793,726.9793,163.2483
707.0000,207.0000,707.0000,163.0000,724.0000,163.0000,724.0000,207.0000
705.0000,206.0000,705.0000,162.0000,721.0000,162.0000,721.0000,206.0000
716.4928,205.8394,701.3497,204.6280,705.0095,158.8807,720.1526,160.0922
713.0173,205.3873,697.6127,203.0173,704.6531,157.2543,720.0577,159.6243
712.0001,204.0000,697.5446,202.5545,702.1188,156.8119,716.5743,158.2574
709.5822,204.1499,694.4402,202.3328,700.0806,155.3297,715.2225,157.1467
694.0000,204.0000,694.0000,157.0000,710.0000,157.0000,710.0000,204.0000
704.2049,207.2066,689.4649,205.0390,696.6071,156.4716,711.3471,158.6393
702.0683,211.4862,686.4661,208.6122,695.9464,157.1480,711.5485,160.0221
702.5294,215.1176,684.4235,211.0941,695.7883,159.9529,713.8941,163.9765
707.7905,217.6589,687.2261,216.8973,689.0179,168.5192,709.5822,169.2808
702.9379,229.0266,683.4941,227.8481,686.4548,178.9973,705.8986,180.1757
698.9562,244.8084,680.5506,243.8135,683.2658,193.5819,701.6714,194.5768
692.8543,261.4210,672.8848,259.3728,678.0638,208.8783,698.0333,210.9265
670.4132,284.5038,668.1472,232.3849,689.8887,231.4396,692.1547,283.5585
688.2344,303.4369,661.5898,302.4853,663.2294,256.5796,689.8739,257.5312
691.7438,306.2269,652.6451,303.8573,654.7147,269.7100,693.8134,272.0796
691.4713,307.2188,659.4025,305.9361,660.8994,268.5160,692.9681,269.7987
656.0000,307.0000,656.0000,271.0000,686.0000,271.0000,686.0000,307.0000
657.0000,308.0000,657.0000,272.0000,686.0000,272.0000,686.0000,308.0000
