1
190.0535,209.5254,233.4300,211.4940,228.5290,319.4863,185.1525,317.5177
189.2557,209.4505,232.2155,212.2580,225.0973,321.1796,182.1375,318.3721
188.4472,211.4248,232.5488,215.3177,222.8853,324.7926,178.7836,320.8997
191.0184,214.1379,233.7620,222.3237,218.5160,301.9331,175.7724,293.7473
189.4136,218.4548,232.8829,226.9711,217.8598,303.6527,174.3905,295.1364
182.2198,223.0312,228.6353,227.3061,220.1865,319.0412,173.7710,314.7663
225.8615,330.2956,176.9255,331.4629,174.4719,228.5962,223.4078,227.4290
223.6882,322.3694,174.3942,323.2138,172.8047,230.4250,222.0987,229.5806
223.2356,329.2087,178.9071,329.9805,177.2079,232.3899,221.5365,231.6180
222.9159,330.3189,181.1987,330.4770,180.8221,231.0761,222.5393,230.9181
186.5442,229.1352,227.9383,230.9673,223.4870,331.5407,182.0929,329.7086
186.7491,227.4886,230.1118,230.8932,222.0594,333.4531,178.6967,330.0485
185.7013,225.5713,232.4662,232.5305,216.9636,336.7048,170.1987,329.7455
185.5040,223.8808,230.7225,228.8212,218.9166,336.8780,173.6981,331.9376
187.7584,219.2710,231.7227,223.2051,221.9611,332.2933,177.9968,328.3592
191.0444,217.9698,239.3701,222.7507,228.8555,329.0327,180.5298,324.2517
190.7108,219.3942,239.2897,222.7910,232.4586,320.4850,183.8797,317.0881
203.0149,205.8197,254.8811,216.9228,231.6414,325.4828,179.7752,314.3797
200.7944,209.1855,256.7526,216.5434,242.6763,323.5966,186.7181,316.2388
199.1945,209.6301,251.9148,211.7942,247.2157,326.2712,194.4953,324.1071
257.5399,322.7913,200.3968,324.9404,196.1198,211.2198,253.2629,209.0707
250.2272,330.0812,199.2197,330.1631,199.0252,209.0400,250.0327,208.9581
261.2230,325.3703,206.8894,331.1869,194.5769,216.1739,248.9105,210.3573
265.8386,332.2571,217.9184,337.1148,206.4209,223.6961,254.3411,218.8383
221.2428,222.0291,283.9871,231.3229,267.5692,342.1627,204.8249,332.8689
231.3193,222.7072,272.8511,232.8649,247.1279,338.0400,205.5960,327.8823
233.0770,223.5577,277.5466,233.7062,252.5468,343.2521,208.0771,333.1036
233.5737,225.4258,281.6024,233.0657,263.7634,345.2115,215.7348,337.5717
235.9502,226.2309,286.0891,232.2364,273.9325,333.7305,223.7936,327.7251
235.8479,228.6359,287.5888,228.6499,287.5631,323.0072,235.8222,322.9931
295.0787,336.0742,241.8366,336.7157,240.5369,228.8420,293.7791,228.2005
245.7502,225.7908,299.4989,227.4449,296.1941,334.8293,242.4454,333.1752
250.6480,223.3168,305.6595,227.8697,296.5342,338.1289,241.5228,333.5761
252.5766,223.6481,304.7806,223.8713,304.3008,336.1129,252.0968,335.8897
310.7012,336.2251,257.5467,337.7001,254.4373,225.6485,307.5917,224.1734
318.1828,335.5563,263.5190,339.3033,255.8653,227.6431,310.5291,223.8962
326.6221,335.1193,269.3713,341.9907,256.2711,232.8422,313.5219,225.9708
330.7943,333.9006,277.1763,341.1030,262.5377,232.1268,316.1557,224.9244
332.7844,336.9970,271.5883,341.0411,264.6786,236.4807,325.8746,232.4366
333.7031,334.3001,277.7220,337.5399,271.9081,237.0811,327.8892,233.8413
335.6302,334.8887,279.0934,336.9977,275.4079,238.1965,331.9447,236.0876
336.0084,335.5020,281.8222,336.4455,280.1157,238.4394,334.3018,237.4958
339.7829,331.5317,286.9077,336.0608,278.6620,239.7960,331.5372,235.2669
342.4478,326.0009,293.6801,334.5746,277.1865,240.7574,325.9543,232.1838
342.2447,322.5379,291.2806,330.2727,277.6082,240.1870,328.5723,232.4521
336.1146,322.9605,289.6567,328.2767,279.2263,237.1254,325.6842,231.8092
336.5034,321.6071,290.6390,328.3945,277.0570,236.6174,322.9214,229.8300
344.3578,319.2481,298.5104,332.4640,271.9634,240.3694,317.8109,227.1535
344.1446,321.8024,300.3983,335.4253,269.9666,237.7023,313.7130,224.0794
346.1782,323.8897,304.7573,337.4066,271.7121,236.1431,313.1329,222.6263
346.3454,320.6236,300.1154,336.4634,266.0395,237.0093,312.2695,221.1695
343.5953,318.2892,297.1894,332.8803,266.3244,234.7160,312.7303,220.1250
343.7439,317.0513,297.9837,332.9034,263.9176,234.5654,309.6779,218.7132
343.7298,320.9262,299.0101,336.2461,263.7640,233.3605,308.4837,218.0406
339.9205,322.8883,296.6302,336.4143,264.3888,233.2247,307.6791,219.6988
332.3942,320.1521,290.9087,331.6426,263.4156,232.3820,304.9011,220.8914
329.2274,322.8730,288.8826,333.7828,262.0774,234.6561,302.4223,223.7463
331.1437,328.6206,283.3498,338.7342,262.0517,238.0849,309.8456,227.9714
331.6617,323.4813,277.6804,340.6967,248.2162,248.3075,302.1974,231.0921
329.1941,328.3239,271.5034,342.4642,248.3256,247.9019,306.0163,233.7616
323.6828,329.4856,265.8987,342.0647,245.4339,248.0570,303.2180,235.4778
319.1135,329.4644,261.8403,342.0776,240.9211,247.0892,298.1944,234.4760
316.6939,328.2811,261.3647,344.0353,233.5983,246.5191,288.9276,230.7649
316.9136,324.8337,265.0914,345.8220,227.1158,252.0562,278.9380,231.0679
309.0332,331.8377,261.5396,347.8683,227.3820,246.6700,274.8755,230.6394
304.6833,329.3189,261.0285,346.9667,220.9969,247.9417,264.6517,230.2939
299.4739,328.6679,257.4172,347.2292,214.6376,250.2981,256.6944,231.7367
295.7718,323.2829,256.4023,343.8018,209.0815,253.0076,248.4509,232.4887
294.1838,320.2237,256.2285,342.4469,204.3613,253.8623,242.3166,231.6391
285.9489,314.1059,246.0284,336.3224,199.6030,252.9011,239.5235,230.6846
275.6406,318.4150,234.5515,337.2499,193.2429,247.1338,234.3320,228.2988
269.2598,323.1443,226.9947,339.7552,189.3790,244.0448,231.6441,227.4339
265.0641,317.6970,220.4675,338.8554,177.8453,249.0185,222.4420,227.8601
258.6855,314.2772,211.8276,336.3354,169.6422,246.7215,216.5000,224.6633
256.0637,317.4005,208.5663,341.8476,161.0229,249.4775,208.5203,225.0303
245.3008,315.1559,195.8646,337.6456,154.7284,247.2208,204.1647,224.7312
226.3705,331.4105,183.5768,341.3831,158.8594,235.3176,201.6531,225.3450
235.6289,314.6546,191.0683,338.1744,145.3962,251.6441,189.9568,228.1243
229.0883,311.0963,186.7688,334.3134,141.2477,251.3391,183.5671,228.1219
229.9669,304.7832,184.9360,334.3808,133.4752,256.0861,178.5060,226.4886
231.9350,296.5826,185.9292,333.8949,125.1226,258.9210,171.1284,221.6086
207.7029,322.1365,164.4765,336.2119,131.7071,235.5756,174.9335,221.5001
203.4395,328.2981,152.8374,340.6533,126.6386,233.3528,177.2408,220.9976
201.9525,322.1888,149.0242,337.8575,118.0192,233.1240,170.9475,217.4553
203.9117,321.3505,143.9833,340.3187,110.7789,235.4128,170.7073,216.4445
201.5941,318.2506,140.9478,338.9922,106.0073,236.8303,166.6536,216.0886
174.3244,331.6086,129.1829,335.8045,118.4577,220.4181,163.5992,216.2222
167.4110,325.6599,121.1653,330.1549,110.5518,220.9596,156.7975,216.4646
170.1497,321.4044,125.0761,331.3592,101.4202,224.2488,146.4938,214.2941
170.3644,320.8093,132.1037,331.8237,100.6318,222.4997,138.8925,211.4853
170.7263,324.9984,133.6287,335.8171,101.0630,224.1492,138.1607,213.3304
174.8259,325.7444,133.7073,339.6127,95.8162,227.2679,136.9349,213.3996
173.5466,326.3565,127.4203,340.2588,93.0226,226.1313,139.1488,212.2290
176.1809,326.1163,124.0126,341.7407,89.4414,226.3101,141.6096,210.6858
178.2323,322.6655,118.7290,340.7990,85.2203,230.8437,144.7235,212.7102
180.3482,317.5152,115.4673,337.1082,82.7277,228.6935,147.6086,209.1005
176.2099,306.8377,110.4180,327.1906,79.9771,228.7888,145.7690,208.4359
175.9672,305.6392,115.2665,325.9349,82.5852,228.1914,143.2859,207.8956
172.5360,311.5301,120.9062,327.5121,88.3811,222.4392,140.0108,206.4573
169.2292,314.9332,116.1190,327.3641,90.9025,219.6284,144.0126,207.1975
169.0883,312.8932,121.3688,324.3427,94.5184,212.4342,142.2379,200.9848
171.2234,301.0565,124.4085,313.6359,96.2658,208.9014,143.0807,196.3220
165.2444,298.8393,119.1033,305.7553,103.2544,200.0163,149.3954,193.1004
164.1558,302.5614,115.4933,306.0212,107.7991,197.8001,156.4616,194.3404
111.0103,193.8504,162.3437,194.1557,161.6876,304.4697,110.3542,304.1644
170.3721,305.5674,116.8682,308.2115,111.2932,195.4006,164.7970,192.7564
166.6478,298.4379,118.8654,298.6768,118.3324,192.1177,166.1149,191.8788
169.3103,298.7819,124.0148,299.5123,122.2869,192.3594,167.5824,191.6290
184.3517,302.1184,134.4472,308.8634,119.9575,201.6569,169.8620,194.9119
189.4056,304.8787,142.5211,313.3344,122.5699,202.7120,169.4544,194.2562
189.1571,305.3365,150.5762,312.6450,128.5642,196.4462,167.1451,189.1377
197.0915,303.5129,157.1559,312.9142,130.0989,197.9787,170.0345,188.5774
202.0759,300.4188,159.4757,311.5525,130.0110,198.8135,172.6112,187.6798
211.7817,296.0406,160.5906,311.0972,128.2343,201.0882,179.4254,186.0316
208.9723,289.1548,155.4102,300.7197,132.8142,196.0681,186.3763,184.5032
212.6097,290.7991,153.1473,300.0948,136.6476,194.5505,196.1100,185.2548
215.8328,291.5174,154.3346,299.6745,140.1298,192.5809,201.6279,184.4239
156.7868,181.7720,204.4389,184.2645,198.5260,297.3078,150.8740,294.8153
162.3032,181.1644,207.7846,182.9931,203.3846,292.4240,157.9032,290.5952
235.0816,283.6401,180.2392,299.9682,149.9797,198.3333,204.8221,182.0052
232.8397,284.3791,183.6147,297.4532,156.2560,194.4461,205.4810,181.3720
233.6569,283.1508,188.2064,294.8749,160.6325,187.9798,206.0830,176.2557
235.8992,272.9902,191.4616,285.4894,163.3311,185.4784,207.7687,172.9792
239.4014,275.1674,193.5075,287.0352,166.4666,182.4659,212.3605,170.5980
242.1903,281.2761,193.2666,291.6140,169.8562,180.8253,218.7799,170.4874
244.4640,279.9046,190.8077,288.6010,173.2283,180.1372,226.8846,171.4408
247.6867,277.5654,187.9257,285.4195,174.3351,182.0101,234.0961,174.1561
250.8327,277.1687,189.2153,284.0697,177.7089,181.3312,239.3262,174.4302
246.6438,280.2458,193.8337,283.5484,187.2552,178.3582,240.0654,175.0555
258.0586,272.5501,206.0728,283.3177,185.3832,183.4284,237.3690,172.6608
254.4047,275.8065,210.4612,283.4346,192.2884,178.7459,236.2320,171.1178
252.4924,275.2483,212.6289,281.6460,195.6630,175.9345,235.5265,169.5368
252.7960,277.7148,212.4620,282.8494,198.6364,174.2432,238.9703,169.1086
260.6281,275.5630,217.1223,284.2263,195.3326,174.8011,238.8383,166.1379
264.8816,272.4493,217.1121,282.8112,193.9873,176.2042,241.7569,165.8422
266.5838,270.9691,214.3307,281.2370,193.5242,175.3531,245.7774,165.0852
266.6580,264.0981,212.1064,273.1586,195.7174,174.4833,250.2690,165.4228
264.0369,265.0125,209.0702,270.4478,199.2260,170.8941,254.1927,165.4588
266.3709,255.7343,211.7931,263.5446,198.6749,171.8763,253.2528,164.0660
263.7299,266.5496,211.8034,270.9715,203.0915,168.6673,255.0180,164.2454
270.5097,259.7236,220.1000,270.2455,199.3632,170.8962,249.7728,160.3744
264.5305,261.2270,219.7207,267.0386,206.7111,166.7295,251.5209,160.9178
270.5457,258.9669,227.6682,267.4117,207.4872,164.9449,250.3648,156.5001
270.7491,261.1002,230.4735,268.0807,212.2982,163.2142,252.5738,156.2337
272.8449,253.7094,233.2474,261.1457,214.9014,163.4552,254.4989,156.0189
270.4330,258.9766,229.8623,263.4405,218.5366,160.5060,259.1074,156.0421
270.0938,262.0365,227.0158,264.6395,220.5952,158.3798,263.6732,155.7769
269.5930,266.1083,228.0911,267.5627,224.1808,155.9823,265.6826,154.5279
268.5374,262.7895,228.0060,263.3451,226.5793,159.2753,267.1107,158.7196
269.8343,261.4247,230.2813,261.5035,230.0791,160.0376,269.6321,159.9588
234.1136,157.1248,273.3372,159.0219,268.3724,261.6713,229.1488,259.7742
238.7518,159.2893,277.6037,163.4747,266.8933,262.8964,228.0414,258.7110
242.5961,159.2292,282.6064,166.6970,265.1760,260.0843,225.1657,252.6165
239.9120,163.2130,283.1408,168.7073,270.9772,264.4088,227.7485,258.9145
236.2924,166.5451,283.7672,168.8170,279.5413,257.1256,232.0665,254.8538
235.6683,168.5727,289.0073,170.2284,286.2878,257.8362,232.9489,256.1805
235.3898,165.8577,291.7870,166.7664,290.3256,257.4619,233.9283,256.5531
292.5827,255.8596,236.6637,256.1353,236.2145,165.0099,292.1335,164.7342
291.5561,255.8637,241.8563,256.1300,241.3481,161.2843,291.0478,161.0180
297.9502,255.9844,245.7779,259.6835,238.8846,162.4611,291.0570,158.7620
300.7589,251.9098,251.5517,258.9393,237.6528,161.6453,286.8601,154.6158
295.2315,253.7556,250.9835,256.8293,244.2993,160.6026,288.5472,157.5289
302.4872,252.4692,258.6169,258.4648,245.8838,165.2969,289.7540,159.3012
300.0448,253.2849,259.2502,256.4205,251.9654,161.6437,292.7600,158.5081
299.4355,252.2602,263.2003,253.7147,259.3886,158.7534,295.6238,157.2989
300.8482,252.0578,264.7348,252.9000,262.4849,156.4204,298.5982,155.5782
302.8314,255.4489,265.5211,255.7417,264.7552,158.1419,302.0655,157.8491
268.4659,157.6001,306.7367,158.4498,304.5734,255.8757,266.3027,255.0259
270.5148,158.9038,309.8730,161.3345,304.1102,254.6459,264.7520,252.2152
272.4784,159.7140,313.5583,162.5072,307.3412,253.9442,266.2612,251.1510
276.5685,158.9746,317.0670,163.6059,306.7722,253.6280,266.2737,248.9967
280.6703,153.7133,321.8322,159.3583,308.1488,259.1343,266.9868,253.4892
279.5803,152.0375,324.2199,157.8889,310.8932,259.5577,266.2536,253.7064
277.1500,155.2539,324.0162,158.4565,317.4527,254.5049,270.5865,251.3023
276.2460,154.3021,326.4822,158.1810,318.7838,257.8842,268.5475,254.0053
328.3444,253.6073,276.8895,256.2426,271.9279,159.3696,323.3828,156.7342
328.5106,251.7331,271.3042,252.2525,270.4572,158.9686,327.6635,158.4491
331.0557,250.9688,270.1053,253.0058,267.0734,162.2865,328.0239,160.2495
330.8427,251.9587,269.8345,253.9725,266.7805,161.4528,327.7888,159.4390
331.8933,249.6550,273.8640,254.1796,266.5682,160.6089,324.5975,156.0843
330.3646,250.9722,277.5211,256.5187,267.3954,160.0487,320.2389,154.5021
328.4856,254.3099,280.6757,259.2017,270.4971,159.7211,318.3070,154.8293
326.3387,254.6278,281.7812,258.8522,272.1539,157.3076,316.7114,153.0831
322.0733,255.9002,283.5071,257.8592,277.8255,146.0034,316.3916,144.0444
318.7298,255.4819,282.2395,256.4295,279.3319,144.4673,315.8222,143.5196
317.1932,252.2123,281.1316,252.9323,279.1039,151.3683,315.1655,150.6483
279.2177,148.9564,316.3849,149.0472,316.1413,248.7311,278.9740,248.6403
280.6570,150.2757,318.1442,151.8465,314.0470,249.6226,276.5598,248.0518
282.7988,144.8574,321.2356,148.1853,312.4026,250.2066,273.9658,246.8788
283.2344,143.1760,318.7373,146.1962,309.6213,253.3538,274.1184,250.3336
281.7694,146.4669,315.6177,147.5915,312.2072,250.2439,278.3588,249.1193
280.7235,147.1516,315.5927,147.5448,314.4238,251.1997,279.5546,250.8065
317.4669,251.8319,281.3968,252.1470,280.4973,149.1509,316.5674,148.8358
318.7579,251.9551,282.0345,252.0433,281.7863,148.7220,318.5097,148.6338
281.8993,152.4964,321.1119,152.8586,320.2129,250.1885,281.0002,249.8263
279.8623,159.3729,325.0766,160.7218,322.3629,251.6854,277.1486,250.3365
282.0291,157.0130,326.5864,160.3065,319.2505,259.5511,274.6932,256.2576
283.1305,157.3381,328.1748,162.6029,316.6289,261.3872,271.5846,256.1224
287.1655,154.6608,326.9734,160.2461,312.5037,263.3746,272.6959,257.7893
289.1267,149.8571,323.2335,154.6324,308.0683,262.9461,273.9616,258.1708
290.4306,145.5498,322.4861,149.8507,307.9018,258.5504,275.8463,254.2495
292.4081,141.7514,322.1938,145.9216,306.1882,260.2432,276.4024,256.0731
291.2436,145.8986,324.2581,151.0800,306.9955,261.0728,273.9809,255.8913
290.9106,147.5447,326.3493,153.2372,308.6825,263.2219,273.2437,257.5293
291.6085,149.5557,329.3925,156.0245,310.6389,265.5634,272.8549,259.0947
290.7981,152.1944,332.4174,159.9716,312.4114,267.0325,270.7920,259.2552
288.4124,155.5262,329.2445,161.8827,312.6144,268.7096,271.7823,262.3531
287.9568,159.0054,334.4441,167.1942,316.0836,271.4268,269.5963,263.2381
285.5822,160.4041,331.9675,166.4102,318.4685,270.6626,272.0833,264.6565
282.2867,162.9285,330.5234,167.4025,321.0020,270.0569,272.7654,265.5829
281.0181,163.9607,329.5535,166.9323,323.3377,268.4556,274.8023,265.4840
279.0170,164.9313,329.1481,166.6207,325.7712,266.8278,275.6401,265.1384
276.5034,166.6514,326.3189,166.7732,326.0714,268.0614,276.2558,267.9397
324.1807,266.7791,277.7880,267.2069,276.8471,165.1798,323.2397,164.7520
318.2791,267.8046,279.9258,268.1783,278.8690,159.7394,317.2223,159.3656
315.1953,267.7633,280.2918,268.2260,278.8207,157.2357,313.7241,156.7731
278.8009,155.9743,313.3781,156.0291,313.1975,270.0289,278.6202,269.9741
279.8229,155.6321,313.3637,156.4101,310.6040,275.3781,277.0632,274.6001
280.9316,154.2576,314.6189,155.9714,308.4484,277.2586,274.7612,275.5447
283.1843,157.1270,315.7444,159.1942,308.0073,281.0636,275.4471,278.9964
282.8894,157.0699,315.6181,159.3674,306.9687,282.5813,274.2400,280.2838
281.5420,159.5525,315.8499,162.3706,306.0980,281.0897,271.7901,278.2716
279.7946,164.3085,317.2099,167.9042,306.1004,283.5051,268.6851,279.9094
277.6602,165.2360,316.0923,168.7420,305.4664,285.2192,267.0343,281.7132
274.5182,165.8810,313.6409,168.6768,305.2550,286.0236,266.1323,283.2278
271.6880,167.9018,312.0120,170.0707,305.7619,286.2698,265.4379,284.1009
270.5408,169.7101,309.7935,171.1828,305.4208,287.7326,266.1682,286.2599
305.5732,286.5384,267.3544,287.4276,264.5867,168.4597,302.8055,167.5706
304.1836,286.1956,270.3101,287.6419,265.2337,168.7503,299.1072,167.3039
304.7264,285.8535,271.2877,287.8918,263.9254,167.1160,297.3642,165.0777
298.3504,286.5621,266.9668,287.3474,263.9400,166.3853,295.3236,165.6000
295.8054,284.4348,263.6483,284.8229,262.2167,166.1865,294.3738,165.7985
259.8278,163.9539,293.1589,164.0485,292.8185,283.9592,259.4873,283.8646
258.1218,163.5531,291.4583,164.5018,288.0001,286.0121,254.6636,285.0634
256.9768,165.6532,289.0198,166.4087,286.0983,290.3199,254.0553,289.5645
258.1867,166.2141,288.8643,168.1208,281.1494,292.2450,250.4718,290.3383
256.4647,166.9325,288.1013,169.5381,278.0695,291.3409,246.4330,288.7352
254.5100,166.9408,286.8708,169.5824,276.7657,293.3709,244.4050,290.7292
253.3557,165.6579,287.2926,168.9876,275.2823,291.3998,241.3454,288.0702
250.5370,166.5144,285.7061,169.3151,275.7597,294.2124,240.5906,291.4117
244.3143,176.4270,280.0992,177.6538,276.0559,295.5846,240.2710,294.3577
238.6659,182.1010,276.0359,182.3215,275.3466,299.1152,237.9766,298.8946
235.2159,182.6825,274.6289,183.0219,273.5943,303.1709,234.1813,302.8315
232.5671,181.1744,275.8907,182.4164,272.4449,302.6104,229.1212,301.3683
272.0070,300.9837,227.9359,301.0150,227.8519,182.6510,271.9229,182.6197
225.7606,181.0816,270.7793,181.4231,269.8501,303.9191,224.8314,303.5776
268.4000,305.5080,224.0859,305.8269,223.1861,180.7693,267.5002,180.4504
268.3701,300.9461,225.6413,302.9106,219.9922,180.0404,262.7210,178.0759
266.7858,300.4027,225.8657,303.1737,217.4202,178.4594,258.3403,175.6883
261.5733,294.4400,220.8570,295.8788,216.6463,176.7196,257.3626,175.2808
258.1309,295.3615,216.7203,296.1230,214.5000,175.3857,255.9106,174.6242
214.1716,173.8510,255.4590,174.1580,254.5428,297.3966,213.2554,297.0896
213.5005,174.4310,254.6154,175.6390,250.9617,299.9908,209.8467,298.7828
213.9314,171.8955,254.8193,174.4044,246.8752,303.8716,205.9872,301.3627
213.2245,173.4699,254.2440,177.0368,242.6458,310.4134,201.6264,306.8464
210.8921,179.2240,253.6895,183.6104,240.8102,309.2727,198.0127,304.8864
207.7935,181.1738,253.3711,185.7116,240.6490,313.4915,195.0714,308.9536
204.5914,182.8601,252.6036,186.9928,241.5992,314.8376,193.5870,310.7049
200.6797,183.8959,251.4509,187.7818,241.6553,315.7652,190.8842,311.8793
197.6852,182.4489,250.9478,185.9612,242.3278,316.6773,189.0653,313.1650
191.5069,187.1722,244.7189,187.5764,243.7495,315.2049,190.5374,314.8008
246.4531,311.5511,193.0314,314.2245,186.7744,189.1966,240.1961,186.5231
246.6880,307.5682,192.1055,311.9576,182.2936,189.9445,236.8760,185.5551
246.7408,304.3123,192.9261,310.3543,179.4570,190.3890,233.2718,184.3470
245.7706,298.6812,192.8949,304.8818,179.2413,188.4510,232.1170,182.2503
243.4178,297.2221,191.9103,303.2156,178.4209,187.2900,229.9283,181.2965
242.5833,299.7905,193.7105,305.1429,180.4432,183.9997,229.3160,178.6473
240.5840,294.8861,192.4637,299.4274,181.3305,181.4568,229.4509,176.9156
238.3875,294.8395,191.4408,298.4135,182.4973,180.9346,229.4440,177.3606
236.1579,296.9232,189.4552,299.4573,182.8832,178.3347,229.5859,175.8007
236.2124,297.8006,187.7614,299.9550,182.3887,179.1270,230.8397,176.9726
234.6057,299.6578,186.0184,300.3047,184.3945,178.3224,232.9817,177.6756
185.3775,180.7400,234.3955,181.2724,233.0932,301.1734,184.0753,300.6411
188.3916,181.7690,233.8546,182.2482,232.5879,302.4107,187.1250,301.9314
234.8541,298.4480,189.2858,298.7061,188.6332,183.4781,234.2015,183.2201
189.2591,184.3686,236.8584,185.6629,233.6898,302.1894,186.0906,300.8951
185.7177,184.5197,237.3374,185.2340,235.7320,301.2471,184.1123,300.5328
190.5018,181.7178,240.2515,187.0707,227.1963,308.4060,177.4466,303.0531
186.1881,181.4580,237.4412,183.8178,231.8206,305.8953,180.5675,303.5355
185.4330,180.5072,234.4548,180.9403,233.3571,305.2174,184.3353,304.7844
235.5761,301.8774,183.2735,302.1199,182.7010,178.6736,235.0036,178.4311
240.0995,299.1396,181.2533,304.2137,169.1993,164.4193,228.0456,159.3452
237.3828,307.7642,178.3852,310.1203,172.2568,156.6625,231.2544,154.3064
238.0659,323.9196,173.4958,324.0975,173.0742,171.0158,237.6443,170.8380
172.8130,179.5006,241.6079,180.5208,239.6269,314.1088,170.8321,313.0886
186.8389,178.5985,243.2578,181.7536,235.5240,320.0509,179.1050,316.8958
185.2774,177.6315,243.2147,180.6286,235.9216,321.6118,177.9842,318.6147
184.6152,176.6386,233.1959,177.4049,231.0626,312.6503,182.4819,311.8840
184.8106,175.8405,232.0952,176.1626,231.1854,309.7311,183.9009,309.4090
188.6237,173.9217,232.2274,176.2675,225.1219,308.3449,181.5182,305.9991
189.4469,173.8716,233.3595,176.3184,226.1266,306.1306,182.2140,303.6838
190.7498,172.4954,233.2086,175.9181,222.6985,306.2997,180.2396,302.8771
188.2964,174.4877,233.5775,177.9048,223.8995,306.1518,178.6183,302.7347
185.3613,173.7312,232.0856,176.6081,224.1313,305.7947,177.4070,302.9178
186.1980,176.4458,232.1919,179.9693,222.0532,312.3142,176.0593,308.7907
184.9097,177.3009,232.3958,181.3323,220.8069,317.8412,173.3208,313.8099
185.5335,180.6398,234.3805,186.0138,219.3847,322.3169,170.5377,316.9428
184.3319,181.2711,234.5368,187.6690,216.9465,325.7014,166.7415,319.3035
184.3368,182.6987,233.5348,189.7398,213.9007,326.9278,164.7027,319.8867
179.0710,185.4664,229.1782,190.8230,214.6803,326.4401,164.5731,321.0834
171.6362,190.4439,225.7497,194.1461,216.4715,329.7601,162.3581,326.0579
168.4418,191.8188,223.3144,195.0946,215.4066,327.5567,160.5340,324.2809
164.5070,192.4749,220.4275,195.3289,213.6369,328.3852,157.7164,325.5312
214.9255,326.9994,158.9241,327.0006,158.9212,191.2072,214.9226,191.2060
157.8987,190.7059,213.2538,191.5657,211.0970,330.4282,155.7419,329.5685
155.2567,191.5569,210.9453,192.3058,209.1021,329.3703,153.4135,328.6213
155.9036,193.0780,209.1405,194.8626,204.5816,330.8611,151.3447,329.0765
154.9392,188.9946,205.1153,190.5274,200.8010,331.7569,150.6250,330.2242
155.4678,187.8802,204.4017,191.0254,195.3120,332.4459,146.3780,329.3007
159.8772,182.5116,204.7747,188.3660,185.7316,334.4085,140.8341,328.5541
162.2732,178.2378,204.8068,184.7536,181.8609,334.5388,139.3273,328.0229
160.9539,179.5874,203.3028,186.3603,179.4563,335.4655,137.1073,328.6926
157.3774,184.8160,199.1691,191.1692,177.2263,335.5109,135.4346,329.1577
157.3170,183.2685,201.9640,191.5008,175.3087,336.0639,130.6617,327.8316
146.3684,196.4871,192.7776,202.3404,176.1061,334.5226,129.6969,328.6692
142.8969,199.2467,189.9699,204.7619,174.6683,335.3633,127.5953,329.8481
140.6219,200.0017,189.6283,205.9860,173.7995,335.6118,124.7930,329.6275
137.8919,201.0836,189.3140,207.4065,173.5240,335.8224,122.1019,329.4995
135.1430,202.3250,187.9172,208.2359,173.5351,336.6439,120.7610,330.7330
131.9651,202.8568,186.7266,208.1952,174.1206,337.5098,119.3591,332.1715
128.5198,204.0997,184.2038,208.1640,174.7307,337.9514,119.0468,333.8871
126.6004,204.9833,182.3808,208.2120,174.8954,337.5314,119.1150,334.3027
125.1272,205.3234,180.8495,207.4946,175.7625,338.0464,120.0401,335.8751
123.2813,205.3084,179.3094,206.3492,176.8727,337.5274,120.8446,336.4867
122.4447,205.6951,177.9575,206.0487,177.1223,337.1803,121.6095,336.8267
122.4003,205.3186,175.6545,205.3299,175.6263,338.0056,122.3721,337.9944
174.9148,336.9687,123.1164,337.0290,122.9624,204.7594,174.7608,204.6991
123.5619,205.6882,174.5309,206.1241,173.4013,338.2194,122.4323,337.7835
124.4952,206.3330,174.6926,206.8921,173.2180,339.2848,123.0205,338.7257
127.0280,205.2375,173.4588,206.0295,171.1494,341.4032,124.7186,340.6111
128.1398,203.3365,173.5418,204.5863,169.7696,341.6220,124.3677,340.3722
130.0237,202.6208,173.9511,204.2608,168.7795,342.7823,124.8521,341.1423
132.1110,202.7929,175.2480,204.5878,169.4946,342.8665,126.3575,341.0717
134.0901,203.5601,175.6091,205.5462,168.9413,344.9326,127.4223,342.9464
134.5650,203.5471,176.1670,205.4254,169.8239,345.9171,128.2219,344.0388
136.0539,203.2415,177.1253,204.9286,171.4205,343.8114,130.3492,342.1244
136.9237,203.3515,177.3627,204.7782,172.4620,343.6917,132.0230,342.2651
138.7682,202.3350,178.6088,203.8395,173.3636,342.7405,133.5230,341.2360
140.3706,201.4315,179.9067,202.6935,175.5039,340.6233,135.9678,339.3612
141.2547,201.4646,180.8608,202.6513,176.7279,340.5894,137.1218,339.4027
140.8775,204.5185,181.4216,205.5429,178.0371,339.5001,137.4930,338.4758
142.6835,201.4125,183.4391,202.7032,179.1029,339.6345,138.3472,338.3439
143.4165,201.2883,184.8046,202.8325,179.6968,339.7372,138.3087,338.1931
141.9501,207.3865,185.6363,208.8806,181.1274,340.7246,137.4411,339.2306
142.1071,207.9918,186.5328,209.6883,181.4869,341.8275,137.0612,340.1310
142.1776,206.6670,186.6340,208.2505,181.8777,341.7830,137.4212,340.1995
141.2703,208.4239,186.2067,209.5413,182.9238,341.5643,137.9875,340.4469
141.4434,208.0958,186.7182,209.0763,183.8505,341.4878,138.5757,340.5072
140.0282,210.9132,186.8786,211.7047,184.6707,342.3917,137.8204,341.6002
139.7061,209.3997,186.7426,210.0447,184.9423,341.3204,137.9057,340.6753
139.3443,211.0110,184.7699,211.2634,184.0426,342.1289,138.6170,341.8765
184.3566,342.9161,139.1942,343.0790,138.7177,211.0028,183.8802,210.8399
186.6738,342.4189,139.6956,343.5119,136.6489,212.5495,183.6271,211.4566
185.3591,341.1694,140.6869,342.7575,135.9631,209.8860,180.6354,208.2978
184.5892,342.1827,139.8672,343.7325,135.2020,209.1154,179.9240,207.5656
185.3008,341.8942,139.4179,343.9316,133.4976,210.6099,179.3805,208.5724
183.5007,341.1745,139.2552,342.7361,134.5222,208.6322,178.7677,207.0706
179.2899,340.7100,138.7511,341.2742,136.8628,205.6098,177.4016,205.0456
177.8241,341.7970,138.4469,342.1871,137.0729,203.5060,176.4500,203.1158
138.1415,201.0990,175.3044,201.1022,175.2922,340.0017,138.1292,339.9984
138.6614,202.7953,175.1021,203.2153,173.4890,343.2060,137.0483,342.7861
139.9946,202.6779,176.1800,203.3755,173.4622,344.3493,137.2769,343.6517
138.3130,203.8395,175.2151,204.1687,173.9484,346.1630,137.0463,345.8338
139.1535,203.7502,175.8016,204.2780,173.7422,347.2632,137.0942,346.7354
139.3775,203.7644,176.3866,204.2743,174.4442,345.2610,137.4351,344.7511
140.5626,204.6581,177.9193,205.4038,175.0854,347.3755,137.7287,346.6299
141.3073,204.6983,177.8485,205.3358,175.3542,348.3140,138.8130,347.6765
142.0123,204.6774,178.4471,205.3827,175.6989,347.3561,139.2641,346.6508
141.9974,205.9071,177.5405,206.0992,176.7787,347.0971,141.2356,346.9051
178.2339,349.9388,142.7005,350.0589,142.2203,208.0597,177.7537,207.9396
179.8932,348.8453,144.6649,349.1385,143.4830,207.1434,178.7113,206.8502
181.2102,349.8111,145.5344,350.1687,144.1211,209.1758,179.7968,208.8182
181.9351,345.7958,145.7645,346.1939,144.2348,207.2023,180.4054,206.8043
181.7617,349.7920,147.5690,350.1796,145.9594,208.1888,180.1520,207.8011
183.4645,346.7179,147.2969,347.2565,145.2420,209.2718,181.4095,208.7332
181.1589,346.8185,148.6798,347.1701,147.1857,209.1782,179.6648,208.8265
182.2996,346.8306,149.4501,347.1591,148.0701,209.1660,180.9197,208.8374
182.2281,346.9702,149.0861,347.0277,148.8451,208.0279,181.9871,207.9704
183.3258,347.9931,150.5902,348.0062,150.5351,210.0062,183.2707,209.9931
184.4421,347.9789,150.2528,348.0204,150.0853,210.0205,184.2746,209.9790
150.4623,208.9500,185.4484,209.0551,185.0342,347.0544,150.0481,346.9494
151.0526,209.9665,186.2232,210.0357,185.9515,348.0355,150.7809,347.9662
151.2820,211.1319,188.1013,211.1521,188.0255,349.0105,151.2061,348.9902
152.3009,207.6818,188.4819,207.7531,188.1996,351.0360,152.0186,350.9647
152.3061,210.3481,190.1172,210.4664,189.6805,350.0619,151.8693,349.9436
152.9966,209.9058,189.9736,210.0973,189.2484,350.0955,152.2713,349.9039
152.2726,210.7943,190.8784,211.0043,190.1271,349.1051,151.5213,348.8951
152.2809,211.5449,190.8554,211.8576,189.7343,350.1622,151.1598,349.8495
153.6846,210.5730,191.8375,211.4711,188.6372,347.4334,150.4843,346.5354
153.4474,212.3034,192.8859,213.0714,190.2313,349.3872,150.7928,348.6192
153.9160,212.9926,194.0151,214.1197,190.1800,350.5652,150.0809,349.4381
155.9199,212.3180,195.5406,214.1432,189.1964,351.8622,149.5756,350.0370
155.5669,216.4993,196.8704,218.7382,189.6442,352.0504,148.3407,349.8115
156.1983,216.1638,197.8929,219.0682,188.6069,352.3743,146.9123,349.4699
156.5703,216.3133,197.9836,219.4759,187.9033,351.4714,146.4900,348.3087
155.3832,217.5728,199.2076,220.6311,190.0813,351.4101,146.2568,348.3519
154.6414,219.6913,199.3536,222.9634,189.8706,352.5441,145.1585,349.2720
155.1981,221.2719,202.3654,224.9675,192.3575,352.7005,145.1902,349.0050
153.5683,221.5987,202.2194,224.3310,194.9778,353.2743,146.3267,350.5420
149.3969,218.1101,198.8965,218.5923,197.6044,351.2426,148.1048,350.7604
148.5287,214.8451,197.7758,214.9517,197.4854,349.0553,148.2383,348.9487
149.3419,213.9131,198.3080,214.1582,197.6375,348.1241,148.6714,347.8790
198.4060,348.7251,149.0942,349.2663,147.6018,213.2744,196.9136,212.7333
149.1455,213.9740,197.6988,214.0268,197.5530,348.0267,148.9998,347.9739
148.8362,213.9856,198.6391,214.4318,197.4404,348.2215,147.6375,347.7753
151.5663,213.4453,199.5434,214.6384,196.2120,348.5970,148.2350,347.4039
150.6440,213.5699,199.5933,214.4852,197.0881,348.4618,148.1388,347.5465
150.1614,212.5981,199.9311,213.4518,197.6332,347.4320,147.8635,346.5784
150.9336,213.3802,202.7536,214.8051,199.0715,348.7136,147.2515,347.2887
151.6897,213.3751,202.6873,214.6913,199.2302,348.6466,148.2326,347.3305
153.4297,214.3455,204.2683,216.0996,199.6877,348.8554,148.8492,347.1013
152.0971,213.7480,201.5947,214.2620,200.1929,349.2547,150.6953,348.7407
152.8295,212.7437,202.7145,213.2864,201.2352,349.2784,151.3502,348.7357
155.4198,216.4562,207.9167,218.4469,202.8922,350.9527,150.3953,348.9620
157.5224,214.7083,206.4979,216.5780,201.3700,350.9006,152.3945,349.0309
157.8272,217.4611,210.3486,219.9810,204.0035,352.2265,151.4821,349.7065
158.7527,214.8512,207.5677,216.9064,201.9651,349.9806,153.1501,347.9254
156.3505,217.1172,211.6626,219.0445,207.0316,351.9477,151.7196,350.0204
158.0724,218.4414,213.2152,220.6180,207.9884,353.0377,152.8456,350.8611
158.4190,217.4380,212.1686,219.5654,206.9253,352.0374,153.1757,349.9100
158.6970,217.8435,213.0559,220.2410,207.2368,352.1763,152.8780,349.7787
159.8092,218.2162,213.7814,220.8143,207.4543,352.2524,153.4822,349.6544
161.2294,217.0729,211.5109,219.2668,205.7170,352.0521,155.4355,349.8582
164.5242,217.2433,213.0520,219.9273,205.7859,351.2997,157.2581,348.6157
165.0805,216.0574,213.7699,218.7876,206.3398,351.2955,157.6505,348.5654
166.3691,217.3369,214.9035,220.9107,205.3492,350.6635,156.8149,347.0898
168.1095,218.2273,216.5453,222.1738,206.0622,350.8335,157.6264,346.8870
170.2782,218.2230,218.7675,222.7496,206.7006,352.0110,158.2113,347.4844
171.3034,219.8303,219.5800,224.2823,207.8031,351.9886,159.5265,347.5366
173.4940,219.9011,221.4533,225.1497,207.4205,353.3742,159.4612,348.1255
175.7146,220.6273,222.9881,226.2456,207.8730,353.4276,160.5995,347.8093
179.2730,219.6582,225.3717,225.6936,208.6313,353.5585,162.5325,347.5231
180.4196,218.8578,225.7991,224.3615,210.0273,354.4054,164.6478,348.9018
183.1364,219.7789,226.5358,224.4832,212.5994,353.0541,169.2000,348.3498
184.9060,218.0143,226.5025,222.0211,213.8159,353.7280,172.2194,349.7212
188.6689,216.8335,228.8905,221.1950,214.6135,352.8572,174.3919,348.4957
191.2513,215.4330,229.8642,219.7994,214.7039,353.8636,176.0910,349.4972
191.7128,214.7516,229.4701,217.8744,218.1274,355.0164,180.3701,351.8936
193.4528,213.8943,229.5508,216.5644,219.6648,350.2172,183.5668,347.5471
195.2223,214.0803,230.0686,216.2503,221.7901,349.1865,186.9438,347.0164
195.9317,214.2549,231.5711,215.9623,225.3142,346.5667,189.6748,344.8593
198.2743,214.9970,234.0833,217.2925,226.0400,342.7657,190.2310,340.4702
197.8966,214.3074,235.2454,215.8818,229.7824,345.4811,192.4336,343.9068
199.0795,214.0472,237.8774,216.2656,230.7600,340.7417,191.9621,338.5233
199.7803,214.1751,239.6903,216.0409,233.8949,340.0046,193.9850,338.1388
200.4476,213.5563,240.4994,214.4781,237.5747,341.5497,197.5228,340.6278
201.3743,213.5035,242.1755,214.0441,240.4637,343.2411,199.6625,342.7006
203.4300,212.9306,243.6506,213.8096,240.7798,345.1825,200.5591,344.3035
205.9981,212.3176,245.9839,213.5839,241.7348,347.7569,201.7490,346.4906
209.3707,210.8363,247.9892,212.1312,243.4124,348.6215,204.7940,347.3266
211.0360,212.7147,250.3827,214.2373,245.1776,348.7505,205.8309,347.2280
211.6594,215.0126,252.7674,216.3723,248.3913,348.6737,207.2832,347.3139
211.1735,217.6724,255.3623,218.7239,252.3212,346.5240,208.1324,345.4726
213.0577,220.5777,260.2741,221.6229,257.5096,346.5117,210.2932,345.4666
214.2758,222.7407,263.5797,223.3282,262.1027,347.2909,212.7987,346.7034
224.0725,223.2468,270.6017,228.4265,257.0259,350.3773,210.4968,345.1976
226.4835,225.5826,275.6661,231.4251,261.6263,349.6134,212.4437,343.7709
225.0812,228.9340,279.5752,232.4292,272.1168,348.7117,217.6229,345.2164
226.7623,230.4989,286.0098,233.9654,279.2983,348.6725,220.0508,345.2059
231.8722,231.5465,291.8636,235.6547,284.4459,343.9755,224.4545,339.8673
238.8202,229.1677,301.9155,236.7450,288.8482,345.5548,225.7529,337.9775
247.5852,226.0186,310.6976,237.9231,289.5261,350.1659,226.4136,338.2614
255.1035,224.3371,315.0638,238.5036,288.9959,348.8371,229.0356,334.6706
261.0643,224.3735,316.6462,233.7839,297.4670,347.0644,241.8851,337.6540
272.1663,221.3333,326.0043,236.0160,295.2590,348.7513,241.4210,334.0686
277.9906,210.8556,327.3303,220.8800,301.7122,346.9709,252.3725,336.9465
285.5909,207.7595,328.0338,213.7413,309.1938,347.4171,266.7509,341.4353
284.4782,208.4600,331.3719,214.7886,313.3860,348.0602,266.4923,341.7316
287.7475,209.7303,339.0266,217.7823,319.5037,342.1137,268.2246,334.0617
293.3221,212.1310,337.6462,216.4072,326.0046,337.0769,281.6804,332.8007
308.3212,211.2904,349.7266,218.4850,329.4033,335.4473,287.9979,328.2527
309.8330,213.8856,352.3227,218.9665,338.1836,337.2065,295.6938,332.1255
312.0595,215.7873,356.7732,219.4979,347.5296,330.8847,302.8160,327.1741
315.7087,215.0458,360.8647,218.0702,353.2181,332.2377,308.0621,329.2133
326.9942,219.2259,371.9546,222.5423,363.3271,339.5067,318.3668,336.1903
331.3782,224.7603,378.5868,228.7094,369.3773,338.8026,322.1688,334.8535
337.8182,225.8801,388.1071,230.5740,378.3423,335.1920,328.0534,330.4981
426.6557,308.4572,382.9980,314.2861,366.0771,187.5521,409.7347,181.7231
430.3191,298.3760,389.3072,306.9656,363.2279,182.4479,404.2398,173.8583
423.1505,299.0137,371.2271,302.6688,363.0594,186.6376,414.9828,182.9826
420.4523,305.3072,369.0569,306.6361,366.0814,191.5602,417.4768,190.2313
426.9495,313.2693,377.2842,318.1354,364.8208,190.9280,414.4861,186.0620
430.7774,308.0927,382.1759,316.0998,361.7232,191.9557,410.3246,183.9486
427.6616,309.5552,371.3522,312.2248,365.7283,193.6023,422.0377,190.9327
370.5034,192.2597,431.1346,196.0025,423.8431,314.1213,363.2119,310.3785
430.8378,320.6106,367.0939,321.3753,365.5824,195.3844,429.3263,194.6196
426.1448,321.5968,368.0282,324.2444,362.2941,198.3749,420.4108,195.7274
426.0579,320.7413,363.4426,323.1303,358.8295,202.2183,421.4447,199.8293
358.3355,204.9414,424.0269,205.3216,423.3508,322.1264,357.6595,321.7462
2
0
0
0
0
1
457.7683,315.9850,416.8221,321.3832,401.2355,203.1586,442.1817,197.7603
459.6310,313.8285,413.9702,320.5036,396.9895,204.3478,442.6504,197.6727
457.3533,315.6407,418.3811,323.9559,392.6508,203.3607,431.6230,195.0456
457.3505,310.7641,412.9041,319.7670,389.0013,201.7622,433.4478,192.7593
454.1335,307.7875,411.0828,316.6810,386.8003,199.1375,429.8510,190.2439
450.7456,307.3748,409.2667,316.0755,384.0348,195.7863,425.5137,187.0857
446.1536,309.1676,405.9253,317.1545,381.0978,192.1042,421.3261,184.1173
441.7149,304.1644,400.6176,311.7742,377.8953,189.0598,418.9925,181.4500
436.2806,303.1173,395.0045,309.3536,376.1353,184.4633,417.4114,178.2271
431.1265,302.6499,388.9828,308.2295,372.7328,185.4896,414.8765,179.9100
425.9950,301.2602,382.4971,305.8757,369.5390,183.7556,413.0369,179.1401
419.3432,300.2137,374.8969,303.4827,366.0527,183.2352,410.4990,179.9662
414.0973,301.7021,369.4449,304.0478,363.0909,183.0930,407.7432,180.7473
410.1740,301.0086,365.2603,302.8558,360.3301,182.9827,405.2439,181.1355
406.4865,301.6211,361.4739,302.3610,359.5083,182.7845,404.5209,182.0445
357.6779,184.1631,403.9992,184.6720,402.6965,303.2637,356.3752,302.7549
355.1119,183.2186,403.0790,184.8656,399.0641,301.7906,351.0970,300.1436
356.8681,183.0637,404.1761,186.8743,395.0005,300.7891,347.6925,296.9785
356.5841,182.4248,403.4133,187.3262,391.5940,300.2520,344.7648,295.3507
356.7967,180.5725,404.2753,187.2049,389.0898,295.9117,341.6111,289.2792
355.7902,179.7609,404.2104,187.0138,388.1588,294.1727,339.7387,286.9198
355.9585,178.0294,403.1402,186.1344,384.3625,295.4446,337.1808,287.3396
354.9721,175.9919,401.1523,183.6319,382.7440,294.9009,336.5638,287.2608
352.8092,174.4108,398.7871,180.9783,382.8719,292.3979,336.8940,285.8304
351.6867,172.8221,395.4870,177.9415,382.6826,287.4922,338.8824,282.3729
349.4865,170.9242,390.9245,174.8553,380.5881,283.8117,339.1501,279.8806
347.7432,169.7326,388.3188,173.1343,379.3145,280.5372,338.7389,277.1355
346.3470,168.2099,385.5388,170.0179,380.4652,279.9981,341.2733,278.1901
343.4740,170.2671,384.6458,170.6599,383.5816,282.1989,342.4098,281.8061
388.0071,275.3301,346.9489,277.6629,340.9582,172.2253,382.0164,169.8925
390.4339,277.4876,347.5396,280.2154,340.7925,174.1173,383.6868,171.3896
390.9863,278.8473,347.3436,280.9678,342.2368,175.8612,385.8795,173.7407
389.5000,279.8165,346.2640,280.1725,345.3947,174.6073,388.6306,174.2512
347.1738,174.3357,387.7871,174.5973,387.1138,279.1306,346.5005,278.8690
388.3900,276.5991,350.3357,277.7486,347.2191,174.5747,385.2733,173.4252
387.6187,276.6585,348.4360,277.5898,345.9950,174.8927,385.1778,173.9614
347.1345,176.7930,388.3341,178.9738,382.9326,281.0206,341.7330,278.8398
347.3915,174.0220,386.9382,176.3375,380.8025,281.1280,341.2558,278.8124
346.8562,172.4101,387.5121,175.7167,378.9054,281.5400,338.2495,278.2335
344.8899,174.2487,386.3902,177.2636,378.7500,282.4292,337.2497,279.4142
343.9132,175.5583,385.7674,179.0121,377.1491,283.4527,335.2949,279.9989
343.2014,171.8826,382.8861,174.9883,374.2422,285.4393,334.5575,282.3336
342.1467,172.4044,381.9836,175.4492,373.5015,286.4217,333.6646,283.3768
341.7451,172.9519,381.3970,175.9827,372.9219,286.8616,333.2700,283.8307
340.3615,173.5716,380.0609,176.5359,371.7979,287.1969,332.0985,284.2326
339.5578,173.8589,378.9528,176.5740,371.2578,288.2224,331.8628,285.5072
339.2802,174.8559,378.6234,178.0982,369.5343,288.3899,330.1911,285.1476
338.0061,175.1277,376.9998,177.9790,368.8956,288.8130,329.9018,285.9617
337.9190,177.3985,376.4836,180.0916,368.7690,290.5605,330.2043,287.8673
336.9036,178.0463,374.5223,180.7429,366.6479,290.5939,329.0293,287.8973
335.7249,177.7638,373.2222,180.1009,366.3814,289.8557,328.8841,287.5186
334.3820,179.4332,371.5989,181.5233,365.4907,290.2852,328.2738,288.1951
333.0209,179.6860,370.6431,181.4118,365.6816,289.5710,328.0594,287.8452
330.0099,178.8918,369.4383,180.3709,365.4572,286.4892,326.0288,285.0100
325.4185,178.7641,368.9080,179.9570,366.0760,283.2003,322.5865,282.0074
322.7752,178.2199,368.1339,179.3047,365.6938,281.3304,320.3351,280.2457
321.6547,176.9179,368.1419,178.8857,363.7820,281.8854,317.2947,279.9176
318.5966,175.7517,364.5784,176.2548,363.4103,283.0278,317.4284,282.5247
365.4962,281.6428,317.7557,282.1914,316.5386,176.2777,364.2791,175.7291
363.4876,281.7673,317.3488,282.7429,315.0601,174.4945,361.1989,173.5190
362.0649,281.9217,320.6271,284.5908,313.6582,176.3999,355.0960,173.7308
360.6400,282.3198,319.3713,284.3575,313.9260,174.0772,355.1947,172.0395
357.8078,284.8957,317.2817,286.3600,313.2128,173.7533,353.7389,172.2890
355.4955,287.9823,315.0260,288.7245,312.9287,174.3776,353.3983,173.6353
312.1520,172.9444,353.6408,173.0602,353.3069,292.7378,311.8181,292.6220
310.6877,174.8000,353.8687,175.2192,352.7135,294.2136,309.5325,293.7944
310.1018,177.1123,355.2921,178.1707,352.6139,292.5219,307.4236,291.4634
308.7865,178.9476,356.7645,181.7947,349.9669,296.3445,301.9888,293.4974
306.6214,180.3059,356.9622,183.3997,350.0142,296.4567,299.6734,293.3629
303.5496,180.0241,355.6910,183.1507,348.8362,297.4699,296.6947,294.3434
300.5882,180.4889,354.6067,183.7010,347.7202,299.5112,293.7017,296.2990
297.3456,181.0674,352.6941,183.2530,348.0810,300.0751,292.7325,297.8895
349.9001,295.7874,293.4157,296.2059,292.5733,182.5210,349.0576,182.1024
350.4173,294.6884,292.9227,297.1871,287.9759,183.3622,345.4705,180.8635
349.0322,293.5349,293.9832,297.9478,284.7957,183.3369,339.8447,178.9241
348.1280,293.2461,295.4707,298.1839,284.4707,180.8781,337.1280,175.9403
346.4917,290.9422,294.9765,296.1469,283.0226,177.8294,334.5377,172.6247
346.0109,288.8980,295.1970,294.8929,281.2116,176.3480,332.0255,170.3532
345.9615,287.3956,295.0323,293.3510,281.1151,174.3333,332.0443,168.3779
346.8870,285.1775,296.4101,291.8258,280.8573,173.7412,331.3343,167.0929
342.4750,288.8817,294.0372,292.8734,283.9275,170.1958,332.3653,166.2041
340.5269,287.2135,293.4372,289.9116,286.4764,168.4246,333.5662,165.7265
338.4950,287.3491,292.3790,289.2857,287.3269,168.9850,333.4429,167.0484
337.0248,285.3189,290.5720,286.0894,288.6527,170.3795,335.1057,169.6091
290.4122,169.6445,336.9073,170.3618,335.0571,290.3022,288.5620,289.5850
291.0344,171.7217,339.5094,173.7227,334.6691,290.9834,286.1940,288.9825
290.5866,172.7622,341.8121,176.2758,334.0324,289.6996,282.8069,286.1861
290.3486,174.0524,345.2581,178.6821,335.8572,290.1783,280.9478,285.5486
288.3105,175.3932,346.2573,180.3395,336.9502,289.3751,279.0034,284.4288
284.8015,175.9800,345.2481,179.4417,339.0498,287.6752,278.6031,284.2135
280.7380,176.3344,341.8557,176.7253,341.1619,285.2002,280.0442,284.8093
343.2233,285.0498,281.4506,286.9078,278.1285,176.4585,339.9012,174.6005
345.7455,285.5979,284.4249,290.0510,276.0898,175.2749,337.4104,170.8218
345.1337,285.2932,285.7005,290.2886,275.7814,172.2748,335.2146,167.2794
344.7744,284.1926,286.9862,289.3340,276.3071,169.3039,334.0953,164.1625
343.4233,282.0753,286.2827,285.6498,278.8608,167.0075,336.0013,163.4329
341.3947,281.7825,285.9129,284.0953,280.8789,163.3362,336.3607,161.0234
338.4894,281.7113,283.6219,282.2733,282.3830,161.3300,337.2505,160.7679
285.5986,160.0137,339.5094,161.5428,336.0710,282.7640,282.1603,281.2349
287.4369,159.8697,341.4870,162.8990,334.8116,282.0056,280.7615,278.9763
288.1687,160.5107,342.6621,165.3164,332.4082,281.5883,277.9148,276.7826
288.7698,163.1851,343.8565,167.8687,334.5276,277.5919,279.4409,272.9084
288.9955,164.6392,342.0966,168.2940,334.3562,280.7544,281.2552,277.0996
290.7152,165.4657,342.9618,168.6845,336.1463,279.3102,283.8997,276.0914
292.9104,163.4717,341.8873,165.9223,336.1702,280.1794,287.1934,277.7287
295.8889,161.1530,344.0977,164.4683,335.9752,282.5818,287.7664,279.2665
298.5960,158.3725,345.9060,161.1454,338.8622,281.3240,291.5521,278.5511
300.2452,159.4624,347.8502,161.8117,341.9726,280.9116,294.3675,278.5623
302.7869,158.4100,350.6669,160.7074,345.0366,278.0492,297.1566,275.7518
304.0780,160.0214,353.4745,161.8052,349.3342,276.4645,299.9376,274.6808
354.7742,276.9815,305.0417,277.0172,304.9579,160.2962,354.6904,160.2605
357.2711,275.3096,307.8013,276.6454,304.6433,159.6880,354.1132,158.3522
360.9085,273.9933,311.4160,275.9141,306.9562,161.0006,356.4487,159.0798
364.1926,273.0794,312.6702,274.8147,308.9011,162.9062,360.4235,161.1710
365.6335,272.0849,315.2572,273.8086,311.4924,163.7744,361.8686,162.0508
367.3675,276.4463,316.6375,277.4953,314.2746,163.2243,365.0047,162.1753
316.8202,161.1319,369.0666,161.3024,368.6886,277.0874,316.4422,276.9169
318.8406,161.9577,372.0828,163.3904,368.9795,278.7194,315.7372,277.2867
319.7965,160.1452,374.7381,161.5153,371.7784,280.1998,316.8369,278.8297
326.1647,158.2142,375.7015,159.3455,372.9433,280.1223,323.4065,278.9910
328.6818,157.8201,375.4461,158.3423,374.0844,280.2616,327.3202,279.7393
376.9110,277.4473,332.3505,278.4634,329.5865,157.2559,374.1471,156.2398
379.1379,275.5807,337.1823,278.1313,329.7793,156.3561,371.7349,153.8055
389.1665,254.9004,353.1691,264.0069,326.6171,159.0480,362.6145,149.9416
392.4035,251.4073,355.7613,262.0166,325.4284,157.2539,362.0706,146.6445
396.0316,248.2581,349.8190,261.6176,319.8003,157.7785,366.0130,144.4190
390.2222,254.8345,345.5320,263.9486,322.6616,151.8059,367.3518,142.6918
377.6737,265.3496,332.3846,268.3618,324.1862,145.0967,369.4753,142.0845
375.0673,272.3727,335.8119,275.1764,326.1230,139.5220,365.3784,136.7182
379.6144,269.3762,345.9932,274.8702,323.7382,138.6765,357.3593,133.1826
382.0132,260.5692,352.0231,267.5557,322.0743,138.9980,352.0644,132.0116
378.2856,246.9892,341.5685,252.3503,324.5999,136.1361,361.3169,130.7750
371.3773,248.5069,339.1942,251.9518,326.6657,134.9081,358.8488,131.4632
371.5794,255.6949,338.4519,259.3732,324.5469,134.1428,357.6744,130.4645
371.5358,254.6945,336.5208,258.5434,322.8629,134.2918,357.8779,130.4429
368.4213,254.1131,333.6412,257.3093,322.3853,134.8254,357.1654,131.6292
367.0898,255.8721,332.9182,258.5037,323.5975,137.4705,357.7692,134.8390
365.5716,260.4908,331.1788,262.4241,324.6104,145.5698,359.0032,143.6366
367.8543,264.3399,332.7137,267.1716,323.4479,152.1850,358.5885,149.3534
369.8984,264.7489,337.4570,268.4412,324.7705,156.9744,357.2119,153.2821
368.0429,264.9580,334.1005,268.3159,323.2105,158.2380,357.1529,154.8801
368.0937,268.0894,333.2835,270.8746,324.0719,155.7429,358.8820,152.9577
370.1758,264.8321,333.9650,268.5083,322.7332,157.8725,358.9440,154.1963
372.3935,261.1807,336.0736,266.1994,321.2770,159.1166,357.5969,154.0980
371.5191,261.6075,337.3899,265.5787,325.3699,162.2774,359.4991,158.3062
376.5459,259.9929,341.5126,265.9208,324.2465,163.8804,359.2798,157.9525
378.9071,263.0867,343.4688,269.2782,325.3758,165.7199,360.8141,159.5284
382.2190,260.1472,346.6014,269.1420,321.3570,169.1794,356.9746,160.1845
384.7561,260.9394,349.1488,271.2527,319.8301,170.0287,355.4374,159.7153
387.8603,263.7546,353.2604,275.0422,319.4100,171.2807,354.0099,159.9931
389.5668,264.1573,356.6326,275.5984,320.6909,172.1373,353.6252,160.6962
385.0382,265.0584,356.7534,273.9650,324.0151,169.9977,352.2999,161.0911
389.2045,263.7566,352.1208,277.2975,315.8798,178.0460,352.9634,164.5051
376.7515,281.8107,325.4703,287.5206,313.0570,176.0362,364.3382,170.3263
371.6954,291.3581,336.8665,294.1667,327.1890,174.1595,362.0178,171.3509
369.4039,296.9627,339.0177,298.7628,331.4485,170.9868,361.8347,169.1867
376.6655,294.1912,344.5186,298.6127,327.3500,173.7879,359.4969,169.3663
378.3954,300.1617,347.8905,304.5461,329.1114,173.8887,359.6162,169.5043
383.5497,321.5975,350.1036,325.4987,333.3723,182.0547,366.8184,178.1535
389.2538,333.9990,351.8194,338.7204,333.6749,194.8601,371.1093,190.1387
394.7758,350.8740,349.6932,354.8391,338.5842,228.5314,383.6667,224.5663
400.8154,351.6338,348.4225,357.1127,336.3069,241.2540,388.6998,235.7751
405.6361,362.8155,353.9414,367.7305,342.9424,252.0453,394.6371,247.1303
411.4255,359.4147,359.1448,366.8221,343.7777,258.3623,396.0584,250.9550
412.1125,372.5422,367.8219,376.5387,357.5014,262.1635,401.7920,258.1671
413.1067,384.0599,369.4872,386.0661,363.7984,262.3749,407.4179,260.3687
418.4099,388.1226,368.9202,391.5095,360.6595,270.8015,410.1491,267.4146
420.3406,393.3891,372.9778,396.5786,364.5021,270.7158,411.8650,267.5264
2
0
0
0
0
1
382.1503,298.4027,338.0021,301.3384,332.7746,222.7241,376.9228,219.7884
381.8038,298.0665,339.9153,301.6927,333.1300,223.3107,375.0184,219.6845
381.1927,297.2779,340.8224,300.4529,334.7520,223.2669,375.1223,220.0919
379.5750,299.7876,340.3209,301.9977,335.7516,220.8386,375.0058,218.6286
377.9768,302.7082,340.8577,303.2584,339.5917,217.8410,376.7108,217.2908
340.6886,216.6733,378.3614,217.0651,377.4448,305.1941,339.7720,304.8023
341.3892,214.2957,379.0721,215.2737,376.7572,304.4760,339.0743,303.4980
379.5702,309.0547,344.2594,310.1288,341.3064,213.0375,376.6172,211.9635
379.7122,313.3016,343.1607,313.7320,341.9561,211.4490,378.5076,211.0185
343.4185,208.6287,379.9208,209.4192,377.5992,316.6176,341.0969,315.8270
343.6941,209.7763,381.9955,210.2365,380.7228,316.1836,342.4213,315.7235
383.1121,318.2081,343.3913,318.3704,342.9449,209.1140,382.6657,208.9517
385.7945,320.6697,345.4193,321.9211,341.9449,209.8204,382.3201,208.5691
386.9595,321.0655,345.2639,321.8121,343.2796,211.0016,384.9751,210.2549
344.1828,211.9193,386.4442,212.0823,386.0090,324.9536,343.7475,324.7906
388.4388,321.8598,345.9992,322.8452,343.4079,211.2472,385.8474,210.2618
389.4989,319.7574,346.8971,321.3122,342.8716,211.0189,385.4735,209.4640
386.8716,321.8169,345.8410,322.2215,344.7122,207.7484,385.7427,207.3438
346.4114,208.7312,385.3470,209.2827,383.7376,322.9022,344.8021,322.3506
347.0641,206.6302,383.7602,207.4054,381.3894,319.6341,344.6934,318.8589
348.1132,207.4215,382.3903,208.6750,378.4164,317.3382,344.1393,316.0847
349.4996,205.0003,383.0511,207.3385,375.3322,318.1017,341.7806,315.7635
347.3094,205.3626,381.7908,206.7587,377.3893,315.4664,342.9079,314.0703
345.8672,206.5846,380.3058,207.4367,377.5801,317.5937,343.1416,316.7415
345.6783,207.3479,381.1317,208.7580,376.7206,319.6703,341.2671,318.2603
345.3014,207.1663,382.3636,208.9745,377.0520,317.8450,339.9897,316.0368
342.6017,207.0307,380.9755,207.8326,378.6650,318.4016,340.2912,317.5997
340.4808,208.7938,380.7714,209.3509,379.2654,318.2715,338.9748,317.7144
339.0886,209.5943,381.3020,210.0779,380.0630,318.2447,337.8496,317.7611
339.8898,208.0475,382.2422,209.5004,378.6334,314.7017,336.2811,313.2489
338.8935,205.0924,381.5770,205.3060,381.0276,315.1108,338.3441,314.8973
337.1581,212.5085,380.9974,212.5869,380.8161,314.0409,336.9767,313.9625
381.4902,316.5845,338.5786,317.3943,336.5755,211.2422,379.4872,210.4325
382.3493,315.8747,338.9890,317.9863,333.7214,209.8191,377.0817,207.7075
382.3427,314.0186,339.1938,315.8403,334.7260,210.0230,377.8750,208.2012
381.8440,312.9062,339.7455,314.9450,334.6179,209.0654,376.7163,207.0266
379.0422,308.3815,337.1261,309.5414,334.3593,209.5621,376.2755,208.4021
378.1507,305.5835,336.4406,306.5279,334.1632,205.9420,375.8732,204.9976
333.8564,205.6851,376.1677,205.8264,375.8363,305.0699,333.5250,304.9286
331.5082,206.6459,376.7378,208.2794,373.2329,305.3260,328.0033,303.6926
380.3487,300.6874,331.0778,305.4600,322.4669,216.5625,371.7378,211.7900
383.7235,295.5993,334.9547,304.2015,319.0873,214.2430,367.8560,205.6409
376.2727,308.3553,339.3920,309.1922,337.1412,210.0009,374.0219,209.1640
376.4998,309.4102,339.1667,309.7542,338.2794,213.4674,375.6125,213.1234
377.6753,305.4258,339.4508,306.2781,337.4021,214.3943,375.6266,213.5420
379.9809,305.7437,342.1051,308.0443,336.0905,209.0238,373.9662,206.7232
381.5709,304.7467,343.2966,308.2833,334.2976,210.8932,372.5719,207.3567
378.6128,304.4670,339.9311,306.6506,334.2578,206.1493,372.9396,203.9658
372.4705,306.0630,336.0515,306.6995,334.3145,207.3194,370.7335,206.6829
370.9868,305.5975,332.4968,306.3923,330.5563,212.4123,369.0464,211.6176
370.9193,304.0970,329.7158,305.8730,325.8401,215.9565,367.0436,214.1805
370.2951,302.6088,326.1584,305.9567,319.5182,218.4143,363.6549,215.0665
368.8104,302.4209,320.5476,305.4082,315.0315,216.2884,363.2943,213.3012
367.2253,299.4056,317.8090,304.1052,309.0548,212.0546,358.4712,207.3550
361.3353,294.3529,310.6193,297.4150,305.0150,204.5956,355.7311,201.5334
