1
745.6119,341.8047,737.8542,251.2983,916.2861,236.0041,924.0438,326.5106
912.0534,347.1523,737.4096,324.9248,749.2781,231.6717,923.9219,253.8991
934.9395,356.4470,734.5952,311.6332,754.7906,221.3479,955.1349,266.1617
940.2692,356.6539,737.9615,316.1923,756.3077,224.4615,958.6154,264.9231
945.4402,350.7577,740.8600,326.6894,751.6519,234.9590,956.2321,259.0273
942.0769,358.6154,742.4615,318.6923,761.3077,224.4615,960.9231,264.3846
955.8883,348.5634,746.2437,333.5888,753.1117,237.4366,962.7563,252.4112
752.0000,340.0000,752.0000,244.0000,959.0000,244.0000,959.0000,340.0000
755.0000,339.0000,755.0000,244.0000,959.0000,244.0000,959.0000,339.0000
759.0000,341.0000,759.0000,242.0000,959.0000,242.0000,959.0000,341.0000
766.0000,342.0000,766.0000,241.0000,959.0000,241.0000,959.0000,342.0000
768.0000,343.0000,768.0000,240.0000,959.0000,240.0000,959.0000,343.0000
776.1980,351.9802,765.7921,247.9208,954.6040,229.0396,965.0099,333.0990
782.1949,353.9688,765.8517,251.8237,950.0951,222.3448,966.4384,324.4899
783.8993,353.6770,766.1226,252.5718,948.3678,220.5287,966.1445,321.6339
783.7375,353.4305,765.4296,252.1989,948.5262,219.0857,966.8340,320.3173
795.3517,360.5608,764.5882,258.3821,923.4661,210.5479,954.2297,312.7266
789.5502,354.3076,768.0027,252.7267,941.2961,215.9675,962.8436,317.5483
789.7547,359.8778,763.7877,254.8805,936.0576,212.2761,962.0246,317.2735
790.8845,354.8635,768.4755,250.6612,940.5085,213.6648,962.9176,317.8672
785.4500,349.0918,766.2349,245.5440,947.8371,211.8446,967.0522,315.3924
788.1259,343.2292,772.0459,231.8181,951.5540,205.9097,967.6339,317.3209
787.9282,341.1841,773.3983,238.3568,951.8141,213.1458,966.3440,315.9731
806.4117,354.6470,779.5294,247.1176,953.4117,203.6470,980.2941,311.1765
794.7570,336.5152,783.0024,226.0210,952.7199,207.9660,964.4745,318.4601
799.9445,327.5388,792.3282,218.3724,955.3025,207.0021,962.9187,316.1685
803.3390,323.4230,792.2892,219.0635,956.4836,201.6782,967.5334,306.0377
820.7910,343.8236,792.1699,244.9507,954.3923,197.9916,983.0134,296.8645
818.3204,331.5854,801.1113,223.4141,956.2085,198.7396,973.4176,306.9108
811.2391,327.5840,803.4072,210.1062,957.3231,199.8452,965.1550,317.3230
817.0000,328.0000,817.0000,199.0000,959.0000,199.0000,959.0000,328.0000
955.6011,331.9445,817.1300,322.3285,826.2671,190.7547,964.7382,200.3707
825.0000,329.0000,825.0000,215.0000,959.0000,215.0000,959.0000,329.0000
825.0000,331.0000,825.0000,216.0000,959.0000,216.0000,959.0000,331.0000
828.0000,327.0000,828.0000,216.0000,959.0000,216.0000,959.0000,327.0000
829.0000,322.0000,829.0000,215.0000,959.0000,215.0000,959.0000,322.0000
827.0000,323.0000,827.0000,214.0000,959.0000,214.0000,959.0000,323.0000
833.0000,319.0000,833.0000,214.0000,959.0000,214.0000,959.0000,319.0000
835.0000,317.0000,835.0000,213.0000,959.0000,213.0000,959.0000,317.0000
846.5281,324.9040,828.9921,228.4560,956.3280,205.3040,973.8640,301.7520
850.2213,320.7215,836.0253,224.5045,957.3194,206.6086,971.5153,302.8256
849.4143,316.8224,839.3215,220.2202,957.7305,207.8491,967.8232,304.4513
853.1448,320.0323,839.6876,224.1491,957.2662,207.6469,970.7234,303.5301
853.4656,324.4450,838.1564,225.7861,957.1869,207.3158,972.4961,305.9748
861.5569,324.0679,842.8765,227.2694,955.9970,205.4391,974.6774,302.2377
856.0000,317.0000,856.0000,209.0000,959.0000,209.0000,959.0000,317.0000
855.0000,313.0000,855.0000,208.0000,959.0000,208.0000,959.0000,313.0000
856.0000,313.0000,856.0000,206.0000,959.0000,206.0000,959.0000,313.0000
863.0000,318.0000,863.0000,206.0000,959.0000,206.0000,959.0000,318.0000
863.0000,321.0000,863.0000,205.0000,959.0000,205.0000,959.0000,321.0000
863.0000,321.0000,863.0000,203.0000,959.0000,203.0000,959.0000,321.0000
875.0000,319.0000,875.0000,202.0000,959.0000,202.0000,959.0000,319.0000
881.0000,321.0000,881.0000,201.0000,959.0000,201.0000,959.0000,321.0000
864.0000,318.0000,864.0000,195.0000,959.0000,195.0000,959.0000,318.0000
862.0000,318.0000,862.0000,195.0000,959.0000,195.0000,959.0000,318.0000
885.0000,313.0000,885.0000,193.0000,959.0000,193.0000,959.0000,313.0000
887.0000,323.0000,887.0000,193.0000,959.0000,193.0000,959.0000,323.0000
888.0000,324.0000,888.0000,192.0000,959.0000,192.0000,959.0000,324.0000
889.0000,319.0000,889.0000,192.0000,959.0000,192.0000,959.0000,319.0000
889.0000,322.0000,889.0000,193.0000,959.0000,193.0000,959.0000,322.0000
890.0000,325.9999,890.0000,192.0000,959.0000,192.0000,959.0000,325.9999
890.0000,326.0000,890.0000,191.0000,959.0000,191.0000,959.0000,326.0000
888.0000,330.0000,888.0000,193.0000,959.0000,193.0000,959.0000,330.0000
889.0000,332.0000,889.0000,196.0000,959.0000,196.0000,959.0000,332.0000
890.0000,336.0000,890.0000,193.0000,959.0000,193.0000,959.0000,336.0000
892.0000,337.0000,892.0000,193.0000,959.0000,193.0000,959.0000,337.0000
893.0000,336.9999,893.0000,192.0000,959.0000,192.0000,959.0000,336.9999
894.0000,335.0000,894.0000,192.0000,959.0000,192.0000,959.0000,335.0000
894.0000,331.0000,894.0000,195.0000,959.0000,195.0000,959.0000,331.0000
894.0000,328.0000,894.0000,195.0000,959.0000,195.0000,959.0000,328.0000
893.0000,329.0000,893.0000,196.0000,959.0000,196.0000,959.0000,329.0000
896.0000,327.0000,896.0000,197.0000,959.0000,197.0000,959.0000,327.0000
897.0000,324.0000,897.0000,197.0000,959.0000,197.0000,959.0000,324.0000
898.0000,330.0000,898.0000,200.0000,959.0000,200.0000,959.0000,330.0000
900.0000,331.0000,900.0000,201.0000,959.0000,201.0000,959.0000,331.0000
899.0000,332.0000,899.0000,197.0000,959.0000,197.0000,959.0000,332.0000
899.0000,332.0000,899.0000,202.0000,959.0000,202.0000,959.0000,332.0000
899.0000,329.0000,899.0000,201.0000,959.0000,201.0000,959.0000,329.0000
899.0000,327.0000,899.0000,202.0000,959.0000,202.0000,959.0000,327.0000
899.0000,329.0000,899.0000,202.0000,959.0000,202.0000,959.0000,329.0000
891.0000,321.0000,891.0000,200.0000,959.0000,200.0000,959.0000,321.0000
891.0000,320.0000,891.0000,200.0000,959.0000,200.0000,959.0000,320.0000
891.0000,326.0000,891.0000,200.0000,959.0000,200.0000,959.0000,326.0000
891.0000,330.0000,891.0000,200.0000,959.0000,200.0000,959.0000,330.0000
889.0000,329.0000,889.0000,201.0000,959.0000,201.0000,959.0000,329.0000
886.0000,329.0000,886.0000,200.0000,959.0000,200.0000,959.0000,329.0000
879.0000,327.0000,879.0000,197.0000,959.0000,197.0000,959.0000,327.0000
895.0000,327.0000,895.0000,197.0000,959.0000,197.0000,959.0000,327.0000
895.0000,321.0000,895.0000,198.0000,959.0000,198.0000,959.0000,321.0000
894.0000,319.0000,894.0000,199.0000,959.0000,199.0000,959.0000,319.0000
893.0000,319.0000,893.0000,199.0000,959.0000,199.0000,959.0000,319.0000
894.0000,320.0000,894.0000,197.0000,959.0000,197.0000,959.0000,320.0000
893.0000,322.0000,893.0000,202.0000,959.0000,202.0000,959.0000,322.0000
893.0000,322.0000,893.0000,201.0000,959.0000,201.0000,959.0000,322.0000
893.0000,322.0000,893.0000,202.0000,959.0000,202.0000,959.0000,322.0000
892.0000,330.0000,892.0000,201.0000,959.0000,201.0000,959.0000,330.0000
890.0000,320.0000,890.0000,204.0000,959.0000,204.0000,959.0000,320.0000
889.0000,315.0000,889.0000,203.0000,959.0000,203.0000,959.0000,315.0000
890.0000,318.0000,890.0000,202.0000,959.0000,202.0000,959.0000,318.0000
890.0000,317.0000,890.0000,199.0000,959.0000,199.0000,959.0000,317.0000
890.0000,314.0000,890.0000,193.0000,959.0000,193.0000,959.0000,314.0000
890.0000,308.0000,890.0000,201.0000,959.0000,201.0000,959.0000,308.0000
891.0000,313.0000,891.0000,201.0000,959.0000,201.0000,959.0000,313.0000
856.0000,312.0000,856.0000,204.0000,959.0000,204.0000,959.0000,312.0000
856.0000,318.0000,856.0000,205.0000,959.0000,205.0000,959.0000,318.0000
855.0000,319.0000,855.0000,205.0000,959.0000,205.0000,959.0000,319.0000
856.0000,312.0000,856.0000,205.0000,959.0000,205.0000,959.0000,312.0000
856.0000,317.0000,856.0000,205.0000,959.0000,205.0000,959.0000,317.0000
856.0000,314.0000,856.0000,205.0000,959.0000,205.0000,959.0000,314.0000
856.0000,316.0000,856.0000,205.0000,959.0000,205.0000,959.0000,316.0000
857.0000,318.0000,857.0000,204.0000,959.0000,204.0000,959.0000,318.0000
857.0000,315.0000,857.0000,204.0000,959.0000,204.0000,959.0000,315.0000
857.0000,319.0000,857.0000,206.0000,959.0000,206.0000,959.0000,319.0000
855.0000,319.0000,855.0000,207.0000,959.0000,207.0000,959.0000,319.0000
852.0000,320.0000,852.0000,204.0000,959.0000,204.0000,959.0000,320.0000
849.0000,323.0000,849.0000,209.0000,959.0000,209.0000,959.0000,323.0000
840.0000,323.0000,840.0000,213.0000,959.0000,213.0000,959.0000,323.0000
839.0000,325.0000,839.0000,211.0000,959.0000,211.0000,959.0000,325.0000
880.0000,332.0000,880.0000,211.0000,959.0000,211.0000,959.0000,332.0000
841.0000,327.0000,841.0000,214.0000,959.0000,214.0000,959.0000,327.0000
834.0000,318.0000,834.0000,215.0000,959.0000,215.0000,959.0000,318.0000
878.0000,321.0000,878.0000,214.0000,959.0000,214.0000,959.0000,321.0000
846.0000,315.0000,846.0000,214.0000,959.0000,214.0000,959.0000,315.0000
946.6509,334.5585,850.5338,268.6804,909.7418,182.2949,1005.8589,248.1730
946.7039,332.2968,857.8979,262.1292,917.6581,186.4952,1006.4640,256.6628
845.0000,320.0000,845.0000,212.0000,959.0000,212.0000,959.0000,320.0000
858.0000,325.0000,858.0000,211.0000,959.0000,211.0000,959.0000,325.0000
841.0000,330.0000,841.0000,207.0000,959.0000,207.0000,959.0000,330.0000
958.1326,322.2904,834.5045,317.8752,838.5975,203.2713,962.2256,207.6866
842.0000,331.0000,842.0000,206.0000,959.0000,206.0000,959.0000,331.0000
958.4916,321.2719,832.2465,315.0221,837.7872,203.0984,964.0323,209.3482
839.0000,329.0000,839.0000,207.0000,959.0000,207.0000,959.0000,329.0000
957.3263,322.3170,830.4188,314.7630,837.0966,202.5772,964.0040,210.1312
958.3229,319.2366,828.2465,313.4554,833.1681,202.7186,963.2445,208.4998
958.7266,308.1961,827.2487,301.2762,832.4475,202.4972,963.9254,209.4171
958.7572,306.2213,826.9725,300.0917,831.5144,202.4425,963.2991,208.5720
958.8084,305.2610,828.8350,299.4196,833.2307,201.6171,963.2040,207.4586
958.7711,307.2565,829.2745,300.2943,834.5875,201.4724,964.0841,208.4346
958.7376,306.9861,828.4669,300.1298,833.6547,201.5608,963.9255,208.4171
958.7791,304.1989,829.4531,297.3923,834.4890,201.7100,963.8149,208.5166
958.7614,304.1284,828.9724,298.0917,833.4570,201.6724,963.2460,207.7091
958.4719,308.9294,829.1676,302.0515,834.5028,201.7502,963.8071,208.6281
958.6662,306.7598,830.0224,301.2268,834.2574,202.7638,962.9012,208.2968
958.6232,307.7580,829.8936,302.2212,834.1660,202.8889,962.8956,208.4256
958.8180,306.5215,829.7495,302.2664,833.0195,203.0775,962.0880,207.3326
958.8542,306.3415,830.4738,303.3902,832.7757,203.2592,961.1561,206.2105
958.6760,309.5003,836.4658,305.3340,839.9847,202.1131,962.1949,206.2794
958.3682,313.8570,836.2545,306.0291,843.1779,198.0242,965.2915,205.8520
951.0563,323.1618,826.3819,234.9774,883.7380,153.8878,1008.4124,242.0722
953.0781,319.5024,822.0522,239.1002,873.7220,154.8976,1004.7479,235.2998
947.7587,330.0939,827.0852,220.7335,892.4557,148.6005,1013.1292,257.9609
946.7220,328.9406,824.7981,215.1449,890.9073,144.3135,1012.8313,258.1093
948.1740,328.6293,822.9785,216.6123,887.3431,144.6754,1012.5386,256.6923
950.7318,325.5853,820.0001,221.0000,880.3904,145.5122,1011.1221,250.0975
947.3558,325.6510,822.4793,217.2056,885.8607,144.2210,1010.7371,252.6664
949.3906,323.4424,819.1694,217.6377,879.7647,143.0589,1009.9859,248.8636
951.4906,324.5012,818.1951,220.5759,878.8162,142.8228,1012.1117,246.7481
952.5247,325.3817,818.3204,218.9438,877.7846,143.9671,1011.9890,250.4051
951.2927,325.6341,817.6342,218.7073,878.3171,142.8537,1011.9757,249.7805
951.2458,327.7049,818.8524,217.3770,881.1475,142.6229,1013.5409,252.9508
951.2065,327.6282,817.4497,217.9915,879.4976,142.2931,1013.2544,251.9297
951.4545,323.5073,814.1967,223.8847,872.2312,143.9259,1009.4890,243.5485
950.4085,320.3292,813.0595,226.4740,868.0963,145.9324,1005.4453,239.7876
949.5741,318.2985,812.4880,228.6653,865.4082,147.7285,1002.4943,237.3617
953.7337,312.0923,808.9980,281.7156,830.4949,179.2891,975.2307,209.6657
954.8602,302.9284,809.8737,274.2497,828.6727,179.2100,973.6593,207.8886
957.1360,299.4933,811.4707,276.5797,826.3365,182.0754,972.0018,204.9890
957.3312,302.4117,817.0804,285.0773,829.1938,187.0689,969.4446,204.4033
957.6771,312.4349,827.6477,306.5909,832.4570,199.5823,962.4865,205.4263
832.0000,311.0000,832.0000,206.0000,959.0000,206.0000,959.0000,311.0000
828.0000,313.0000,828.0000,207.0000,959.0000,207.0000,959.0000,313.0000
825.0000,314.0000,825.0000,208.0000,959.0000,208.0000,959.0000,314.0000
825.0000,315.0000,825.0000,210.0000,959.0000,210.0000,959.0000,315.0000
825.0000,311.0000,825.0000,210.0000,959.0000,210.0000,959.0000,311.0000
824.0000,309.0000,824.0000,210.0000,959.0000,210.0000,959.0000,309.0000
823.0000,310.0000,823.0000,209.0000,959.0000,209.0000,959.0000,310.0000
824.0000,310.0000,824.0000,209.0000,959.0000,209.0000,959.0000,310.0000
824.0000,312.0000,824.0000,209.0000,959.0000,209.0000,959.0000,312.0000
824.0000,312.0000,824.0000,209.0000,959.0000,209.0000,959.0000,312.0000
824.0000,315.0000,824.0000,210.0000,959.0000,210.0000,959.0000,315.0000
822.0000,318.0000,822.0000,210.0000,959.0000,210.0000,959.0000,318.0000
810.0000,308.0000,810.0000,210.0000,959.0000,210.0000,959.0000,308.0000
802.0000,309.0000,802.0000,211.0000,959.0000,211.0000,959.0000,309.0000
794.0000,311.0000,794.0000,210.0000,959.0000,210.0000,959.0000,311.0000
788.0000,310.0000,788.0000,211.0000,959.0000,211.0000,959.0000,310.0000
788.0000,316.0000,788.0000,211.0000,959.0000,211.0000,959.0000,316.0000
787.0000,320.0000,787.0000,214.0000,959.0000,214.0000,959.0000,320.0000
789.0000,320.0000,789.0000,214.0000,959.0000,214.0000,959.0000,320.0000
787.0000,321.0000,787.0000,214.0000,959.0000,214.0000,959.0000,321.0000
788.0000,322.0000,788.0000,216.0000,959.0000,216.0000,959.0000,322.0000
957.4496,324.7911,780.6114,299.1210,795.6351,195.6245,972.4733,221.2945
958.5859,321.2501,765.5402,312.6063,770.1128,210.4827,963.1586,219.1265
957.2862,323.4467,754.3411,306.2964,763.1219,202.3906,966.0670,219.5409
746.3347,323.7169,743.5603,222.4504,958.7960,216.5535,961.5704,317.8200
741.0000,318.0000,741.0000,219.0000,959.0000,219.0000,959.0000,318.0000
958.9589,319.1310,737.2999,316.2145,738.6229,215.6661,960.2819,218.5826
958.9144,321.2275,734.0931,312.5805,737.9897,211.2689,962.8110,219.9158
958.9897,321.2689,733.1315,312.5820,736.9911,212.2305,962.8493,220.9173
958.9475,321.3486,730.2297,312.4376,734.1356,212.1871,962.8534,221.0982
737.0000,319.0000,737.0000,220.0000,959.0000,220.0000,959.0000,319.0000
958.7504,324.6800,736.0903,312.8048,741.5050,211.2803,964.1650,223.1555
958.7104,325.8134,733.5912,308.7158,741.2621,207.7161,966.3813,224.8138
958.5410,326.0492,732.8607,305.5328,741.9509,205.5410,967.6312,226.0574
958.4692,325.6737,751.8334,309.2367,759.8161,208.8831,966.4518,225.3200
958.3378,326.0630,757.6331,307.2469,766.8858,208.5518,967.5905,227.3679
958.1578,329.0613,760.8193,308.4438,771.3116,208.0176,968.6501,228.6351
958.5692,321.4804,759.4805,312.4310,763.9073,215.0413,962.9959,224.0907
759.0000,317.0000,759.0000,220.0000,959.0000,220.0000,959.0000,317.0000
958.4571,327.5876,755.1456,317.1613,760.3862,214.9686,963.6977,225.3948
958.7290,325.4962,756.6918,318.1937,760.3507,216.9645,962.3879,224.2670
958.8115,322.2790,754.8218,314.9936,758.3224,216.9758,962.3121,224.2611
958.8646,321.4244,753.1696,315.1277,756.1474,217.8515,961.8423,224.1483
958.9555,317.2011,749.5359,312.9705,751.4366,218.8876,960.8561,223.1183
958.7361,321.8062,754.3402,312.5155,758.7711,215.0351,963.1670,224.3258
958.8239,321.4047,750.6739,310.6383,755.6990,213.4844,963.8491,224.2508
958.8438,323.4507,745.7377,315.9732,749.2206,216.7095,962.3267,224.1869
958.3848,323.8436,733.4271,303.6227,741.8229,210.2201,966.7805,230.4409
957.3267,327.7327,730.6931,305.0693,740.1287,210.7129,966.7624,233.3763
958.5559,323.3488,732.9602,311.3490,737.9128,218.2401,963.5085,230.2399
958.3765,325.8714,731.2372,307.8802,738.5078,216.0898,965.6470,234.0810
958.6268,326.8109,731.4171,312.2195,737.3856,219.2816,964.5953,233.8731
957.2744,334.6084,732.1145,301.1386,744.8420,215.5171,970.0020,248.9868
957.0784,336.1703,731.8000,300.6000,745.1702,215.9217,970.4487,251.4919
956.9401,337.4200,729.7201,304.9600,742.1600,217.8800,969.3800,250.3400
957.6825,334.6144,730.3599,312.6154,739.2145,221.1175,966.5371,243.1165
958.2187,330.1109,729.5255,315.3565,735.5751,221.5855,964.2684,236.3399
955.4816,342.1328,726.8995,302.1864,743.1412,209.2480,971.7233,249.1944
955.4387,340.8433,726.2169,303.4702,740.9130,213.3337,970.1348,250.7068
958.4526,328.3847,728.2609,314.9569,733.7227,221.3255,963.9144,234.7533
731.0000,324.0000,731.0000,233.0000,959.0000,233.0000,959.0000,324.0000
958.9407,322.1131,727.9768,317.7138,729.6301,230.9168,960.5940,235.3161
958.3850,326.2257,720.2434,310.3496,725.6682,228.9780,963.8098,244.8541
956.4031,335.6511,712.6604,301.7122,723.4753,224.0409,967.2180,257.9797
956.1390,335.5399,710.6458,297.6552,722.5620,220.4386,968.0551,258.3233
957.5923,329.4204,709.0776,301.2555,717.8787,223.5996,966.3933,251.7646
958.2558,325.5662,707.0143,300.8539,714.5172,224.5754,965.7586,249.2877
957.5103,326.5740,705.2562,303.8995,713.0419,217.2847,965.2959,239.9592
958.8242,323.0910,715.1429,320.4278,716.1158,231.4111,959.7971,234.0742
957.9479,329.3356,708.7855,311.0485,714.7361,229.9714,963.8984,248.2586
955.3083,325.8815,706.0942,294.0271,714.8571,225.4705,964.0712,257.3249
957.9891,338.6424,756.1415,329.6313,759.8252,247.1172,961.6729,256.1283
777.5227,341.6826,774.7402,258.2086,958.5693,252.0810,961.3518,335.5549
786.5275,345.9690,781.5069,260.6172,958.4241,250.2103,963.4448,335.5621
780.4283,343.4848,774.9193,265.5713,958.3356,252.6025,963.8447,330.5160
798.7788,346.3133,793.8538,264.2289,958.6007,254.3440,963.5258,336.4285
2
0
0
0
0
1
575.0000,331.0000,418.0769,226.3846,462.2307,160.1538,619.1538,264.7692
576.1831,321.9478,408.1796,251.4947,442.3708,169.9620,610.3743,240.4150
580.0525,309.7867,412.5533,285.1026,426.0402,193.5848,593.5393,218.2690
567.6001,314.2000,409.2001,261.4000,436.8000,178.6000,595.2001,231.4000
573.5242,308.9868,412.3753,285.7098,425.6158,194.0446,586.7647,217.3216
571.8171,308.9488,411.7552,283.7705,425.9415,193.5863,586.0033,218.7646
574.9370,307.7794,413.1152,284.9339,425.9474,194.0396,587.7692,216.8851
576.6108,308.0234,413.2214,282.4323,427.3394,192.2941,590.7288,217.8852
577.1699,304.7287,413.4311,286.7175,423.7757,192.6754,587.5145,210.6866
578.4542,305.9662,413.9375,289.8370,423.3245,194.0906,587.8412,210.2198
579.9553,310.3797,411.2173,285.4525,424.8974,192.8485,593.6354,217.7757
576.9711,311.1675,409.4677,282.2875,425.0624,191.8383,592.5658,220.7183
577.4555,308.3306,412.1813,286.0821,424.4828,194.6996,589.7570,216.9481
577.1546,309.6783,410.9323,282.5399,425.5237,193.1671,591.7461,220.3055
578.3174,308.1343,411.3310,288.3832,422.0576,197.6950,589.0441,217.4461
580.5656,308.2138,411.2414,294.1035,418.9311,201.8276,588.2552,215.9380
580.9661,305.4351,403.6006,298.9855,406.9667,206.4170,584.3322,212.8666
584.1093,305.1746,402.2578,299.9788,404.9193,206.8262,586.7708,212.0220
403.0000,303.0000,403.0000,209.0000,581.0000,209.0000,581.0000,303.0000
578.0294,304.9453,400.4442,300.0124,403.0880,204.8358,580.6732,209.7687
401.0000,302.0000,401.0000,208.0000,578.0000,208.0000,578.0000,302.0000
401.0000,298.0000,401.0000,207.0000,572.0000,207.0000,572.0000,298.0000
565.1858,303.0421,397.1554,289.4180,404.5400,198.3411,572.5704,211.9652
562.0383,303.0989,394.0854,287.1034,402.9124,194.4202,570.8652,210.4157
567.2459,300.7049,394.9554,291.8695,399.7607,198.1673,572.0511,207.0027
394.0000,296.0000,394.0000,203.0000,566.0000,203.0000,566.0000,296.0000
389.0000,298.0000,389.0000,198.0000,561.0000,198.0000,561.0000,298.0000
560.1451,301.8344,389.0190,296.7006,392.0199,196.6707,563.1459,201.8044
560.3296,303.4289,389.6665,296.6700,393.6951,194.9484,564.3582,201.7073
554.7245,309.8755,386.3770,296.1328,395.3898,185.7257,563.7373,199.4684
552.5765,308.1550,388.6672,296.3265,396.6367,185.8913,560.5460,197.7198
549.4166,313.6142,389.9643,303.2151,397.6260,185.7365,557.0782,196.1356
401.6525,313.6555,389.5693,208.9343,550.0102,190.4219,562.0934,295.1431
407.4512,322.3457,387.6817,214.7115,543.2300,186.1414,562.9996,293.7756
410.3904,324.0464,388.1949,216.4836,541.3407,184.8820,563.5362,292.4449
475.4671,354.3778,368.9893,293.0374,448.6939,154.6823,555.1716,216.0228
417.0879,337.0130,388.7604,217.6331,542.7188,181.1006,571.0463,300.4805
417.5533,336.5325,388.7381,217.6696,540.9731,180.7641,569.7883,299.6271
420.8283,340.0642,388.9101,219.2312,536.5518,180.2316,568.4698,301.0645
418.6484,343.3316,389.3207,216.9970,536.5981,182.8076,565.9259,309.1422
418.2560,341.5426,387.3188,220.1736,530.9473,183.5624,561.8845,304.9314
415.0486,337.2074,387.8362,221.1009,530.7660,187.6017,557.9785,303.7082
421.9568,340.4255,382.4980,231.0172,522.5151,180.5192,561.9739,289.9275
431.8001,342.6000,380.4001,239.8000,511.2000,174.4000,562.6001,277.2000
431.3117,346.7416,379.6995,241.6740,509.0484,178.1342,560.6605,283.2018
487.0783,355.1133,372.8694,309.7426,423.3163,182.7558,537.5251,228.1264
490.7812,358.1153,375.0865,322.2663,415.9846,190.2769,531.6793,226.1260
428.0000,355.0000,374.2000,247.4000,499.4001,184.8000,553.2001,292.4000
427.6732,356.7386,372.3123,251.9482,494.4498,187.4228,549.8108,292.2132
424.6518,358.0759,369.4538,255.2933,492.8474,189.0264,548.0455,291.8089
405.7957,347.8813,371.4173,239.3178,501.2936,198.1903,535.6720,306.7538
403.0836,348.7902,368.1391,238.4393,499.2575,196.9184,534.2020,307.2693
409.5921,351.4434,364.6576,247.7484,488.8952,193.9120,533.8297,297.6071
402.6096,346.7419,369.2939,239.3916,502.0271,198.1985,535.3427,305.5488
404.1339,346.6237,367.1459,243.3656,498.3018,196.3844,535.2898,299.6425
406.4345,347.2213,366.6279,245.4934,494.4099,195.4918,534.2164,297.2197
406.8121,348.8390,366.9265,246.7319,494.0589,197.0708,533.9445,299.1779
402.0889,348.1797,367.7153,243.4965,497.4983,200.8812,531.8719,305.5645
405.5661,348.1172,367.2888,245.5340,494.8167,197.9489,533.0940,300.5321
401.8750,346.8577,367.1347,244.2160,495.6853,200.7065,530.4257,303.3483
399.6432,345.3406,367.9459,242.3243,494.5027,203.3838,526.2000,306.4000
398.7663,346.0754,365.4015,242.6447,493.2583,201.4006,526.6230,304.8313
382.4515,336.6439,373.7266,227.5818,500.7933,217.4165,509.5183,326.4785
383.7201,329.6212,371.9249,229.3618,501.8908,214.0717,513.6860,314.3311
379.4459,329.2673,376.1141,222.6527,504.1141,218.6527,507.4459,325.2673
385.8289,336.9489,367.1314,230.5174,497.3819,207.6356,516.0793,314.0671
387.3523,342.1218,362.9094,235.7235,496.9438,204.9318,521.3867,311.3301
395.1540,348.9265,356.9338,248.0251,487.9930,198.3815,526.2132,299.2829
397.2895,349.0185,355.7309,250.6630,484.8717,196.0965,526.4304,294.4520
399.4756,352.4288,354.8235,252.7059,481.6996,195.8957,526.3517,295.6187
399.9315,352.8493,354.2466,252.3425,477.9589,196.1096,523.6438,296.6165
396.4753,351.4007,354.5222,248.1316,485.8751,194.7695,527.8282,298.0386
391.7405,350.1567,358.2271,241.2378,488.5784,201.1297,522.0919,310.0486
398.6353,350.9282,354.6889,250.1099,484.5956,193.4839,528.5420,294.3022
395.4357,349.6626,357.6355,244.8528,491.1827,196.6883,528.9829,301.4980
387.7000,344.0262,356.7100,238.0079,495.5968,197.4102,526.5868,303.4285
370.7141,342.0470,344.3742,244.0040,501.6078,201.7621,527.9476,299.8051
372.4991,347.2975,338.6753,253.9438,494.9053,197.3387,528.7291,290.6924
367.1529,342.7197,339.3503,248.1911,501.7707,200.4204,529.5732,294.9490
354.6042,329.7076,350.5539,224.4018,513.1980,218.1462,517.2482,323.4520
353.8283,329.0510,349.2226,223.1208,507.9660,216.2189,512.5717,322.1490
482.5373,344.1535,343.8889,308.9039,373.2089,193.5785,511.8573,228.8281
477.8260,346.8373,342.7578,306.8171,377.0984,190.9180,512.1665,230.9382
479.8310,344.0685,344.0769,308.2090,374.5554,192.8260,510.3095,228.6855
480.7292,351.4471,342.9933,315.8258,374.6400,193.4586,512.3759,229.0800
458.8126,359.7480,342.0408,294.6621,407.5380,177.1523,524.3098,242.2383
478.2941,345.8235,327.4706,308.1176,356.5294,191.8824,507.3530,229.5882
371.6893,363.0605,319.6991,267.9927,475.3149,182.8903,527.3052,277.9581
443.3318,358.2071,344.9600,278.2800,428.5883,175.3530,526.9600,255.2800
460.2000,354.6000,343.4000,296.2000,401.6000,179.8000,518.4000,238.2000
339.0092,339.6973,312.3945,250.9817,493.2202,196.7339,519.8349,285.4495
344.2981,344.3731,311.3560,254.8116,485.4674,190.7706,518.4095,280.3322
342.5705,337.7828,313.3419,248.7684,490.1448,190.7137,519.3734,279.7281
333.7280,338.8593,305.3602,249.7036,491.1839,190.5778,519.5516,279.7336
343.8437,340.7108,312.5070,249.3119,490.0636,188.4354,521.4003,279.8342
353.5712,351.0607,311.5604,252.0350,483.6740,179.0172,525.6848,278.0428
333.7734,335.6426,305.2846,244.9963,488.0855,187.5446,516.5743,278.1909
344.4290,344.2459,304.8076,252.2675,478.2534,177.5524,517.8748,269.5308
336.5862,346.9655,298.9310,252.8275,477.8965,181.2414,515.5517,275.3793
346.5437,343.5766,305.6062,253.8288,474.8344,176.6370,515.7720,266.3847
355.1881,348.1188,306.3374,256.1646,469.0427,169.7274,517.8934,261.6817
354.2259,351.0026,303.5187,255.4391,467.8287,168.2542,518.5359,263.8177
359.1833,348.7210,302.6482,258.5340,458.6137,160.7646,515.1488,250.9516
336.6349,335.4994,300.4711,246.2955,475.7917,175.2196,511.9554,264.4235
339.4115,332.8274,302.3212,244.3814,476.9911,171.1327,514.0814,259.5787
500.9557,310.3679,316.4745,307.9405,317.7782,208.8524,502.2595,211.2798
321.2399,312.0911,314.9694,213.8530,496.2521,202.2818,502.5226,300.5198
317.9999,313.0000,317.9999,208.0000,491.9999,208.0000,491.9999,313.0000
319.2790,311.3011,314.1768,214.3591,494.4668,204.8701,499.5691,301.8121
321.9454,321.5358,309.9454,219.5358,497.9898,197.4130,509.9898,299.4130
315.0000,322.0000,315.0000,207.0000,501.0000,207.0000,501.0000,322.0000
490.2962,339.4372,307.5529,312.4751,324.8782,195.0477,507.6215,222.0098
380.2187,359.4321,295.0865,266.1141,427.7290,145.1069,512.8612,238.4249
374.8750,357.8495,295.9269,262.7896,435.3823,146.9706,514.3304,242.0306
310.0000,323.0000,310.0000,216.0000,506.0000,216.0000,506.0000,323.0000
380.2099,359.4349,290.9562,261.5784,418.3982,145.3401,507.6519,243.1966
375.2922,358.4081,288.5545,260.4058,415.9994,147.6097,502.7371,245.6120
367.2459,354.2950,286.0164,256.8196,415.5574,148.8688,496.7869,246.3442
350.2094,345.4497,287.4503,250.6138,430.1696,156.1672,492.9286,251.0032
324.7584,362.3691,258.7986,268.1410,421.8188,154.0269,487.7785,248.2550
273.0906,361.4445,248.4031,240.2512,467.7458,195.5703,492.4333,316.7636
254.0000,350.0000,254.0000,218.0000,464.0000,218.0000,464.0000,350.0000
258.3154,354.5702,252.8163,222.5910,460.9965,213.9168,466.4957,345.8960
262.8536,362.6829,248.0609,229.5488,449.6829,207.1463,464.4756,340.2805
263.7051,361.3664,247.6616,231.6810,446.9213,207.0304,462.9648,336.7157
203.5348,373.6342,184.8924,244.4691,430.2353,209.0588,448.8777,338.2238
227.7757,376.1321,204.8157,245.1250,425.4212,206.4622,448.3812,337.4692
419.8315,368.8011,250.0231,362.8429,254.6901,229.8313,424.4986,235.7895
221.0891,366.5831,216.5201,234.0855,431.5403,226.6710,436.1093,359.1686
393.1027,377.3154,169.1418,343.7212,187.9927,218.0489,411.9536,251.6430
319.5818,384.5688,155.1400,287.2462,212.2097,190.8181,376.6515,288.1407
337.2655,370.3980,149.5607,318.7792,177.3515,217.7216,365.0564,269.3405
343.0573,369.1851,156.6588,347.0387,169.7886,236.5294,356.1871,258.6757
331.8276,366.9310,152.3448,295.1379,188.3448,205.1379,367.8276,276.9310
325.4483,372.6207,149.6034,297.2586,189.6897,203.7242,365.5345,279.0862
327.8824,365.4706,151.8824,321.4706,177.0588,220.7647,353.0588,264.7647
337.6175,363.1677,151.8725,330.3892,169.8121,228.7315,355.5571,261.5100
334.2753,359.4023,156.5463,343.6041,165.7575,239.9785,343.4865,255.7766
331.3960,361.5942,152.6210,330.3087,170.2080,229.8114,348.9830,261.0970
317.8220,370.9990,157.1808,273.4669,206.7232,191.8677,367.3644,289.3998
324.0000,367.0000,150.5517,297.6207,186.7586,207.1035,360.2069,276.4828
322.8178,370.3692,146.9855,279.2561,191.6118,193.1352,367.4441,284.2483
322.0563,368.3766,137.5796,284.2293,179.0471,193.3198,363.5238,277.4670
290.5739,343.9572,137.1677,291.9552,169.8191,195.6336,323.2252,247.6357
296.6176,348.1013,132.4073,296.1716,164.5470,194.5405,328.7573,246.4703
292.6353,345.0219,124.0890,298.7039,152.8723,193.9649,321.4185,240.2829
296.7025,335.2520,122.3838,305.2464,138.7960,209.8993,313.1147,239.9049
296.0998,331.3760,134.0094,305.4416,148.9610,211.9938,311.0515,237.9283
294.4861,349.9061,132.9408,328.6501,145.5038,233.1715,307.0490,254.4275
287.7358,347.0754,133.0914,297.5892,164.8127,198.4601,319.4572,247.9463
286.9357,336.1920,131.9213,309.5490,148.6965,211.9478,303.7109,238.5909
297.3711,333.5834,116.9086,308.2059,130.5432,211.2482,311.0057,236.6257
299.4627,327.0620,108.5569,312.1862,115.7348,220.0702,306.6406,234.9460
299.4599,324.8531,102.3387,317.6851,105.7286,224.4629,302.8498,231.6310
295.8820,325.3778,99.3822,314.0413,104.7785,220.5064,301.2783,231.8430
294.2777,324.7799,93.7666,317.0680,97.3131,224.8582,297.8242,232.5702
100.0000,321.0000,100.0000,229.0000,288.0000,229.0000,288.0000,321.0000
298.3265,325.9457,95.0795,317.7059,98.9141,223.1182,302.1611,231.3579
288.0977,331.9985,93.0811,310.5943,103.7000,213.8451,298.7166,235.2494
289.4507,333.2591,92.7992,309.5662,104.6508,211.1989,301.3022,234.8918
291.7810,329.8798,95.9629,318.2240,101.7961,220.2260,297.6142,231.8818
300.0052,331.3071,95.8009,319.7046,101.4683,219.9584,305.6726,231.5610
291.9015,331.7723,91.1877,320.6216,96.8092,219.4339,297.5231,230.5846
132.0000,328.0000,132.0000,227.0000,295.0000,227.0000,295.0000,328.0000
128.0000,327.0000,128.0000,228.0000,298.0000,228.0000,298.0000,327.0000
315.0442,335.1602,127.6160,325.2956,133.0718,221.6353,320.5000,231.5000
128.0000,323.0000,128.0000,227.0000,322.0000,227.0000,322.0000,323.0000
118.0000,327.0000,118.0000,226.0000,305.0000,226.0000,305.0000,327.0000
125.5925,338.6713,109.0073,243.8987,307.1395,209.2256,323.7247,303.9982
125.4349,340.9693,105.9627,246.3900,297.2373,207.0100,316.7095,301.5892
116.0000,325.0000,116.0000,224.0000,293.0000,224.0000,293.0000,325.0000
107.0000,321.0000,107.0000,225.0000,292.0000,225.0000,292.0000,321.0000
115.8569,337.9415,99.1174,245.3161,289.6417,210.8840,306.3812,303.5094
111.8812,324.2581,105.5496,231.3943,298.2673,218.2545,304.5990,311.1183
75.0000,317.0000,75.0000,224.0000,297.9999,224.0000,297.9999,317.0000
74.0000,315.0000,74.0000,224.0000,299.0000,224.0000,299.0000,315.0000
60.6213,322.9934,55.7298,232.5011,284.3051,220.1457,289.1966,310.6380
57.0000,314.0000,57.0000,225.0000,280.0000,225.0000,280.0000,314.0000
52.3415,315.8540,50.9453,226.5009,285.8567,222.8304,287.2528,312.1836
63.0679,319.5623,59.1189,228.7340,284.4321,218.9377,288.3811,309.7661
55.0000,314.0000,55.0000,222.0000,301.0000,222.0000,301.0000,314.0000
58.0000,314.0000,58.0000,222.0000,295.0000,222.0000,295.0000,314.0000
296.3430,322.1537,52.1376,308.9534,57.4020,211.5623,301.6074,224.7625
282.1106,319.3408,58.8363,304.4558,65.0487,211.2700,288.3230,226.1549
313.3643,318.3507,53.0023,305.9525,57.3461,214.7308,317.7082,227.1290
307.7998,334.5753,50.3096,306.5077,61.3077,205.6118,318.7979,233.6794
75.7424,364.8842,47.1673,271.3656,302.1651,193.4496,330.7403,286.9682
306.9967,337.7525,51.8000,304.7271,64.7451,204.6964,319.9419,237.7219
311.6985,339.9372,39.1338,312.9803,49.3457,209.7265,321.9104,236.6834
297.6777,347.6496,38.2941,296.9655,58.6625,192.7271,318.0461,243.4113
299.0168,348.9101,28.7214,298.6226,48.1338,194.2807,318.4292,244.5682
302.9706,343.9096,24.5384,301.9950,39.8964,199.9737,318.3286,241.8882
306.0787,336.6742,26.1416,310.0135,35.6337,210.3461,315.5708,237.0067
284.6178,335.5038,26.5796,307.3541,37.1232,210.7043,295.1614,238.8540
283.5433,337.6867,25.6871,305.7400,37.7304,208.5329,295.5866,240.4797
283.4975,337.9531,25.5471,305.1628,37.7982,208.7880,295.7485,241.5782
29.9995,326.3088,27.9740,234.4859,281.3360,228.8970,283.3615,320.7200
282.8326,331.4058,27.3819,313.6353,33.8600,220.5120,289.3108,238.2825
34.0000,324.0000,34.0000,232.0000,281.0000,232.0000,281.0000,324.0000
47.0000,324.0000,47.0000,232.0000,283.0000,232.0000,283.0000,324.0000
283.7130,342.7108,50.8646,318.0563,61.6127,216.5472,294.4610,241.2018
57.8984,327.5384,55.3340,231.8035,288.1045,225.5686,290.6688,321.3035
70.1719,343.4396,63.3750,235.6610,287.5107,221.5263,294.3075,329.3049
69.3572,348.7506,65.6652,232.4551,293.0234,225.2373,296.7153,341.5328
72.3921,346.9675,67.6956,232.3731,292.5720,223.1569,297.2685,337.7513
75.6469,348.0563,68.7619,234.9449,290.0203,221.4771,296.9054,334.5884
75.0000,344.0000,75.0000,228.0000,288.9999,228.0000,288.9999,344.0000
87.9596,355.1621,60.3133,252.3527,260.3603,198.5586,288.0065,301.3680
87.5104,354.1324,68.6832,243.8589,245.4809,213.6740,264.3081,323.9474
91.3273,357.1134,67.7806,249.3421,244.7206,210.6829,268.2673,318.4542
86.3146,343.4557,74.3329,239.0438,252.4303,218.6064,264.4120,323.0183
79.8468,344.3255,69.1800,238.4780,251.9901,220.0553,262.6569,325.9028
75.5368,343.0110,58.6788,246.3584,250.8669,212.8372,267.7250,309.4898
73.0260,341.1346,60.1860,241.8380,252.2503,217.0022,265.0903,316.2987
70.7464,338.2721,67.0864,233.9619,249.3882,227.5653,253.0482,331.8755
72.1536,339.8002,64.0554,239.0223,245.3490,224.4541,253.4472,325.2319
71.3115,340.4262,62.2459,240.7049,248.8852,223.7377,257.9508,323.4590
70.5638,337.6982,63.3499,237.6055,237.9206,225.0238,245.1345,325.1165
72.2435,338.1932,61.1234,241.5345,235.8638,221.4316,246.9839,318.0904
72.5478,336.8758,60.6451,243.3543,234.3585,221.2453,246.2612,314.7668
70.0219,335.2082,60.1753,241.6658,233.1534,223.4576,243.0000,317.0000
53.7257,333.3097,49.3433,236.0206,232.3593,227.7766,236.7417,325.0657
21.7826,329.2633,20.0219,234.1848,240.6500,230.0991,242.4107,325.1776
12.0000,326.0000,12.0000,231.0000,233.0000,231.0000,233.0000,326.0000
9.6220,327.9185,8.2407,232.6052,235.6566,229.3093,237.0380,324.6226
9.0000,325.0000,9.0000,232.0000,236.0000,232.0000,236.0000,325.0000
14.0000,325.0000,14.0000,232.0000,233.0000,232.0000,233.0000,325.0000
13.0000,324.0000,13.0000,231.0000,232.0000,231.0000,232.0000,324.0000
12.0000,324.0000,12.0000,231.0000,233.0000,231.0000,233.0000,324.0000
12.8835,327.7581,10.7828,233.2270,229.5415,228.3657,231.6422,322.8968
13.0000,324.0000,13.0000,230.0000,232.0000,230.0000,232.0000,324.0000
13.0000,325.0000,13.0000,229.0000,232.0000,229.0000,232.0000,325.0000
13.0000,325.0000,13.0000,229.0000,227.0000,229.0000,227.0000,325.0000
14.0000,325.0000,14.0000,228.0000,227.0000,228.0000,227.0000,325.0000
13.0000,326.0000,13.0000,227.0000,228.0000,227.0000,228.0000,326.0000
11.0000,326.0000,11.0000,227.0000,230.0000,227.0000,230.0000,326.0000
221.8405,330.8267,11.7470,322.0728,15.9619,220.9151,226.0555,229.6690
220.8059,331.8896,3.2214,320.1735,8.7032,218.3687,226.2878,230.0848
217.0032,335.5393,-3.3141,313.6638,6.8095,211.7045,227.1268,233.5800
214.7637,335.8161,-3.3503,310.2558,8.5412,208.7822,226.6552,234.3424
213.6923,335.4615,-4.2769,308.2154,8.2462,208.0308,226.2154,235.2769
212.9132,337.1804,-4.8780,309.3773,8.0735,207.9243,225.8646,235.7274
208.2857,339.1069,-5.4711,312.1769,7.5388,208.9104,221.2957,235.8404
204.8722,339.7496,-6.7517,310.2207,7.5655,207.6138,219.1894,237.1427
205.7118,339.1616,-5.6638,310.9781,8.0917,207.8122,219.4673,235.9956
205.7560,338.1317,-5.2410,310.1086,8.3127,208.0572,219.3097,236.0802
204.6718,337.9802,-4.2857,310.6550,9.1094,208.2220,218.0669,235.5472
204.3548,339.7573,-5.0554,310.7150,9.2458,207.5962,218.6560,236.6385
204.6355,338.4308,-3.4212,309.8429,10.5784,207.9573,218.6350,236.5453
204.2254,339.9610,-6.4994,310.0710,8.0344,207.6077,218.7592,237.4977
201.6755,341.7493,-7.7821,305.3851,10.1384,202.1630,219.5960,238.5271
179.9496,349.7662,-12.4327,264.6740,30.9777,166.5286,223.3600,251.6208
202.4610,344.2201,-14.8230,294.4604,7.9465,195.0336,225.2305,244.7932
178.7515,350.9507,-18.2610,254.2355,27.4390,161.1428,224.4515,257.8580
205.7149,343.5418,-17.3298,300.2166,2.1829,199.7622,225.2276,243.0874
207.5000,340.5000,-14.4814,306.4737,0.9194,206.0023,222.9007,240.0286
212.9000,340.7000,-13.4800,308.3600,0.8600,207.9800,227.2400,240.3200
178.5604,350.6915,-17.9446,248.5088,30.2406,155.8451,226.7456,258.0277
211.8552,338.1946,-12.0072,311.0597,0.3403,209.1927,224.2027,236.3276
175.3113,352.8396,-17.5944,245.6698,34.0566,152.6982,226.9623,259.8680
206.6216,342.2703,-15.2162,305.2973,1.7297,203.6217,223.5676,240.5946
210.8617,338.6320,-12.0195,311.4099,0.4024,209.7056,223.2836,236.9278
203.9170,343.1094,-17.3660,301.6188,1.6075,200.4264,222.8906,241.9169
203.3126,343.4827,-18.3045,299.7425,1.8122,197.8182,223.4292,241.5584
200.3530,346.5882,-22.0000,291.0000,3.2941,189.8235,225.6470,245.4117
179.2000,352.6000,-23.2000,251.4000,24.0000,157.0000,226.4000,258.2000
180.3041,353.9353,-24.8602,254.4617,21.2008,159.4609,226.3651,258.9346
177.4216,352.9025,-28.7372,246.8780,19.1156,153.8309,225.2744,259.8554
190.1506,349.2633,-27.6336,274.5491,5.5182,177.9150,223.3024,252.6293
184.1718,349.9670,-29.1200,260.1600,10.4847,166.0988,223.7765,255.9059
190.9001,348.6736,-27.9688,274.2283,4.8426,177.7628,223.7115,252.2081
191.0332,348.8637,-27.7208,273.9882,5.2991,177.5185,224.0531,252.3940
190.8159,349.4575,-27.9266,274.5457,5.3032,177.5148,224.0457,252.4266
192.1974,349.8704,-27.8616,276.0045,4.9534,178.2430,225.0124,252.1090
191.6218,350.3362,-27.7970,275.4956,5.5850,177.6259,225.0037,252.4664
192.5893,350.0761,-27.6244,274.6182,5.7192,177.3094,225.9329,252.7672
193.9968,349.4775,-27.8629,274.9960,4.7541,177.8389,226.6139,252.3204
184.9674,350.2219,-28.5385,262.3077,10.5414,167.3994,224.0473,255.3136
177.1605,350.9637,-27.8692,251.3778,17.0898,158.8151,222.1195,258.4009
177.6000,352.8000,-28.4000,249.8000,18.0000,157.0000,224.0000,260.0000
178.7822,351.3979,-27.8983,254.5164,15.5164,161.8983,222.1970,258.7798
184.1035,350.2413,-28.1379,265.3448,9.6552,170.8621,221.8965,255.7586
187.6575,350.2466,-27.6849,269.4932,8.2740,173.6028,223.6164,254.3562
178.1079,351.3103,-28.2799,251.4452,15.9359,160.0657,222.3238,259.9308
185.0274,349.2603,-27.5754,269.5342,8.1781,174.1918,220.7808,253.9178
183.9169,349.3566,-26.2440,267.6274,10.7828,172.4156,220.9437,254.1448
181.4828,349.7931,-23.0000,268.0000,15.0690,172.8276,219.5517,254.6207
181.6093,350.7667,-20.1721,266.3000,19.9034,170.5642,221.6848,255.0308
180.8966,351.2414,-18.6034,265.7414,22.4138,170.0345,221.9138,255.5345
180.8022,350.1602,-20.9584,264.8631,19.1067,170.0939,220.8672,255.3910
178.7729,349.1732,-20.4191,264.8997,19.8130,169.8056,219.0050,254.0791
175.7732,350.0103,-19.9072,263.0413,22.0309,168.6804,217.7113,255.6495
175.4419,349.4379,-20.1107,263.5855,21.3835,169.0708,216.9361,254.9232
177.1858,347.5040,-19.5532,263.8899,20.3145,170.0836,217.0535,253.6978
177.9049,348.6459,-17.8721,262.9934,22.8656,169.8787,218.6426,255.5312
174.4796,347.8952,-18.8216,262.5205,22.4537,169.0671,215.7549,254.4418
175.2250,348.8258,-19.4636,263.5490,21.4360,170.1744,216.1246,255.4513
175.5045,347.8011,-18.8350,263.3749,21.5777,170.3493,215.9172,254.7755
174.0115,348.5297,-18.4744,263.3310,22.8022,170.0764,215.2881,255.2751
174.2268,347.9897,-19.3196,261.9691,22.0000,169.0000,215.5464,255.0206
173.1642,348.3887,-17.7029,262.7239,24.2162,169.3254,215.0832,254.9901
174.5530,347.8634,-18.3695,261.9526,23.1938,168.6175,216.1163,254.5284
174.0002,349.6203,-18.3810,263.1233,24.1687,168.4867,216.5500,254.9837
175.0890,348.9054,-16.9899,264.2092,24.7957,169.4454,216.8746,254.1416
173.9794,349.5464,-18.6392,263.9382,23.5464,169.0207,216.1649,254.6289
172.9411,348.0229,-17.8469,264.2623,23.6743,169.6863,214.4623,253.4469
173.0066,348.6889,-8.9999,267.4629,32.9833,173.3893,214.9899,254.6153
180.6871,349.7940,9.0405,284.4937,46.0020,187.3377,217.6486,252.6380
193.8137,343.2945,24.4559,308.0117,46.0532,204.3444,215.4110,239.6273
167.8000,352.4000,24.6000,280.8000,74.2000,181.6000,217.4000,253.2000
177.1555,349.1716,37.0161,294.6729,75.8820,194.7319,216.0215,249.2306
180.1035,350.2414,43.3793,295.5518,83.4483,195.3794,220.1724,250.0690
141.2118,357.3385,43.9629,282.9716,118.1878,185.9084,215.4367,260.2752
144.0023,356.4134,43.5728,285.5219,112.9954,187.1732,213.4250,258.0647
163.5434,351.2588,45.7726,295.1774,94.1276,193.6321,211.8983,249.7135
167.1228,349.1893,46.3095,297.0200,89.5289,196.9330,210.3422,249.1023
169.2388,348.2628,49.5987,298.1809,91.3392,198.4676,210.9793,248.5495
169.0000,348.0000,48.6387,295.5348,91.2889,197.6900,211.6503,250.1552
160.2226,347.2373,48.0511,294.8905,93.6788,197.1168,205.8504,249.4635
169.4483,344.3793,50.3103,296.7241,88.6552,200.8621,207.7931,248.5172
166.2420,340.8193,50.0232,299.4971,84.3029,203.0855,200.5217,244.4077
156.6000,346.8000,49.4000,293.2000,96.2000,199.6000,203.4000,253.2000
154.8535,345.5233,50.5847,294.7980,96.0791,201.2817,200.3479,252.0071
156.4249,343.8470,52.0652,294.7365,96.0765,201.2124,200.4362,250.3229
149.9793,346.3213,49.8756,287.9275,102.6839,197.3990,202.7876,255.7928
150.8329,345.7840,52.3290,287.8406,105.0283,198.2519,203.5321,256.1953
144.9568,347.9422,51.4055,282.9761,111.0880,197.0333,204.6393,261.9995
145.2910,348.3342,53.2679,282.1925,113.6929,198.1230,205.7160,264.2646
130.4287,350.8457,53.4166,271.7522,128.5791,198.5677,205.5912,277.6612
128.6833,350.6516,53.8869,268.3756,130.9864,198.2851,205.7828,280.5611
124.2199,352.4930,52.4618,266.9352,133.3610,199.0843,205.1191,284.6420
152.0000,352.0000,50.0000,301.0000,100.6000,199.8000,202.6000,250.8000
125.5000,356.5000,47.0000,278.0000,139.5000,185.5000,218.0000,264.0000
112.7832,353.1362,49.9857,253.1253,166.4426,180.0012,229.2401,280.0120
130.7392,352.7618,45.7578,275.1701,133.4382,179.1392,218.4196,256.7309
194.4305,338.9573,55.0311,300.0552,81.8430,203.9794,221.2423,242.8816
149.9805,346.4468,49.6905,281.3938,112.9666,183.8432,213.2566,248.8961
195.1779,340.5654,56.1417,298.5312,85.0664,202.8573,224.1026,244.8914
75.6769,334.4154,62.2308,226.8462,202.1692,209.3539,215.6154,316.9231
127.4147,354.6844,43.3816,275.5945,133.3633,179.9890,217.3963,259.0789
168.2000,351.4000,47.0000,311.0000,83.7000,200.9000,204.9000,241.3000
123.0106,353.3593,47.4899,265.5087,149.1920,178.0805,224.7128,265.9312
129.0000,353.0000,45.5000,269.5000,135.5000,179.5000,219.0000,263.0000
134.5792,355.1547,44.4359,272.4002,132.0987,176.9103,222.2421,259.6649
144.4276,352.5638,44.5796,276.4892,117.5323,180.7389,217.3802,256.8135
121.4353,355.3412,45.3412,266.5647,148.6118,178.0470,224.7059,266.8235
127.4466,356.2515,48.4858,269.1223,147.5228,179.3700,226.4836,266.4992
142.1165,359.7776,49.0024,271.0975,138.0868,177.5589,231.2009,266.2390
133.0589,361.2353,51.7412,266.3647,158.8824,174.5294,240.2000,269.4000
122.1100,361.7690,49.0488,264.7534,172.5577,171.7405,245.6189,268.7562
121.9261,363.1245,49.9447,264.4403,177.1875,171.6280,249.1689,270.3122
124.0400,363.7200,49.2800,264.0400,174.5600,170.0800,249.3200,269.7600
127.4357,364.6889,50.0126,263.8043,174.7975,168.0392,252.2205,268.9237
150.0000,366.0000,51.0000,267.0000,151.5000,166.5000,250.5000,265.5000
144.6931,366.4669,51.1544,264.9105,159.0038,165.5755,252.5425,267.1319
154.5000,366.5000,54.0000,266.0000,153.0000,167.0000,253.5000,267.5000
146.4027,367.5430,52.6471,264.4118,160.7556,166.1313,254.5113,269.2625
156.0000,366.0000,54.5000,264.5000,153.0000,166.0000,254.5000,267.5000
158.0000,366.0000,56.0000,264.0000,153.5000,166.5000,255.5000,268.5000
158.5000,366.5000,56.5000,264.5000,154.0000,167.0000,256.0000,269.0000
161.9820,366.5435,57.4639,264.5745,152.3374,167.3292,256.8555,269.2981
162.4686,367.7733,55.4653,264.5916,149.3139,167.2670,256.3172,270.4488
162.4688,366.9695,56.9759,264.0497,150.8497,167.8290,256.3426,270.7488
164.6000,367.6658,56.9438,264.0979,150.1082,167.2560,257.7643,270.8239
165.0993,366.9725,56.4531,263.6261,149.0934,166.2351,257.7395,269.5815
165.0591,368.1310,56.4633,263.5573,150.1929,166.2228,258.7886,270.7964
99.6638,363.2197,54.8467,253.8661,213.4804,188.8523,258.2975,298.2059
167.4828,367.9478,56.6648,263.8054,148.2770,166.3206,259.0951,270.4629
101.1959,366.6907,51.7526,255.4433,209.2062,185.4639,258.6495,296.7114
93.6310,362.4095,53.9049,252.6896,218.5761,193.0673,258.3022,302.7871
165.0000,371.0000,57.0000,263.0000,153.5000,166.5000,261.5000,274.5000
166.5359,371.2167,56.0130,262.0754,148.4245,168.4942,258.9474,277.6356
169.0000,375.0000,56.0000,262.0000,145.0000,173.0000,258.0000,286.0000
180.5000,385.5000,55.5000,260.5000,138.0000,178.0000,263.0000,303.0000
175.2387,388.9576,56.6997,260.4214,143.8656,180.0350,262.4046,308.5713
176.6260,388.2722,57.4159,256.1357,143.4715,178.4985,262.6816,310.6350
173.6521,387.0450,58.1113,254.3870,147.3142,176.6941,262.8550,309.3521
178.5249,386.3044,57.3344,256.1369,143.5401,175.8764,264.7306,306.0439
174.2588,387.6353,59.2000,253.4000,147.8118,177.4471,262.8706,311.6823
174.4322,386.8944,60.8422,252.9164,148.9214,178.2406,262.5114,312.2186
174.6973,387.6773,60.8530,251.6556,150.2515,176.8330,264.0957,312.8546
183.0497,392.9795,60.9393,251.8390,150.3827,174.4554,272.4931,315.5959
83.8138,359.5606,61.5432,238.6631,247.8272,204.3476,270.0978,325.2451
78.9605,353.5679,61.7941,238.1711,255.5962,209.3411,272.7626,324.7378
75.9289,352.4634,58.1463,237.5607,254.7819,207.1290,272.5644,322.0317
215.1713,389.5389,53.3605,261.9573,123.0839,173.5276,284.8947,301.1092
64.0000,332.0000,64.0000,225.0000,270.0000,225.0000,270.0000,332.0000
270.3401,331.4764,59.2522,323.9376,62.9491,220.4268,274.0370,227.9656
56.9839,334.3461,54.3194,226.4366,265.5487,221.2210,268.2131,329.1305
264.5436,332.5609,50.1540,324.0981,54.2337,220.7460,268.6234,229.2088
264.1200,335.4809,51.2641,330.8536,53.6193,222.5135,266.4752,227.1408
212.0355,383.5474,51.1261,252.4361,122.5490,164.7807,283.4584,295.8920
261.5919,333.1559,52.2745,325.4979,56.0970,221.0158,265.4144,228.6737
260.2743,344.5137,54.3890,334.2195,60.1122,219.7557,265.9975,230.0499
190.4062,385.8492,52.9908,243.5262,140.6868,158.8542,278.1022,301.1772
46.0000,337.0000,46.0000,226.0000,275.0000,226.0000,275.0000,337.0000
272.9768,330.2879,45.5551,326.1902,47.3659,225.6913,274.7876,229.7890
51.5219,346.8573,43.5356,236.8241,264.4364,220.7909,272.4227,330.8242
45.1533,337.6716,42.4307,236.9343,270.5343,230.7693,273.2569,331.5066
47.3628,346.4424,40.2611,239.9159,269.3098,224.6460,276.4116,331.1725
59.6706,354.6256,43.9838,251.0934,264.0233,217.7541,279.7100,321.2863
53.9884,352.9248,38.5549,252.6069,265.1156,217.7514,280.5491,318.0693
57.8899,364.9856,32.8241,266.8109,258.2363,209.2588,283.3022,307.4335
50.5145,360.8480,31.9157,264.4724,267.1718,219.0721,285.7706,315.4478
53.2918,364.8860,32.6764,266.9629,266.4218,217.7533,287.0371,315.6764
57.4093,360.2876,36.6601,267.7141,264.4903,216.6487,285.2395,309.2222
58.4494,362.7396,36.5723,266.8168,263.1714,215.1364,285.0485,311.0591
59.3154,360.5667,38.9220,265.7372,264.2330,217.2833,284.6263,312.1127
47.4978,353.7336,34.8253,258.6899,270.4367,227.2751,283.1092,322.3187
48.2973,358.7838,32.2432,262.4595,265.4324,223.5946,281.4865,319.9189
56.6000,364.2000,36.8802,264.0842,262.6804,219.6085,282.4002,319.7242
56.0091,358.1761,38.9023,261.9507,266.4873,221.4911,283.5941,317.7166
58.2835,360.8589,39.7317,261.0322,261.6257,219.7953,280.1775,319.6219
57.2800,352.9600,43.0400,253.2800,266.9000,221.3000,281.1400,320.9800
58.4503,353.1929,44.3533,253.2322,268.9002,221.5653,282.9973,321.5260
56.1157,348.8376,43.8458,249.4511,268.3013,221.7406,280.5712,321.1270
53.8655,347.2849,43.3022,247.5210,269.4492,223.5760,280.0125,323.3399
56.8447,349.0645,45.1398,248.4024,269.9835,222.2578,281.6884,322.9200
57.7551,346.8507,46.3023,246.3200,275.4423,220.2155,286.8951,320.7462
54.7736,339.2076,46.7293,239.9949,275.3882,221.4550,283.4325,320.6677
61.2528,339.3412,51.6335,240.7430,276.6865,218.7866,286.3058,317.3848
57.7990,330.1750,53.7487,232.9688,287.5511,223.2270,291.6014,320.4333
56.0511,331.6414,54.3815,228.9613,292.4649,225.0900,294.1345,327.7702
65.0379,344.0814,53.1829,240.3505,284.1942,213.9492,296.0491,317.6801
56.0000,334.0000,56.0000,226.0000,303.0000,226.0000,303.0000,334.0000
57.5890,334.8558,56.6881,224.9534,306.8189,222.9031,307.7197,332.8055
67.0799,346.5348,55.1415,236.7020,306.5838,209.3713,318.5222,319.2041
68.0165,345.1691,57.2776,235.0949,304.9930,210.9275,315.7319,321.0018
61.0000,329.0000,61.0000,222.0000,315.0000,222.0000,315.0000,329.0000
314.3425,328.3304,63.3541,326.0487,64.3109,220.7938,315.2993,223.0754
312.2137,332.2302,62.4452,322.9794,66.3945,216.3480,316.1630,225.5987
66.0000,328.0000,66.0000,222.0000,315.9999,222.0000,315.9999,328.0000
65.0000,324.0000,65.0000,223.0000,318.0000,223.0000,318.0000,324.0000
67.5393,320.8331,63.0881,226.4676,294.0459,215.5734,298.4971,309.9388
66.5410,338.9509,56.6803,230.4836,278.3934,210.3279,288.2541,318.7951
63.3960,332.9604,53.3267,232.2673,277.8812,209.8119,287.9505,310.5049
61.9468,331.8332,55.3165,227.9585,278.9161,213.6862,285.5464,317.5609
73.0000,326.0000,73.0000,220.0000,284.0000,220.0000,284.0000,326.0000
79.0869,336.1148,72.7330,230.2160,284.2116,217.5273,290.5656,323.4261
95.0000,324.0000,95.0000,223.0000,290.0000,223.0000,290.0000,324.0000
109.3486,332.8883,105.1589,226.0526,294.3386,218.6338,298.5282,325.4695
301.7779,332.2141,112.3133,328.7693,114.2617,221.6047,303.7264,225.0496
117.0000,326.0000,117.0000,224.0000,305.0000,224.0000,305.0000,326.0000
124.0000,323.0000,124.0000,223.0000,316.0000,223.0000,316.0000,323.0000
318.1326,328.5170,125.8679,319.9719,130.4564,216.7314,322.7211,225.2765
323.0339,323.6385,131.0118,317.3081,134.2445,219.2498,326.2666,225.5802
323.8874,337.9396,128.8752,332.3679,132.1020,219.4315,327.1142,225.0032
327.4196,340.1204,128.2957,335.6954,130.8588,220.3524,329.9827,224.7774
336.1880,338.7802,132.0462,336.2599,133.4742,220.5861,337.6160,223.1064
133.0000,335.0000,133.0000,221.0000,344.0000,221.0000,344.0000,335.0000
341.1132,345.3962,131.5528,336.2849,136.7434,216.9019,346.3038,226.0132
312.8051,350.2510,129.9572,273.0486,172.7032,171.8081,355.5511,249.0105
290.6007,361.6318,133.6128,255.0206,203.2094,152.5377,360.1974,259.1489
143.8970,325.8044,139.6590,225.1512,354.1945,216.1181,358.4325,316.7713
148.7208,338.0914,140.9137,228.7919,359.7259,213.1624,367.5330,322.4619
155.7207,340.9258,142.4564,231.8634,383.6721,202.5264,396.9365,311.5888
352.8248,374.5183,138.8285,274.6533,190.9708,162.9197,404.9672,262.7847
157.2938,344.0661,143.5556,231.8707,399.3529,200.5486,413.0911,312.7440
353.6442,386.9473,135.7680,285.6809,193.4669,161.5409,411.3430,262.8073
308.6821,395.2088,143.8213,253.0873,253.5928,125.7524,418.4536,267.8738
160.1824,338.3705,151.3294,223.2823,412.1705,203.2177,421.0235,318.3058
163.2210,349.5150,151.1007,225.2828,412.2492,199.8049,424.3695,324.0371
376.4888,393.9833,137.2177,295.9687,191.0091,164.6544,430.2802,262.6690
174.1693,371.3539,156.2154,227.7231,415.2923,195.3384,433.2462,338.9692
181.0977,374.7150,156.7595,232.1630,413.0450,188.4070,437.3832,330.9589
184.7503,375.9661,158.0338,234.7504,412.4676,186.6143,439.1841,327.8300
217.5139,384.6194,153.6627,248.3399,371.8842,146.0962,435.7355,282.3757
209.5327,378.1912,156.6797,248.9947,385.0124,155.5859,437.8655,284.7823
237.7230,383.3766,166.0720,253.9019,369.4334,141.3621,441.0845,270.8368
309.2904,389.6424,172.0038,259.1522,307.5172,116.5808,444.8038,247.0710
196.6300,373.3914,174.3351,231.2612,430.2728,191.1141,452.5677,333.2443
255.1305,379.7614,181.4173,253.8818,385.2035,134.5475,458.9168,260.4272
261.1150,382.7605,181.4687,257.0032,383.7605,128.8850,463.4068,254.6424
245.8551,366.7747,191.9440,249.1506,411.8006,148.3831,465.7117,266.0071
227.7298,368.6216,189.7838,245.2973,430.5298,171.2216,468.4757,294.5460
255.0205,369.2587,194.6073,247.1190,405.7730,142.6714,466.1862,264.8112
206.2571,316.2564,200.9781,218.5958,445.9919,205.3518,451.2709,303.0124
205.9699,315.0224,200.9683,218.9913,448.7025,206.0884,453.7041,302.1196
206.7531,313.0623,202.0449,218.8978,446.8828,206.6559,451.5911,300.8204
206.6210,312.5651,202.1778,218.3690,449.9472,206.6817,454.3905,300.8778
208.6290,314.2603,204.1663,218.7586,447.9890,207.3651,452.4517,302.8668
211.5364,317.0978,205.7008,221.2269,446.6948,206.5577,452.5304,302.4286
209.4826,314.1270,205.0286,218.8117,451.8914,207.2761,456.3454,302.5913
211.3964,312.6787,207.1713,218.0370,457.4136,206.8655,461.6387,301.5072
211.9207,312.3001,208.4923,217.1624,460.5344,208.0799,463.9628,303.2176
212.4148,313.5746,208.1933,218.1684,461.3348,206.9675,465.5563,302.3736
215.3648,312.4440,211.1855,217.9918,460.3348,206.9675,464.5142,301.4197
215.7995,314.5227,211.0107,219.5457,462.1370,206.8839,466.9258,301.8609
219.6539,312.7919,215.2478,218.5025,462.9685,206.9267,467.3746,301.2162
220.9030,313.4797,216.1493,219.3561,462.9843,206.8897,467.7380,301.0132
219.8392,310.9487,216.5869,215.5481,461.4273,207.2013,464.6796,302.6018
221.7005,310.4156,218.7424,215.7581,461.4117,208.1747,464.3698,302.8322
222.9872,312.1593,219.4349,217.1333,464.2143,207.9826,467.7667,303.0087
222.4622,312.6761,218.1274,218.1776,462.9883,206.9455,467.3231,301.4439
223.0855,310.6600,219.3659,216.7380,465.1289,207.0048,468.8486,300.9268
227.3580,310.4056,223.1148,217.9030,465.1194,206.8018,469.3626,299.3044
223.9643,308.6609,222.1090,213.1144,462.6202,208.4443,464.4755,303.9908
224.2589,310.0505,220.1776,217.8151,465.0699,206.9792,469.1511,299.2145
224.0750,311.2568,220.3777,216.3619,462.3351,206.9350,466.0323,301.8299
225.3665,312.3870,221.3907,215.9736,466.0880,205.8830,470.0638,302.2964
225.7732,311.3770,222.6322,215.0555,465.3524,207.1407,468.4933,303.4622
227.8875,311.3675,224.6139,215.3427,464.3240,207.1707,467.5976,303.1955
223.3408,313.3002,220.8725,213.3365,465.4888,207.2966,467.9571,307.2603
223.0000,311.0000,223.0000,209.0000,465.0000,209.0000,465.0000,311.0000
230.5393,325.6629,220.5708,220.9933,463.1326,197.8921,473.1012,302.5618
226.1164,320.3753,222.4276,213.3991,462.5214,205.1200,466.2102,312.0963
227.2390,322.4387,223.3980,213.6095,463.4049,205.1387,467.2459,313.9678
227.9810,330.5797,220.2604,218.0802,462.9995,201.4216,470.7201,313.9211
227.5875,322.9764,221.6183,216.5261,466.0926,202.8172,472.0618,309.2676
226.0793,328.3483,219.4896,216.3241,462.2966,202.0414,468.8862,314.0656
227.3873,321.6815,221.7509,215.7154,457.6367,203.1683,463.2731,309.1344
227.5107,321.8951,221.6373,214.9980,462.4377,201.7672,468.3112,308.6642
229.9929,325.0281,222.0907,217.3604,461.0329,199.8233,468.9351,307.4910
227.7604,318.4887,223.2019,213.6434,462.6623,203.2321,467.2208,308.0774
222.0770,313.7739,219.9505,209.5724,460.8501,204.6561,462.9767,308.8576
223.6696,314.5823,222.3811,207.6339,462.8884,204.7363,464.1769,311.6846
233.8615,327.8923,220.7539,223.0308,461.2462,192.9692,474.3539,297.8308
228.3146,321.3495,224.4856,211.5878,462.6957,203.2781,466.5247,313.0399
224.2790,321.5885,222.0601,209.5335,458.8385,204.8448,461.0574,316.8998
227.8483,324.4207,221.4104,214.9759,462.3414,200.8034,468.7793,310.2483
224.7442,325.1466,218.5153,215.1029,460.4571,201.4081,466.6859,311.4518
241.0795,345.1375,218.1092,233.1571,454.7912,184.6069,477.7615,296.5874
245.5303,349.8528,220.1659,233.9012,455.4092,182.4418,480.7736,298.3933
228.0580,335.3409,219.8450,216.2521,461.2828,199.6012,469.4958,318.6900
236.0600,339.4200,219.7800,225.4600,459.3200,191.2400,475.6000,305.2000
240.1081,342.6486,220.8649,227.1892,457.4595,187.7567,476.7027,303.2162
236.0462,342.3006,218.0347,225.2254,458.6474,188.2081,476.6589,305.2833
228.6276,332.5311,218.8828,215.5931,462.8552,195.2621,472.6000,312.2000
228.8154,332.3931,217.6321,218.5272,463.6607,194.3637,474.8440,308.2296
227.8455,331.8321,216.4651,219.0632,464.5895,194.0231,475.9698,306.7921
229.7188,332.1827,217.1093,220.7989,461.6545,193.1146,474.2640,304.4984
229.8718,333.0593,217.1851,220.1477,460.4067,192.8195,473.0934,305.7311
225.8523,327.0756,215.6565,217.1865,462.6334,194.2711,472.8293,304.1602
243.1503,348.8322,214.6390,238.3512,456.7415,175.8732,485.2527,286.3541
227.7327,331.6533,216.3025,218.4947,464.3275,193.4417,475.7576,306.6003
226.8774,334.3995,215.2992,217.5649,464.5987,192.8596,476.1768,309.6942
227.1967,333.1639,216.6639,217.3033,464.6147,194.7623,475.1475,310.6229
250.4000,358.2000,213.0000,246.0000,453.6000,165.8000,491.0000,278.0000
224.8800,337.1600,208.7200,224.0400,462.2600,187.8200,478.4200,300.9400
249.0104,358.9321,212.3563,245.3044,456.3826,166.5862,493.0367,280.2139
251.9396,365.6577,208.4662,254.2571,449.1745,160.3221,492.6479,271.7228
250.8547,359.9927,212.0322,246.7604,456.8532,162.8218,495.6757,276.0541
272.9245,372.7358,214.8679,260.0377,442.0602,142.9993,500.1168,255.6974
223.1787,334.0866,213.5098,214.4335,474.8136,193.3181,484.4825,312.9711
241.0787,350.6611,213.1483,234.2844,470.0696,172.6233,498.0000,289.0000
466.4424,329.5983,216.3282,317.5735,222.5892,187.3456,472.7034,199.3704
229.0000,312.0000,229.0000,195.0000,483.0000,195.0000,483.0000,312.0000
487.2876,342.3859,221.6382,330.3792,228.2469,184.1637,493.8962,196.1704
485.1377,316.4980,217.9616,311.5956,220.1490,192.3789,487.3252,197.2812
491.0300,324.7211,231.9771,319.8940,234.4030,189.7031,493.4559,194.5302
223.1364,324.9451,218.3503,204.0950,495.1340,193.1333,499.9202,313.9833
230.8487,323.0735,226.6639,200.6696,492.3022,191.5880,496.4869,313.9919
220.8872,320.3507,218.6644,199.2080,493.6727,194.1620,495.8955,315.3047
233.5175,325.1482,230.1329,199.9153,495.2635,192.7496,498.6482,317.9825
264.2224,371.0499,208.9314,248.1809,455.3347,137.2994,510.6258,260.1684
268.0347,368.1164,209.9438,249.2941,450.3683,131.7532,508.4592,250.5755
256.3073,363.2554,204.9197,246.2060,459.9172,134.2559,511.3047,251.3052
249.1115,361.1738,202.7099,242.5918,458.9902,142.3082,505.3918,260.8901
234.5210,331.1885,213.1331,212.0274,481.4631,163.8656,502.8510,283.0267
231.5280,337.9040,209.5760,217.1680,473.1360,169.2480,495.0880,289.9840
236.1191,343.5851,207.6329,222.8036,467.3467,161.5504,495.8329,282.3319
241.8672,346.5021,210.3984,228.4938,463.8423,160.9088,495.3112,278.9171
238.8808,342.8217,209.4409,222.7975,464.6702,160.1941,494.1101,280.2182
243.6637,346.3342,211.6405,228.5346,464.1727,159.8851,496.1959,277.6846
240.5927,341.6470,211.4409,222.7975,466.1897,160.3120,495.3415,279.1615
242.4534,341.5115,213.1558,223.1495,467.6150,160.1646,496.9125,278.5266
246.0540,343.4523,214.9337,226.7511,467.3818,159.4316,498.5021,276.1328
244.9928,343.9726,214.1003,227.2676,467.8771,160.0913,498.7696,276.7963
245.5946,342.9120,215.5002,225.0425,466.8194,160.8759,496.9138,278.7454
252.2490,343.9337,220.6805,225.5519,456.1369,162.7635,487.7054,281.1453
256.2453,346.3585,222.4339,228.0189,452.5094,162.2830,486.3207,280.6226
257.7568,345.7136,223.7227,227.2751,453.0825,161.3671,487.1165,279.8056
254.1626,348.7601,218.8977,230.3709,453.2919,160.5514,488.5568,278.9406
253.9056,350.7340,216.8788,233.6812,451.9860,159.3106,489.0129,276.3633
253.2455,351.2185,215.9447,234.1715,452.1836,158.8866,489.4843,275.9336
254.6086,353.9218,215.2504,238.5616,450.3441,158.3532,489.7022,273.7134
255.8413,355.9416,215.3850,242.4030,451.0907,158.4159,491.5470,271.9545
256.1793,355.8902,215.8139,242.6066,451.2034,158.7321,491.5688,272.0157
256.0005,355.5175,215.1582,243.5305,449.3080,158.1347,490.1503,270.1217
256.7102,353.7475,217.0995,242.3424,451.9636,158.8351,491.5743,270.2402
256.2625,353.6488,216.4815,241.5388,454.9409,156.9242,494.7218,269.0342
255.9539,352.5089,216.6647,242.1648,455.9361,156.9697,495.2253,267.3137
259.2437,354.9100,218.5372,244.6632,454.3162,157.6063,495.0227,267.8531
257.5544,354.2383,217.7606,243.5079,456.8231,157.5948,496.6169,268.3252
258.6785,355.5994,217.5887,244.5696,455.8540,156.3926,496.9438,267.4224
255.3669,356.7012,214.5095,245.4301,454.5930,157.2745,495.4503,268.5456
257.6337,357.6634,215.7327,247.6733,452.4713,157.4871,494.3723,267.4772
255.9754,356.0847,214.9657,247.4091,453.4905,157.3998,494.5001,266.0754
256.2866,356.1766,215.6071,248.0286,455.3074,157.8660,495.9869,266.0141
257.3474,357.6298,215.5793,249.6439,453.1089,157.7692,494.8770,265.7551
257.9690,356.3835,216.7928,248.1763,454.2257,157.8257,495.4019,266.0329
259.3288,354.8767,218.4795,245.9452,454.5343,157.4247,495.3836,266.3562
259.1416,355.9850,217.8846,247.3695,453.0748,158.0336,494.3319,266.6492
258.9639,356.7062,217.3918,248.6185,452.4639,158.2062,494.0361,266.2938
256.8346,357.0468,215.7309,249.8198,452.4323,159.0843,493.5360,266.3112
258.8832,356.3565,217.2973,248.4101,451.4548,158.2019,493.0407,266.1483
261.5699,358.9487,217.6053,251.4796,450.3770,156.2548,494.3416,263.7239
265.0291,360.1037,219.7483,252.3667,449.1037,155.9709,494.3845,263.7080
260.0270,359.9348,215.5564,252.6253,450.1888,155.3903,494.6593,262.6997
262.0876,359.0808,217.9961,252.6863,451.0677,156.0981,495.1591,262.4926
261.1740,359.9343,216.9182,253.5776,451.9200,155.7917,496.1758,262.1483
261.2414,357.1035,218.2759,249.6897,451.3793,156.4483,494.3448,263.8621
260.6960,356.7016,218.1642,249.1211,451.2451,156.9729,493.7769,264.5533
260.4208,358.3038,217.2274,251.2591,450.5984,157.0919,493.7919,264.1366
257.7999,358.8594,215.0766,251.5966,450.5427,157.8093,493.2661,265.0720
260.9989,359.2148,217.1389,252.4251,450.6887,156.5029,494.5487,263.2925
262.7179,358.5508,219.3940,251.1436,450.3473,157.9860,493.6712,265.3932
258.8171,360.3174,215.0793,251.8840,448.6271,157.6798,492.3650,266.1133
262.9949,356.9442,220.9877,248.7982,448.6975,160.3489,490.7047,268.4949
262.0438,355.5922,220.3472,248.8487,447.9058,159.9587,489.6024,266.7021
264.3636,358.0087,220.3811,252.2814,450.6310,156.4975,494.6135,262.2247
267.7044,355.7588,224.2749,249.6906,450.5187,157.0553,493.9482,263.1236
277.2468,369.7202,224.0144,253.5768,446.4878,151.6098,499.7202,267.7532
272.7554,370.9688,223.5825,249.7926,449.5715,158.0869,498.7444,279.2631
266.1165,357.6255,223.2265,249.9801,450.2284,159.5340,493.1183,267.1794
267.6326,357.4236,223.8169,251.6616,451.7162,157.2462,495.5320,263.0082
266.6496,357.1433,223.4336,251.5044,449.5080,159.0194,492.7239,264.6584
270.3879,369.3596,222.0932,251.2100,449.7490,158.1537,498.0437,276.3033
265.7989,357.4153,222.4330,250.9718,449.3282,158.5330,492.6941,264.9765
265.5530,356.9675,222.7153,251.0416,448.4510,159.7514,491.2887,265.6774
265.7018,356.8956,222.2363,250.5603,447.8282,158.3476,491.2937,264.6829
266.5893,357.9148,222.2659,252.1606,450.7233,156.4101,495.0468,262.1642
263.9659,360.2507,219.6594,252.7664,450.3335,157.6794,494.6400,265.1637
264.1183,359.7160,220.3373,253.3906,451.0444,158.3935,494.8254,264.7189
265.1717,358.9752,221.3982,251.9734,451.9505,157.6566,495.7239,264.6584
270.0533,364.7278,222.9527,251.6864,450.8817,156.7160,497.9823,269.7574
267.5103,356.7706,224.1150,249.5107,451.1904,157.6405,494.5857,264.9005
265.7184,358.9374,221.6426,251.6585,452.0651,156.9887,496.1409,264.2677
263.6786,357.5265,221.0894,250.6362,449.8174,159.5024,492.4065,266.3927
265.9734,359.3639,221.9024,252.3343,449.1894,158.7455,493.2603,265.7751
265.3648,358.3752,222.0330,250.7225,449.1047,159.3226,492.4366,266.9752
266.0603,358.0073,222.3168,250.6989,450.4023,157.7214,494.1459,265.0297
268.7776,360.0034,223.5517,251.7844,449.1891,157.4882,494.4150,265.7072
267.0977,358.8811,223.5269,251.0256,449.8049,159.6152,493.3757,267.4708
266.0823,359.8230,221.7711,253.1991,451.8408,157.5857,496.1520,264.2096
267.9506,360.7576,222.9435,253.8659,450.5412,158.0353,495.5483,264.9271
268.5554,358.1682,225.0947,251.6193,451.9553,159.0840,495.4161,265.6329
269.5390,357.1816,225.7954,249.8732,455.8801,156.0808,499.6236,263.3892
265.7104,355.1832,224.7220,248.4427,455.1518,159.9577,496.1401,266.6982
256.5786,349.1309,223.6927,243.2546,457.9417,170.4954,490.8276,276.3718
248.7535,340.3844,223.8854,234.4248,462.3524,178.4581,487.2204,284.4176
246.4127,335.8085,225.2980,229.0620,469.7871,180.7015,490.9018,287.4480
250.5882,342.3530,223.8824,235.5294,466.9412,174.7647,493.6470,281.5883
290.4184,368.0772,227.9525,257.0267,439.9881,137.7567,502.4540,248.8072
252.8824,343.5294,226.2354,236.9412,468.8235,176.2942,495.4706,282.8824
294.1834,370.9398,230.4685,258.2135,440.0717,139.7422,503.7866,252.4685
299.3870,367.0202,233.9776,256.8570,436.6751,136.5054,502.0845,246.6686
255.6718,356.4701,230.2879,230.7592,467.5469,182.8511,492.9308,308.5621
306.3539,377.3692,236.6308,255.3539,440.0616,139.1077,509.7846,261.1231
268.7647,370.0588,235.1177,235.4706,467.8235,177.2941,501.4706,311.8823
339.6501,371.6678,242.2443,257.7780,406.1903,117.5610,503.5960,231.4508
330.2010,370.6980,243.1686,256.9944,417.0870,123.8717,504.1194,237.5753
338.9268,369.6585,247.9024,255.8781,414.6098,122.5122,505.6342,236.2927
338.1290,370.4739,248.1501,255.3539,416.2350,123.9772,506.2139,239.0972
277.6681,339.9141,248.0981,235.0749,477.8466,170.2740,507.4166,275.1133
323.8495,366.6648,248.7006,250.9182,436.8624,128.7535,512.0113,244.5001
327.0974,369.5207,248.9248,249.1876,439.6314,125.2979,517.8041,245.6310
324.6800,369.0137,249.1889,245.8915,445.4239,125.5723,520.9149,248.6945
325.3295,370.3741,248.5618,244.8363,448.0765,122.8309,524.8442,248.3687
330.9664,366.5690,256.3115,238.8461,451.8666,124.5428,526.5215,252.2656
335.0477,365.8791,258.0848,238.2113,449.8700,122.5961,526.8328,250.2639
284.7148,329.5377,260.2033,225.3640,502.6065,168.3279,527.1180,272.5016
274.9432,320.0742,261.0480,215.8603,512.4454,182.3406,526.3406,286.5546
294.6700,344.7884,258.8816,231.4585,492.5768,157.6600,528.3652,270.9899
500.5549,333.2227,263.7900,286.4048,287.2183,167.9245,523.9832,214.7424
507.4425,333.9241,286.6804,313.1464,298.4384,188.2177,519.2004,208.9954
516.0502,330.8576,293.0874,322.8229,297.4817,200.8822,520.4445,208.9169
504.9597,342.4155,278.2763,320.4783,290.3629,195.5835,517.0464,217.5206
302.5083,340.4644,290.9737,216.4676,514.8734,195.6397,526.4080,319.6365
510.9462,332.5663,288.5821,311.3888,299.6876,194.7798,522.0518,215.9573
306.0863,337.2081,297.5178,217.2487,518.1777,201.4873,526.7462,321.4467
303.0000,323.0000,303.0000,209.0000,528.0000,209.0000,528.0000,323.0000
314.5346,330.3466,303.4455,219.4555,533.8416,196.4158,544.9307,307.3069
539.6104,349.1009,300.6168,305.8545,322.3101,185.9704,561.3036,229.2168
329.9229,338.0569,309.8863,222.8459,547.0605,181.5982,567.0973,296.8091
346.2981,327.1523,323.4243,221.6791,547.3506,173.1168,570.2242,278.5899
336.0000,322.0000,336.0000,201.0000,555.0000,201.0000,555.0000,322.0000
342.4379,328.7956,329.1503,213.6365,553.6993,187.7270,566.9869,302.8861
344.2195,316.6832,333.2173,213.5368,556.6749,189.7014,567.6771,292.8478
350.8615,321.8923,337.2462,212.9693,554.2308,185.8462,567.8462,294.7692
350.3069,314.2172,343.9586,206.2966,559.5656,193.6138,565.9138,301.5345
351.1242,319.7064,343.9343,206.4644,559.9839,192.7470,567.1739,305.9889
351.0000,321.0000,351.0000,201.0000,564.0000,201.0000,564.0000,321.0000
352.0000,310.0000,352.0000,201.0000,565.0000,201.0000,565.0000,310.0000
353.0000,304.0000,353.0000,202.0000,568.0000,202.0000,568.0000,304.0000
358.5544,314.5446,348.0396,209.3961,563.4852,187.8515,574.0000,293.0000
363.5914,310.8687,354.1666,210.9654,564.8387,191.0907,574.2636,290.9940
367.2345,314.5507,357.0950,211.4660,564.6282,191.0529,574.7676,294.1376
369.6262,313.8849,357.6641,214.2003,564.6830,189.3580,576.6451,289.0426
387.5823,332.0405,358.9390,225.1056,549.3823,174.0941,578.0256,281.0289
390.8722,343.2365,367.9788,234.0528,556.5898,194.5053,579.4832,303.6890
406.7699,352.6294,372.2266,245.0137,548.2060,188.5265,582.7493,296.1422
416.7740,357.8405,376.6305,249.8682,545.7638,186.9853,585.9073,294.9576
432.4879,370.6598,383.1150,257.5135,542.2499,188.0727,591.6229,301.2191
457.8731,377.5012,392.8173,268.3004,529.3418,186.9666,594.3976,296.1674
439.2929,366.5840,409.2673,260.1297,572.3215,214.1401,602.3471,320.5944
504.0357,386.9744,422.8246,273.5851,530.9172,196.1674,612.1284,309.5566
467.8620,380.2201,433.3486,262.0779,581.5231,218.7909,616.0366,336.9331
608.3190,331.8950,445.0194,321.6887,450.7082,230.6693,614.0078,240.8755
453.0072,330.4236,451.4690,239.6700,609.6100,236.9897,611.1482,327.7432
621.2623,323.5066,470.7064,319.7427,472.7507,237.9688,623.3066,241.7327
561.6506,367.4191,473.8876,261.1798,535.9360,209.9225,623.6989,316.1618
585.0135,343.0868,476.6008,263.8621,516.3414,209.4803,624.7542,288.7050
589.6926,343.5270,476.2034,262.7380,515.0004,208.2375,628.4896,289.0265
594.3495,342.6666,486.4639,271.3229,524.3397,214.0472,632.2253,285.3909
593.6694,349.5900,494.0476,275.3264,532.1377,224.2300,631.7595,298.4935
522.7488,344.4118,465.7805,205.8753,553.3630,169.8601,610.3313,308.3965
2
0
0
0
0
1
713.3969,302.9182,710.8170,235.1975,852.8871,229.7853,855.4669,297.5060
714.0000,300.0000,714.0000,232.0000,871.0000,232.0000,871.0000,300.0000
871.5047,306.3802,709.4440,299.8978,712.3802,226.4952,874.4409,232.9776
872.7537,310.6842,713.6221,301.6768,717.9327,225.5245,877.0643,234.5320
877.0009,310.7827,718.6751,302.1780,722.8046,226.1959,881.1304,234.8005
874.1585,317.5731,722.0366,300.6707,730.9877,220.1097,883.1097,237.0121
873.6705,319.9395,714.7388,297.5548,726.1471,216.5559,885.0789,238.9407
875.6919,321.3528,701.1558,287.2044,716.2390,210.1120,890.7751,244.2603
883.1249,317.0186,702.5350,290.1222,714.1139,212.3786,894.7037,239.2751
882.4835,320.6470,699.2405,287.6633,713.0805,210.7745,896.3234,243.7582
886.5846,307.3231,706.7665,301.2618,709.5520,218.6254,889.3701,224.6866
881.4254,320.8900,697.3044,285.6328,711.9835,208.9755,896.1044,244.2327
708.0000,302.0000,708.0000,220.0000,870.0000,220.0000,870.0000,302.0000
875.3906,323.5687,697.2858,282.7530,714.8405,206.1509,892.9453,246.9666
880.8615,326.7093,695.8976,279.4845,715.2516,203.6813,900.2155,250.9061
893.7883,324.2954,701.1473,283.3080,717.5180,206.3656,910.1590,247.3530
903.9407,314.5941,707.6040,294.9604,715.7822,213.1783,912.1189,232.8119
908.4951,310.0740,709.2425,296.6110,714.7642,214.8895,914.0168,228.3524
918.3971,316.1022,706.7225,288.9644,717.0524,208.3914,928.7269,235.5291
914.1299,318.3517,707.3450,289.1897,719.0258,206.3626,925.8107,235.5246
915.6455,318.3648,708.6378,291.8253,719.5692,206.5602,926.5769,233.0996
916.3399,319.6200,708.8599,289.9800,721.0400,204.7200,928.5200,234.3600
917.5735,318.8680,713.3279,291.1310,725.1313,204.2154,929.3769,231.9524
923.7611,319.9493,715.9655,286.5994,729.5817,201.7600,937.3773,235.1100
933.8784,320.1021,719.9991,288.7332,732.4540,203.8133,946.3333,235.1822
943.0503,317.8918,723.0950,292.8336,732.8324,207.3607,952.7877,232.4189
946.9068,322.0704,721.6412,290.7834,733.6662,204.2036,958.9318,235.4905
944.4050,327.4461,719.8812,283.1738,736.7469,197.6403,961.2708,241.9126
951.2217,325.3141,724.0438,286.1455,739.1132,198.7437,966.2910,237.9123
952.2814,324.3457,724.3137,287.3010,738.6772,198.9100,966.6450,235.9548
954.7196,322.3316,730.6515,292.8489,742.5881,202.1300,966.6562,231.6127
954.3799,321.3400,731.4999,289.5000,744.2199,200.4600,967.0999,232.3000
955.3367,330.4531,735.2077,289.0002,753.1448,193.7480,973.2739,235.2009
954.3924,335.5736,734.9811,294.4340,753.9660,193.1812,973.3773,234.3208
