1
329.4740,420.2056,338.1282,420.4865,337.0853,452.6144,328.4311,452.3335
329.1682,419.9122,337.8843,420.5485,335.3482,455.2920,326.6321,454.6557
329.0316,420.9579,337.8084,421.5143,335.6451,455.6401,326.8682,455.0837
328.1743,420.8102,337.4225,421.5240,334.8669,454.6308,325.6187,453.9169
326.8415,421.2243,336.4229,421.7204,334.6540,455.8822,325.0726,455.3861
326.9378,422.9373,335.8113,423.4584,333.8007,457.7025,324.9271,457.1815
324.8989,423.8862,334.4418,424.4179,332.5946,457.5717,323.0517,457.0400
322.6878,424.2379,332.3564,424.6537,330.8860,458.8497,321.2174,458.4339
321.4899,424.3042,331.1147,424.5999,330.0700,458.6073,320.4451,458.3116
320.4937,423.2886,330.2539,423.6030,329.1342,458.3638,319.3740,458.0494
318.4741,423.2845,328.3545,423.5761,327.3425,457.8582,317.4622,457.5666
317.0162,424.1402,327.3251,424.7900,325.1381,459.4846,314.8292,458.8348
317.5750,424.2190,327.4736,424.5796,326.2531,458.0870,316.3545,457.7264
317.5618,424.2619,327.5193,424.6018,326.3493,458.8816,316.3917,458.5417
317.5284,425.2196,327.2242,425.5571,326.0707,458.7009,316.3748,458.3635
318.3861,426.0045,328.0760,426.2464,327.2319,460.0641,317.5420,459.8222
318.2254,425.3375,328.1786,425.4818,327.6838,459.5926,317.7305,459.4482
319.3850,425.3211,328.8886,425.5542,328.0411,460.1078,318.5374,459.8747
319.3498,426.0826,328.8845,426.2939,328.1117,461.1702,318.5770,460.9589
319.3922,426.2995,328.6356,426.5327,327.7788,460.4953,318.5354,460.2621
317.4534,426.3689,326.9863,426.6268,326.0099,462.7250,316.4771,462.4672
319.2113,426.3424,328.6069,426.4720,328.1381,460.4504,318.7425,460.3208
320.3481,425.3179,329.8088,425.5312,329.0370,459.7687,319.5763,459.5555
320.4135,426.0233,330.2979,426.2858,329.3851,460.6539,319.5007,460.3914
320.3196,427.0865,329.6392,427.2772,328.9281,462.0334,319.6086,461.8428
321.7688,428.2022,332.0452,428.6891,330.4191,463.0088,320.1426,462.5219
325.4772,431.2886,334.9462,431.5719,333.9237,465.7481,324.4547,465.4648
326.3796,434.2964,335.8810,434.5208,335.0836,468.2905,325.5822,468.0661
324.9202,435.2176,334.8383,435.7637,332.8836,471.2621,322.9655,470.7159
324.6254,434.3104,333.9275,434.6686,332.5658,470.0305,323.2637,469.6723
322.9818,433.2401,333.0106,433.8274,330.8951,469.9554,320.8664,469.3682
322.9982,432.2461,333.1098,432.8351,331.0005,469.0431,320.8890,468.4541
322.7758,431.2976,333.1843,431.7678,331.5702,467.4967,321.1618,467.0265
321.2270,429.9595,331.5089,430.7153,328.9316,465.7793,318.6497,465.0236
320.9408,430.2822,330.8712,430.8282,328.9075,466.5396,318.9771,465.9936
318.6396,431.3017,328.6303,431.6786,327.3174,466.4779,317.3267,466.1010
316.5088,433.1221,327.1053,433.4425,326.0090,469.7037,315.4125,469.3833
316.5680,436.3219,326.3779,436.6456,325.2296,471.4507,315.4196,471.1271
314.2571,439.4229,325.1110,439.5847,324.5691,475.9397,313.7152,475.7779
314.3227,441.4579,324.1713,441.6390,323.4967,478.3393,313.6481,478.1582
313.8264,443.2967,324.5397,443.8057,322.7791,480.8653,312.0657,480.3563
311.8465,443.2369,321.8066,443.7472,319.9989,479.0296,310.0389,478.5193
309.6466,440.2781,320.0152,440.6812,318.6609,475.5216,308.2923,475.1185
311.7449,437.1661,322.1377,437.6827,320.4619,471.3933,310.0692,470.8767
310.6422,433.2455,320.0965,433.6429,318.6537,467.9657,309.1995,467.5683
307.6177,430.1758,317.1842,430.5848,315.7854,463.3020,306.2189,462.8929
302.8024,424.2432,312.5927,424.7250,310.8612,459.9034,301.0710,459.4215
302.5157,425.2640,312.8710,425.5991,311.7568,460.0289,301.4015,459.6938
301.7982,426.2365,311.9318,426.7229,310.2469,461.8277,300.1133,461.3413
300.6048,427.9439,310.4341,428.3211,309.1325,462.2357,299.3032,461.8585
302.3624,430.9077,313.0594,431.1676,312.2700,463.6643,301.5730,463.4045
303.5659,430.2477,313.7348,430.6186,312.4862,464.8579,302.3173,464.4871
302.5481,429.0306,312.7451,429.3808,311.5439,464.3580,301.3469,464.0078
301.4314,428.0121,311.8346,428.2972,310.8935,462.6328,300.4903,462.3477
300.5787,427.2534,310.9725,427.6278,309.7303,462.1143,299.3366,461.7399
299.2818,427.3364,309.9141,427.5251,309.3014,462.0499,298.6690,461.8611
296.5747,427.2882,306.9591,427.6619,305.6918,462.8802,295.3073,462.5066
295.7589,427.0094,305.6900,427.4789,304.0242,462.7143,294.0932,462.2448
293.8413,425.9832,304.5570,426.5310,302.7360,462.1541,292.0203,461.6064
293.7141,425.0073,303.5767,425.4493,302.0058,460.5013,292.1432,460.0592
290.4399,422.1969,299.9285,423.0051,296.8230,459.4640,287.3345,458.6558
289.4702,421.1580,299.4635,422.0248,296.3034,458.4590,286.3101,457.5923
289.1740,420.2697,298.8474,420.9337,296.3077,457.9350,286.6344,457.2710
287.2320,420.1874,297.8457,420.9628,295.1462,457.9160,284.5325,457.1406
287.1165,422.0486,297.0274,422.7082,294.5693,459.6474,284.6584,458.9879
287.8218,423.2508,298.0172,423.7691,296.2014,459.4832,286.0060,458.9649
288.9553,424.2724,300.0074,424.8857,297.9235,462.4368,286.8714,461.8235
290.2321,424.2078,301.0013,424.9647,298.3666,462.4514,287.5974,461.6945
291.0111,424.2146,301.7320,424.8680,299.5307,460.9861,288.8098,460.3327
290.9971,423.2431,301.7751,423.8728,299.6376,460.4622,288.8596,459.8326
290.1931,424.1148,301.7142,424.9467,299.1196,460.8784,287.5986,460.0464
290.2089,424.1695,300.9939,424.9407,298.4115,461.0563,287.6266,460.2851
290.0976,423.1744,300.5954,423.8934,298.1533,459.5456,287.6555,458.8265
288.9529,420.1709,299.7537,420.8057,297.6779,456.1249,286.8771,455.4901
288.9932,417.3011,298.9437,417.8690,296.8074,455.2962,286.8570,454.7283
287.8319,416.2628,298.3499,416.7906,296.5366,452.9303,286.0186,452.4026
287.7635,414.3012,297.5937,414.7496,295.9164,451.5150,286.0863,451.0665
287.6301,412.3616,297.5903,412.7349,296.2076,449.6266,286.2474,449.2533
286.7404,409.2960,297.0014,409.7538,295.3863,445.9610,285.1252,445.5032
285.6643,406.3363,295.7410,406.7423,294.2635,443.4125,284.1868,443.0065
284.5578,403.2821,294.9994,403.6609,293.7260,438.7700,283.2844,438.3913
283.6806,399.0014,294.0946,399.4550,292.5574,434.7462,282.1434,434.2925
282.7043,395.2615,293.3485,395.7342,291.7578,431.5555,281.1136,431.0828
282.7225,391.2536,293.2326,391.7166,291.6749,427.0804,281.1648,426.6174
280.9505,388.2049,291.7604,388.8301,289.6645,425.0672,278.8546,424.4420
280.9117,387.9778,291.7519,388.5747,289.7800,424.3890,278.9398,423.7922
280.9126,386.0308,291.7427,386.6176,289.7573,423.2607,278.9272,422.6739
281.0962,383.2619,290.8380,383.8943,288.4628,420.4783,278.7211,419.8459
279.7780,381.2930,290.1307,381.7824,288.4038,418.3126,278.0511,417.8232
280.0534,380.2431,290.7811,380.8980,288.5278,417.8073,277.8001,417.1523
280.0381,380.2050,290.3295,380.8650,288.0401,416.5649,277.7487,415.9049
282.1308,379.2374,292.3525,379.9333,289.8361,416.8979,279.6144,416.2021
282.4972,379.9283,292.8721,380.8579,289.6056,417.3142,279.2307,416.3846
282.3166,380.1571,292.4692,380.9672,289.6261,416.6015,279.4734,415.7915
283.1441,380.9777,293.6682,381.6953,291.1914,418.0179,280.6673,417.3002
283.0462,382.9677,293.3286,383.6336,291.0115,419.4134,280.7292,418.7476
282.1875,384.2093,292.2881,384.9251,289.7167,421.2102,279.6160,420.4944
282.1283,387.1736,292.7549,387.8862,290.3706,423.4452,279.7440,422.7327
282.4274,388.1193,293.3168,389.0423,290.2599,425.1062,279.3705,424.1832
282.0331,388.8596,292.6756,389.5639,290.4030,423.9055,279.7605,423.2012
281.4055,388.1597,292.1257,389.0434,289.0617,426.2103,278.3414,425.3266
280.9288,388.2308,290.9065,388.8091,288.8355,424.5398,278.8578,423.9615
280.1247,387.2142,290.6806,387.9119,288.2798,424.2368,277.7240,423.5392
279.0130,388.2393,289.1941,388.8561,287.0029,425.0246,276.8218,424.4078
275.9382,388.2556,287.1226,388.8680,285.0940,425.9179,273.9096,425.3055
274.7956,388.1159,286.2165,388.6409,284.4889,426.2180,273.0680,425.6930
270.6539,388.1932,281.5061,388.6011,280.0751,426.6652,269.2229,426.2572
268.5598,387.4714,279.5543,387.8004,278.3767,427.1592,267.3822,426.8302
267.6369,387.4205,278.4738,387.8023,277.1214,426.1945,266.2844,425.8127
265.8889,386.4041,276.4453,386.9170,274.5396,426.1407,263.9832,425.6278
266.1194,388.2738,276.0545,388.9077,273.7172,425.5398,263.7821,424.9059
264.0968,389.2496,275.9514,389.9729,273.6209,428.1694,261.7663,427.4461
265.0500,390.9937,275.8983,391.6596,273.6943,427.5644,262.8460,426.8984
264.2037,390.2987,275.1111,391.0121,272.6039,429.3462,261.6965,428.6328
263.9874,390.2600,274.9661,390.8859,272.8609,427.8142,261.8822,427.1884
264.1565,389.9796,274.9575,390.7100,272.4529,427.7458,261.6519,427.0154
264.1482,390.0284,274.7563,390.7423,272.2605,427.8269,261.6525,427.1130
263.7290,391.2121,273.8195,391.6421,272.1906,429.8686,262.1000,429.4386
262.8952,390.3288,273.1012,390.8619,271.1419,428.3753,260.9359,427.8423
262.0670,389.0727,272.7227,389.7357,270.3837,427.3232,259.7281,426.6601
261.9679,389.2704,273.0713,389.8964,270.9574,427.3923,259.8540,426.7664
262.1154,390.2458,273.0539,390.9717,270.5538,428.6474,259.6154,427.9216
263.1066,390.2588,273.1240,390.9314,270.6432,427.8763,260.6259,427.2037
262.9552,392.2744,273.0255,392.8707,270.8485,429.6378,260.7781,429.0415
263.9307,394.2719,274.6272,394.8522,272.6321,431.6299,261.9355,431.0497
264.1613,397.1907,274.9420,397.9267,272.4554,434.3473,261.6748,433.6113
265.3650,399.0993,276.0168,399.9983,273.0410,435.2559,262.3891,434.3568
265.3632,400.1709,276.0697,401.0590,273.0114,437.9286,262.3049,437.0405
265.1503,400.1078,275.9825,400.8704,273.5060,436.0502,262.6738,435.2877
266.2858,400.2305,276.9046,401.0380,274.0470,438.6158,263.4282,437.8083
265.3579,401.0836,276.3134,401.9836,273.3696,437.8190,262.4141,436.9190
266.2724,399.9766,277.0662,400.7915,274.2799,437.6978,263.4861,436.8829
265.4380,399.1766,276.4333,400.0939,273.2650,438.0710,262.2697,437.1537
266.1027,399.2144,276.8682,399.9254,274.4360,436.7523,263.6704,436.0413
266.1362,398.1866,277.4011,398.9671,274.8605,435.6353,263.5956,434.8549
266.1945,397.0812,276.6346,397.8118,273.9851,435.6715,263.5450,434.9409
265.1907,396.2162,276.9260,397.0436,274.2180,435.4523,262.4827,434.6249
265.0730,397.3024,276.4186,397.9888,274.0798,436.6459,262.7343,435.9595
263.9544,397.3243,275.6790,397.9459,273.6212,436.7649,261.8965,436.1433
263.9117,398.3408,274.8826,398.9113,272.9273,436.5082,261.9565,435.9376
263.2540,399.2795,274.4214,400.0366,271.8230,438.3646,260.6556,437.6075
263.2007,398.9382,274.9631,399.7567,272.4298,436.1594,260.6674,435.3409
262.2108,399.2530,273.8528,400.0484,271.2465,438.1989,259.6045,437.4036
261.4493,398.2579,272.9585,399.1303,270.0417,437.6088,258.5325,436.7364
261.2364,398.0031,273.1879,398.8323,270.5581,436.7382,258.6066,435.9091
261.3918,397.2359,273.2190,398.1285,270.3151,436.6079,258.4879,435.7154
260.4893,396.2680,271.2946,397.1526,268.1462,435.6128,257.3409,434.7282
259.5582,395.2300,270.3279,396.1819,266.9141,434.8060,256.1443,433.8541
258.4608,394.0464,269.4166,394.9579,266.2061,433.5480,255.2504,432.6365
254.9225,392.0770,266.3404,392.6982,264.2965,430.2669,252.8786,429.6457
254.3690,391.2802,265.0789,392.1097,262.0711,430.9450,251.3612,430.1156
252.3404,390.1890,264.2497,391.1057,261.2840,429.6375,249.3748,428.7209
251.2877,388.2509,262.2968,389.0688,259.4629,427.2136,248.4538,426.3957
246.9082,385.3629,257.6886,385.9324,255.6446,424.6234,244.8642,424.0539
244.1873,382.2817,255.1632,383.0283,252.5604,421.2933,241.5845,420.5468
242.2699,380.2272,253.8614,381.0606,251.1255,419.1134,239.5339,418.2800
240.4403,382.1043,251.5077,383.0710,248.3527,419.1928,237.2854,418.2262
239.7360,386.9857,251.5271,388.1844,247.9057,423.8076,236.1146,422.6090
238.7601,391.0651,250.1384,392.2259,246.4035,428.8367,235.0251,427.6759
237.5975,392.1758,248.7625,393.1721,245.3899,430.9664,234.2249,429.9701
239.3954,396.0599,251.8983,397.0894,248.8842,433.6954,236.3813,432.6659
245.2047,400.6317,257.9608,401.4677,255.5219,438.6861,242.7657,437.8501
252.2240,403.1187,264.9110,404.0178,262.3296,440.4453,249.6426,439.5462
260.3070,401.1927,272.3527,402.0717,269.6147,439.5901,257.5691,438.7111
268.9765,399.2948,281.3793,399.9588,279.3167,438.4869,266.9139,437.8229
277.4370,399.1577,290.2389,400.1573,287.2683,438.2014,274.4664,437.2018
281.1400,401.0489,294.0991,401.8694,291.6519,440.5215,278.6928,439.7010
279.8719,399.4178,292.1364,399.9870,290.3040,439.4745,278.0394,438.9054
276.5877,397.0392,290.0788,397.5223,288.7808,433.7661,275.2897,433.2830
277.2659,392.3904,289.1268,392.5828,288.5548,427.8459,276.6940,427.6535
278.0583,386.3200,290.6773,386.9656,288.7355,424.9226,276.1165,424.2770
273.0895,388.2466,286.7307,389.0186,284.6033,426.6062,270.9622,425.8341
265.2575,392.0579,278.8070,392.9928,276.1405,431.6404,262.5910,430.7055
255.1566,396.3548,268.3180,397.1240,265.9565,437.5263,252.7952,436.7571
244.8264,396.2253,258.0728,397.4079,254.4005,438.5415,241.1541,437.3589
241.7800,395.0114,255.3451,396.3328,251.7837,432.8929,238.2186,431.5715
237.9986,388.9387,250.9836,390.2903,246.9728,428.8216,233.9878,427.4700
232.4451,384.0655,244.9345,385.0282,241.9573,423.6530,229.4679,422.6904
226.5829,383.2656,239.5809,384.3020,236.3519,424.7973,223.3539,423.7609
222.4754,385.3469,234.1037,386.2269,230.9896,427.3789,219.3613,426.4990
218.4955,388.2161,229.7831,389.1089,226.5425,430.0777,215.2550,429.1849
213.2680,390.1188,225.2704,390.9444,222.5376,430.6734,210.5352,429.8478
210.0484,390.4029,220.8609,391.0024,218.6463,430.9440,207.8337,430.3445
204.2126,393.2497,215.9838,394.0336,213.4259,432.4468,201.6546,431.6630
200.7908,396.2480,211.6363,396.7216,209.9177,436.0752,199.0723,435.6016
196.8964,397.1662,208.4357,397.7346,206.5335,436.3496,194.9942,435.7812
195.2353,397.1099,206.6081,397.8851,203.9637,436.6791,192.5910,435.9039
194.1283,397.2994,204.9780,397.9827,202.5540,436.4721,191.7042,435.7888
191.4884,398.6363,202.3408,399.4730,199.2408,439.6821,188.3884,438.8455
190.3159,401.4270,201.0513,402.1521,198.2523,443.5926,187.5169,442.8675
188.2761,403.3602,199.9903,404.1388,197.2468,445.4181,185.5327,444.6395
189.1706,401.4693,199.7709,402.0962,197.2980,443.9118,186.6977,443.2849
189.2626,403.0245,201.1972,403.8773,198.4534,442.2764,186.5189,441.4236
191.0272,403.3521,201.6204,403.9752,199.3266,442.9767,188.7334,442.3537
192.8288,405.2883,203.9888,405.8427,202.1509,442.8409,190.9909,442.2865
196.2439,404.1909,208.4140,405.0578,205.7103,443.0119,193.5403,442.1450
198.9337,403.1525,210.3844,403.7552,208.3621,442.1728,196.9115,441.5700
202.5961,399.4715,214.9234,399.8675,213.6627,439.1106,201.3353,438.7146
204.8668,397.0635,217.5920,397.6785,215.7533,435.7253,203.0282,435.1104
205.9169,394.9580,219.6167,395.7030,217.6200,432.4200,203.9202,431.6750
209.5114,392.5535,222.5056,392.8875,221.4862,432.5363,208.4921,432.2022
211.1571,393.2421,224.7296,393.9290,222.7250,433.5401,209.1524,432.8532
213.3925,395.2990,227.3356,396.2407,224.6084,436.6199,210.6653,435.6783
217.6384,398.1538,231.9484,399.3212,228.7344,438.7203,214.4243,437.5530
219.3485,400.3112,234.0430,401.2513,231.4521,441.7527,216.7575,440.8126
222.6639,399.2858,235.9239,400.3183,232.7822,440.6674,219.5222,439.6349
222.6781,399.0419,236.4369,400.1629,233.2806,438.9031,219.5218,437.7821
222.0339,397.4773,235.6472,398.1460,233.5692,440.4486,219.9559,439.7799
218.5578,397.3102,231.4631,398.3000,228.2960,439.5912,215.3908,438.6013
214.8450,400.0795,226.4404,401.1830,222.6061,441.4722,211.0107,440.3687
213.4701,402.2975,224.2536,403.1493,220.9185,445.3714,210.1350,444.5196
212.7001,403.4252,222.5129,404.3266,218.5913,447.0165,208.7784,446.1151
211.6939,405.3204,222.1093,406.2828,218.3436,447.0385,207.9283,446.0761
209.5058,406.3195,220.3638,407.2290,216.8821,448.7949,206.0242,447.8854
209.1333,407.4024,219.8054,408.1074,217.1017,449.0348,206.4296,448.3298
210.2543,408.3991,220.9495,409.1585,218.0204,450.4158,207.3252,449.6565
210.2392,410.4028,221.9456,411.1802,219.1498,453.2831,207.4433,452.5057
209.0823,408.5542,220.0340,409.1519,217.6429,452.9634,206.6912,452.3657
210.0766,409.4471,221.7312,410.1183,219.3012,452.3060,207.6465,451.6347
214.4382,410.3060,225.3768,411.1382,222.1680,453.3150,211.2294,452.4828
214.1802,408.4984,225.8694,409.1940,223.2689,452.8912,211.5797,452.1956
215.2552,407.4694,226.1878,408.1758,223.3964,451.3784,212.4637,450.6720
215.8506,408.4784,227.3739,409.0242,225.4044,450.6043,213.8812,450.0585
218.2409,409.2943,229.1089,410.0093,226.3789,451.5031,215.5109,450.7881
219.1702,409.1803,230.9435,409.9409,228.3560,449.9927,216.5827,449.2321
220.2240,409.3213,232.5035,410.1220,229.8671,450.5565,217.5876,449.7559
221.0171,411.2632,233.5014,411.9310,231.3257,452.6114,218.8413,451.9437
224.0165,412.5620,236.0220,413.1460,233.8954,456.8683,221.8900,456.2844
223.1961,414.5175,236.8390,415.2771,234.3624,459.7579,220.7195,458.9983
222.0961,417.6227,234.9218,418.2003,232.9318,462.3915,220.1061,461.8139
224.2915,419.7220,237.8344,420.3783,235.6049,466.3843,222.0620,465.7280
221.9388,422.7448,236.6283,423.3007,234.8495,470.3070,220.1601,469.7512
217.8885,424.7365,234.6139,425.3236,232.9634,472.3347,216.2380,471.7475
216.1431,427.6738,232.9589,428.3942,230.9848,474.4704,214.1690,473.7499
214.7114,430.8004,230.5023,431.2470,229.2501,475.5214,213.4592,475.0748
214.1239,432.6870,229.9348,433.3818,227.8687,480.3960,212.0578,479.7012
210.0448,434.3888,228.7797,435.8331,225.1641,482.7347,206.4291,481.2904
209.9880,430.4455,227.8294,431.7607,224.0828,482.5828,206.2414,481.2676
212.3949,427.5030,229.0980,428.9440,224.6401,480.6137,207.9371,479.1726
211.8067,426.7134,228.5732,427.8566,224.9145,481.5144,208.1481,480.3712
211.7712,424.6781,227.4702,425.7203,223.8349,480.4797,208.1360,479.4376
212.9732,422.6779,228.4037,423.8077,224.3044,479.7953,208.8739,478.6655
211.7507,421.6646,227.6371,422.7330,223.9224,477.9699,208.0360,476.9015
212.6059,420.8475,228.5083,421.8349,225.0892,476.8994,209.1868,475.9120
212.4348,419.7473,228.2758,420.6461,225.1321,476.0601,209.2911,475.1613
211.0980,419.1168,228.0187,419.7998,225.6414,478.6919,208.7208,478.0089
212.5511,420.0724,229.2445,420.9901,226.0033,479.9520,209.3099,479.0343
213.4579,422.0427,231.0828,422.9414,228.1111,481.2196,210.4862,480.3208
214.7243,423.0619,232.5095,424.0836,229.0548,484.2207,211.2696,483.1990
217.0574,425.2744,234.9845,426.5421,230.7554,486.3467,212.8282,485.0790
219.8232,426.8885,237.4662,428.5357,231.8433,488.7594,214.2003,487.1122
222.4447,428.4299,240.1061,429.7561,235.4098,492.3011,217.7484,490.9749
224.0377,428.2831,241.8383,429.3760,237.7577,495.8372,219.9572,494.7444
223.8391,428.8323,242.7788,429.9721,238.7974,496.1274,219.8577,494.9876
225.8407,429.7900,245.6777,430.9899,241.7165,496.4786,221.8795,495.2787
227.2283,433.8490,247.7931,435.4265,243.0666,497.0427,222.5018,495.4652
226.6230,435.8968,246.9814,436.9380,243.5754,503.5315,223.2170,502.4903
225.4924,438.3834,245.1237,439.3031,241.9368,507.3231,222.3056,506.4033
225.3902,435.9883,244.8497,437.1821,240.4980,508.1183,221.0385,506.9245
222.1418,438.0973,242.5948,439.0926,239.0470,511.9967,218.5940,511.0014
217.7205,439.6573,240.7672,440.4169,238.2521,516.7298,215.2054,515.9702
211.4751,443.7244,237.1634,444.6985,234.3104,519.9398,208.6221,518.9657
211.3883,444.6023,239.1692,445.6252,236.4682,518.9885,208.6873,517.9656
212.7557,443.6303,241.3486,444.8492,238.1019,521.0165,209.5090,519.7977
212.2755,439.3374,239.8946,440.7456,235.8842,519.3963,208.2652,517.9880
211.7154,442.3344,238.9523,443.8182,234.7031,521.8215,207.4661,520.3377
207.0282,443.0249,236.3586,445.3517,229.8487,527.4139,200.5183,525.0871
207.4501,446.7502,235.1567,448.2946,230.6907,528.4162,202.9841,526.8718
207.6777,443.3418,233.9537,444.7733,229.3157,529.9071,203.0397,528.4756
208.2445,438.4937,233.0654,439.1439,230.8021,525.5502,205.9812,524.9000
206.6926,436.8593,231.2605,437.8858,227.7564,521.7482,203.1885,520.7216
204.1412,429.6293,226.3158,430.0047,224.8529,516.4283,202.6783,516.0530
202.7982,425.0592,225.5984,426.0945,221.6956,512.0532,198.8954,511.0180
201.4832,419.3642,223.4017,420.1821,220.1889,506.2708,198.2705,505.4529
199.2528,417.0929,221.8116,417.8338,219.0595,501.6334,196.5007,500.8925
200.6012,411.4186,221.3840,412.2238,217.9673,500.4120,197.1845,499.6069
198.9971,412.3235,220.9724,412.8729,218.7895,500.1841,196.8142,499.6347
201.1391,414.1582,224.8773,414.8484,222.4058,499.8569,198.6676,499.1667
203.4040,415.1757,227.0528,416.0150,224.0352,501.0413,200.3864,500.2020
205.9489,415.3380,228.7984,415.8878,226.6960,503.2589,203.8466,502.7090
207.4686,413.2429,231.1624,414.0765,228.0556,502.3787,204.3618,501.5451
208.3030,413.3450,231.2296,414.0730,228.3844,503.6729,205.4579,502.9449
208.5437,412.4405,230.2063,413.2263,226.8519,505.6902,205.1893,504.9043
207.7218,414.2505,229.2667,415.1488,225.5324,504.7120,203.9876,503.8137
206.7886,412.2884,230.4981,413.3365,226.6420,500.5667,202.9324,499.5186
205.2765,411.2104,229.2470,411.9775,226.4839,498.3147,202.5134,497.5476
197.2186,413.9500,222.1000,414.7598,219.4693,495.5858,194.5879,494.7760
185.6517,415.0070,210.1956,416.0133,206.7245,500.6742,182.1805,499.6679
182.3831,417.3590,206.9017,418.1488,203.9877,508.6112,179.4692,507.8214
173.0258,417.7943,198.6258,417.8087,198.5748,508.1632,172.9747,508.1487
195.8794,511.3999,170.1925,511.5962,169.4886,419.4789,195.1755,419.2826
190.5865,508.6295,163.0783,508.8243,162.4716,423.1780,189.9798,422.9831
182.3634,512.3675,153.4295,513.2212,150.7952,423.9429,179.7291,423.0891
178.5833,510.1959,148.7534,510.4439,148.0364,424.2054,177.8662,423.9574
149.9658,428.5815,180.5291,429.0425,179.2513,513.7402,148.6880,513.2791
151.3901,431.3442,181.9665,432.2790,179.3780,516.9467,148.8015,516.0119
155.6528,435.8357,184.9191,437.4450,180.3612,520.3329,151.0948,518.7236
155.8034,436.0898,184.9763,437.7301,180.0702,524.9886,150.8973,523.3484
160.2441,439.9549,187.5632,441.2592,183.5234,525.8701,156.2042,524.5657
164.1520,440.0348,190.6798,441.3466,186.3568,528.7706,159.8289,527.4589
171.5586,439.1591,197.0388,440.6165,191.9384,529.7880,166.4581,528.3306
172.2473,440.2603,198.2130,441.0437,195.5427,529.5508,169.5770,528.7674
175.2945,441.2186,200.9394,442.0444,198.1018,530.1685,172.4569,529.3427
179.1379,444.2533,205.0048,444.9925,202.4963,532.7718,176.6294,532.0326
181.1117,446.0455,205.7757,447.3215,201.1880,535.9980,176.5240,534.7220
181.5299,449.3395,205.3099,450.2486,201.9673,537.6829,178.1872,536.7737
181.8888,450.0867,206.6567,451.2499,202.4906,539.9561,177.7227,538.7928
181.9299,449.0935,205.6597,450.2225,201.4658,538.3699,177.7359,537.2409
183.4439,451.2023,208.9838,452.1453,205.7085,540.8582,180.1686,539.9152
183.9163,447.2465,208.5314,448.3996,204.3637,537.3709,179.7485,536.2178
181.6754,444.3249,206.2297,445.3589,202.4809,534.3752,177.9267,533.3412
179.3803,440.4101,204.0791,441.2775,200.9488,530.4149,176.2500,529.5475
172.0163,428.2523,196.8235,429.5057,192.2962,519.1168,167.4890,517.8635
169.1142,424.1747,194.9349,425.5432,190.2371,514.1745,164.4164,512.8059
170.4858,420.0682,196.3087,421.6496,190.9281,509.5139,165.1052,507.9326
170.5193,416.8297,196.3438,418.4720,190.8164,505.3923,164.9918,503.7501
177.7398,419.1041,204.5449,420.2654,200.7259,508.4095,173.9208,507.2481
185.4403,422.2512,213.3315,423.2291,210.1747,513.2581,182.2836,512.2802
193.3630,427.3492,220.8274,428.2415,217.8383,520.2429,190.3739,519.3505
200.2110,426.5016,227.4781,427.1359,225.3767,517.4659,198.1096,516.8315
211.0066,428.5598,237.3362,429.0508,235.6517,519.3895,209.3220,518.8986
219.5328,435.4535,247.9623,436.2737,245.3296,527.5314,216.9001,526.7112
224.3866,439.2828,252.9845,440.0626,250.6245,526.6201,222.0266,525.8403
229.3497,443.1709,259.8470,444.1239,257.1965,528.9404,226.6992,527.9874
236.9653,444.8262,266.6116,446.6789,261.2109,533.1000,231.5646,531.2473
241.3749,443.3365,272.1884,444.2787,269.4269,534.5909,238.6134,533.6487
247.2247,441.9916,277.6048,443.5275,273.3558,527.5752,242.9756,526.0393
251.5081,438.8198,282.2357,440.6418,277.0407,528.2525,246.3131,526.4305
253.3677,432.9240,282.8386,434.5503,277.9521,523.1006,248.4812,521.4743
255.6241,428.2542,284.2787,429.3300,280.8406,520.9113,252.1859,519.8356
259.7403,427.2947,288.6669,428.4631,284.9826,519.6843,256.0559,518.5160
261.4442,424.3294,289.2858,425.2942,286.0960,517.3461,258.2543,516.3813
261.2989,422.2561,288.8893,423.1410,286.0125,512.8396,258.4221,511.9547
261.7950,420.1650,289.4169,421.3614,285.4845,512.1532,257.8626,510.9568
261.0085,421.1143,288.4720,422.4420,284.0602,513.7051,256.5968,512.3776
263.5128,424.9489,290.9023,426.6282,285.3481,517.2183,257.9585,515.5390
263.4644,425.9174,291.2431,427.5951,285.8470,516.9442,258.0684,515.2665
261.6489,424.9232,288.4269,426.6468,282.6337,516.6517,255.8557,514.9281
261.0102,423.0515,286.8564,424.8626,280.3505,517.7034,254.5043,515.8923
257.8289,422.7328,285.4222,424.6952,279.0034,514.9526,251.4101,512.9902
256.0442,419.8609,283.6521,421.9209,276.7631,514.2469,249.1552,512.1869
256.2740,417.6942,284.7016,419.9473,277.5223,510.5280,249.0947,508.2749
259.2019,414.7037,287.6508,416.9378,280.5984,506.7439,252.1496,504.5099
263.7215,411.6361,292.4541,414.1208,284.5444,505.5854,255.8118,503.1006
261.4514,412.7350,289.8008,415.0487,282.3115,506.8173,253.9620,504.5037
259.8012,414.6403,288.3113,417.1845,280.1107,509.0807,251.6005,506.5366
259.7478,414.5852,289.4956,417.2623,281.3385,507.9027,251.5907,505.2256
257.1831,411.7868,286.8612,414.0393,279.8872,505.9265,250.2090,503.6740
255.4942,409.0520,286.1949,410.8571,280.6768,504.7049,249.9760,502.8997
254.8250,406.2924,285.6844,407.6228,281.5680,503.1070,250.7086,501.7766
252.4978,400.5258,283.0135,401.5467,279.8036,497.4946,249.2879,496.4737
250.8786,400.6594,281.3360,401.0421,280.1631,494.3911,249.7056,494.0085
250.4837,397.8690,280.8600,397.9542,280.5939,492.8440,250.2176,492.7588
251.1334,396.7283,283.8643,396.8313,283.5755,488.5461,250.8447,488.4431
252.8219,391.3143,286.1833,391.9796,284.3789,482.4649,251.0176,481.7997
256.6486,384.5606,290.4615,385.0687,289.0680,477.8197,255.2551,477.3116
261.3641,381.6110,292.5244,382.2737,290.4901,477.9256,259.3298,477.2629
261.4368,379.4376,292.8787,380.4294,289.8605,476.1060,258.4187,475.1142
261.0343,378.2134,291.8004,379.5985,287.5400,474.2320,256.7739,472.8469
261.9074,376.2549,292.8527,377.5715,288.8470,471.7201,257.9017,470.4035
265.8362,375.4715,295.8070,376.6307,291.9625,476.0233,261.9917,474.8640
266.7729,380.4138,296.5327,381.5840,292.7383,478.0896,262.9785,476.9196
269.0158,382.3581,296.5215,383.5050,292.5774,478.0903,265.0718,476.9433
269.3970,382.2462,298.1111,383.6599,293.4732,477.8665,264.7592,476.4529
269.8610,385.0008,298.6046,386.9020,292.3778,481.0450,263.6342,479.1438
266.8859,390.8782,296.2711,392.8279,290.1332,485.3342,260.7481,483.3844
267.6544,397.8598,296.9483,400.1104,289.9297,491.4633,260.6359,489.2127
264.8391,402.8528,293.4316,405.2100,285.6949,499.0526,257.1024,496.6953
262.8151,404.8068,291.4865,407.2701,283.3357,502.1415,254.6643,499.6782
261.3831,406.1249,290.8821,408.1085,284.2961,506.0529,254.7970,504.0693
259.2648,406.0601,289.8908,408.2031,282.8974,508.1457,252.2715,506.0027
259.5891,404.9405,289.9586,407.2489,282.4135,506.5131,252.0440,504.2047
263.9120,408.6459,295.7619,411.4471,287.4250,506.2382,255.5751,503.4370
263.4232,406.8905,297.1385,409.3286,289.9464,508.7833,256.2312,506.3452
262.5061,403.9483,296.3925,406.3623,289.1173,508.4864,255.2309,506.0723
263.2725,404.0260,297.1507,406.2621,290.3400,509.4503,256.4618,507.2142
262.5639,403.3360,298.0633,405.0859,292.7428,513.0200,257.2435,511.2701
262.3432,399.7838,301.0569,400.7652,298.2181,512.7523,259.5044,511.7709
265.8828,398.9292,303.5698,400.2713,299.5747,512.4562,261.8877,511.1140
265.1160,400.9664,303.7433,401.7536,301.3830,517.5724,262.7557,516.7852
263.4117,402.1971,301.2169,402.6527,299.7805,521.8465,261.9753,521.3909
302.3916,526.1457,262.3207,526.8387,260.1685,402.3973,300.2393,401.7043
300.9088,525.8379,260.4959,525.9636,260.1059,400.5241,300.5188,400.3985
259.3552,399.0676,297.8688,399.4766,296.5111,527.3397,257.9974,526.9307
255.9593,396.3039,297.7177,396.9555,295.6942,526.6296,253.9358,525.9779
257.7726,399.9463,300.6168,400.5083,298.9487,527.6579,256.1046,527.0958
257.7158,398.8050,299.4391,399.9872,295.7307,530.8688,254.0074,529.6866
255.5362,397.2752,298.0527,398.2940,294.7797,534.8942,252.2631,533.8755
256.7847,398.1666,298.6111,399.3353,294.8279,534.7317,253.0016,533.5630
253.1328,399.4184,295.8419,400.1713,293.3618,540.8553,250.6526,540.1024
251.8349,397.5941,295.5699,398.1555,293.7383,540.8234,250.0033,540.2618
251.8938,396.4119,295.2126,397.6121,291.1025,545.9665,247.7837,544.7664
250.6877,393.8453,296.4720,396.2800,288.5796,544.6960,242.7952,542.2613
250.3698,394.6433,298.2146,397.5905,288.9510,547.9748,241.1063,545.0276
252.0636,404.0641,302.9289,406.2273,296.4470,558.6465,245.5817,556.4834
253.8878,411.5813,302.8018,414.8521,292.4149,570.1879,243.5008,566.9171
254.5465,414.6587,301.9741,418.1508,289.9552,581.3842,242.5275,577.8921
254.5466,418.6339,303.2466,422.2053,291.3839,583.9650,242.6839,580.3936
254.5920,426.5493,304.3734,430.2123,292.5392,591.0420,242.7578,587.3790
255.3469,436.8115,305.0161,439.7340,295.7313,597.5316,246.0621,594.6091
256.3684,438.9247,305.2067,441.7442,295.9833,601.5057,247.1451,598.6862
251.8546,437.6948,299.8960,440.8800,289.3846,599.4225,241.3432,596.2373
248.0284,431.6347,296.5556,434.9492,285.7538,593.0988,237.2265,589.7844
245.3750,427.5598,293.4087,431.0688,281.9476,587.9540,233.9139,584.4449
239.9542,423.6447,287.9324,426.8926,277.1516,586.1492,229.1734,582.9014
234.8741,418.2042,284.1589,420.9215,275.4816,578.3074,226.1968,575.5901
229.9726,405.8243,278.6144,408.6335,269.7392,562.3140,221.0974,559.5049
224.4735,392.9757,272.5900,395.3639,264.8915,550.4691,216.7750,548.0809
226.6483,381.3906,273.7747,383.1087,267.9181,543.7509,220.7916,542.0328
226.2462,379.6217,275.1427,381.0590,270.3023,545.7351,221.4059,544.2979
227.9086,380.7887,275.7758,381.9492,271.7645,547.4111,223.8973,546.2507
230.0055,383.5548,280.1037,384.9215,275.7364,545.0107,225.6382,543.6440
231.2557,382.6897,279.3049,384.0994,274.3985,551.3373,226.3493,549.9277
231.7935,388.3779,281.5299,390.2443,275.4521,552.2028,225.7158,550.3363
233.7675,389.4426,282.2310,391.2171,276.2355,554.9556,227.7720,553.1810
236.3074,390.2513,283.3253,392.3262,276.1121,555.7748,229.0942,553.6998
237.0264,389.3495,285.1199,391.2923,278.4686,555.9380,230.3751,553.9952
237.4576,389.3674,286.9739,391.7511,279.3542,550.0343,229.8380,547.6506
237.1536,387.4477,286.9793,389.6337,280.0087,548.5128,230.1829,546.3267
236.1215,383.9318,286.6491,386.6842,277.8423,548.3593,227.3147,545.6069
235.9121,384.1976,285.9907,386.8949,277.4637,545.2126,227.3851,542.5154
236.4885,381.1865,287.6476,383.5077,280.1827,548.0338,229.0237,545.7126
240.5063,381.7292,291.9557,385.3181,280.3216,552.0999,228.8723,548.5109
244.8881,391.8350,296.0717,395.0286,285.6992,561.2697,234.5156,558.0761
248.8081,404.8359,302.1872,408.1144,291.8870,575.8137,238.5080,572.5352
248.9358,418.5428,302.7471,422.6002,290.1272,589.9720,236.3159,585.9146
253.0239,419.6794,304.6608,423.5115,292.0611,593.2913,240.4241,589.4592
252.7310,418.9502,302.7382,422.6820,290.5770,585.6439,240.5697,581.9120
255.1891,419.8733,305.8890,423.1379,295.0726,591.1150,244.3728,587.8503
255.1762,418.2152,301.8171,421.3420,291.2392,579.1273,244.5983,576.0004
247.0990,412.8092,296.3080,415.9951,285.6868,580.0452,236.4778,576.8592
239.5714,411.7796,288.7665,415.2826,276.7847,583.5538,227.5896,580.0508
234.5659,402.6021,284.7971,406.6460,271.1313,576.3956,220.9001,572.3517
232.5275,394.4159,281.7966,398.9648,266.0350,569.6769,216.7659,565.1280
230.2174,391.2849,282.0516,395.2332,268.9240,567.5746,217.0897,563.6262
230.8748,389.1971,281.9352,392.9582,269.5619,560.9387,218.5014,557.1776
231.2480,387.2456,280.7506,391.0825,267.7104,559.3284,218.2077,555.4916
229.9362,385.9552,279.4897,389.0247,269.1404,556.1031,219.5869,553.0336
231.4165,390.1397,279.7004,392.8168,270.4066,560.4393,222.1226,557.7621
231.6469,395.3547,277.8042,397.5220,269.9548,564.6938,223.7975,562.5266
233.5531,403.3195,280.2814,405.4654,272.7405,569.6681,226.0122,567.5222
238.1220,405.1638,281.3612,408.0015,270.3840,575.2667,227.1448,572.4291
240.5174,408.2659,282.3607,410.8205,272.3285,575.1445,230.4852,572.5899
244.7958,409.0797,289.9083,412.2701,277.7935,583.5746,232.6811,580.3843
249.1803,409.7290,293.5345,413.6495,278.6029,582.5781,234.2487,578.6576
254.3739,411.7621,295.7051,415.3541,281.9272,573.8865,240.5960,570.2944
251.1514,411.5735,294.1266,415.5655,279.1684,576.6002,236.1931,572.6083
248.3219,407.7640,288.9753,410.7785,277.6691,563.2525,237.0157,560.2379
246.4237,405.6777,286.6431,408.8731,274.8574,557.2182,234.6379,554.0228
243.0583,400.9009,283.7503,403.2853,275.1561,549.9523,234.4642,547.5679
243.3822,398.5239,282.2179,401.7565,270.3014,544.9175,231.4657,541.6848
238.4427,398.4859,277.8274,401.2191,268.4100,536.9185,229.0253,534.1852
234.4335,400.3982,275.2093,403.7395,263.8331,542.5706,223.0574,539.2293
230.9154,398.5264,270.7672,401.4990,260.4463,539.8659,220.5945,536.8933
226.8122,396.5618,264.0584,399.3123,253.9628,536.0215,216.7167,533.2710
224.4438,397.4151,262.0593,400.6038,250.6507,535.1860,213.0352,531.9974
222.9841,400.3170,260.5620,403.3561,250.0243,533.6558,212.4464,530.6168
221.4247,404.1892,258.0864,406.3537,250.6643,532.0711,214.0026,529.9067
222.1944,402.4450,257.4154,404.9691,248.3919,530.8806,213.1709,528.3565
221.9712,404.0297,255.4123,406.3931,246.6711,530.0776,213.2299,527.7142
219.9313,401.8040,253.6022,404.1951,245.1300,523.4971,211.4591,521.1060
221.7063,398.8014,255.4860,401.1234,247.3779,519.0729,213.5982,516.7507
223.4610,394.3131,253.8247,396.7989,244.1200,515.3422,213.7563,512.8564
221.8241,395.6971,253.4054,398.0203,244.9222,513.3350,213.3410,511.0117
223.2270,394.3015,255.5516,396.8392,246.3182,514.4549,213.9936,511.9172
223.3080,397.2111,256.0793,399.8911,246.6603,515.0704,213.8889,512.3904
221.2572,397.3860,253.8149,399.4131,246.7584,512.7533,214.2007,510.7263
222.9276,396.6641,255.6998,398.5630,249.2942,509.1153,216.5219,507.2165
226.1101,396.5941,257.5851,398.2621,251.5547,512.0580,220.0797,510.3900
228.6874,396.6457,259.1809,398.0417,254.0802,509.4556,223.5867,508.0596
230.1079,398.7071,260.6489,399.9509,256.0768,512.2132,225.5358,510.9693
230.2113,398.7494,259.7801,399.8742,255.5533,510.9799,225.9845,509.8550
231.7416,399.3804,262.3704,401.0808,256.4721,507.3235,225.8433,505.6231
236.6882,400.5435,265.3146,401.9532,260.0855,508.1430,231.4592,506.7334
239.0812,403.6046,267.3756,404.6867,263.4062,508.4771,235.1117,507.3950
244.0883,407.5071,272.6360,408.8366,267.9749,508.9253,239.4273,507.5958
247.1729,410.4197,275.5952,411.7470,270.8953,512.3915,242.4729,511.0643
249.1972,410.3720,277.9009,411.7486,273.1671,510.4609,244.4634,509.0844
249.8341,413.3421,278.3447,414.5506,274.3207,509.4819,245.8101,508.2734
253.8844,416.0508,281.6259,417.8987,275.3567,512.0138,247.6152,510.1659
255.2680,418.9247,282.7157,421.0343,275.5007,514.9097,248.0530,512.8001
255.0987,420.0021,283.8431,422.0671,277.0323,516.8732,248.2879,514.8082
256.7772,419.0490,283.3305,421.2991,275.0396,519.1381,248.4862,516.8879
256.9788,423.0501,284.2810,425.3561,275.9745,523.7017,248.6722,521.3957
256.7664,426.8501,285.2562,429.3615,276.8606,524.6006,248.3708,522.0892
257.2464,427.9656,284.8147,430.5623,275.4571,529.9120,247.8888,527.3154
259.1480,429.0584,287.0163,431.5194,278.0963,532.5270,250.2280,530.0660
259.7577,432.1117,287.1422,434.3799,278.8150,534.9153,251.4305,532.6471
259.8712,432.0070,287.6199,434.3813,279.1959,532.8352,251.4472,530.4609
258.5170,433.1808,285.1657,435.1997,277.5339,535.9322,250.8853,533.9132
257.8953,437.0381,285.7354,439.3863,277.3100,539.2751,249.4699,536.9268
255.8258,438.0042,283.1737,440.2653,275.0335,538.7220,247.6856,536.4610
256.9671,437.8336,285.6267,440.3956,277.1389,535.3434,248.4793,532.7814
258.0315,436.8087,285.5386,439.3656,276.7551,533.8560,249.2480,531.2991
256.7448,433.8039,286.1506,436.3337,277.9974,531.1022,248.5917,528.5723
258.5981,429.9955,287.2490,432.2714,279.5630,529.0270,250.9121,526.7511
257.1376,423.2007,283.9326,425.0158,277.1665,524.8970,250.3715,523.0818
253.9489,419.5236,281.6894,420.6828,277.4344,522.5089,249.6938,521.3497
256.7024,419.7448,285.2603,420.7766,281.6241,521.4185,253.0662,520.3867
256.4876,417.7338,286.4138,418.6309,283.3058,522.3076,253.3797,521.4105
257.9120,416.6729,287.2645,417.6832,283.6654,522.2507,254.3130,521.2405
258.7694,414.7448,287.0670,415.5927,283.9601,519.2694,255.6625,518.4214
259.6470,414.6675,289.4501,415.6487,285.9840,520.9247,256.1809,519.9434
261.6524,414.6522,293.3849,415.7059,289.8741,521.4323,258.1416,520.3785
263.8436,413.5683,293.6729,414.7021,289.7524,517.8433,259.9232,516.7095
263.8803,412.5496,293.7216,413.7606,289.6612,513.8242,259.8198,512.6133
266.2983,410.4204,294.7461,411.7908,289.8308,513.8323,261.3829,512.4620
267.3305,411.3732,296.1176,412.8194,291.0813,513.0695,262.2942,511.6233
266.1101,412.3722,293.7313,413.6582,289.1389,512.2917,261.5178,511.0056
266.0643,413.3336,295.6657,414.6831,291.2112,512.3922,261.6097,511.0426
267.0244,416.0298,296.6959,418.1038,290.0121,513.7244,260.3406,511.6504
267.5670,415.0047,297.2356,417.3140,289.5034,516.6543,259.8348,514.3450
266.1556,418.1387,294.5591,420.0917,287.7027,519.8055,259.2991,517.8524
264.4417,422.0365,292.7933,424.2027,285.2111,523.4402,256.8594,521.2740
263.5316,426.0447,292.1863,428.2740,284.5107,526.9326,255.8559,524.7032
259.2996,432.0794,288.9579,434.2227,281.8246,532.9301,252.1663,530.7867
255.3049,435.8522,282.6861,438.4280,273.4276,536.8462,246.0464,534.2704
248.2509,440.1205,276.6672,442.1669,269.5021,541.6633,241.0858,539.6169
243.9129,441.9729,272.3896,444.3756,263.9489,544.4149,235.4722,542.0121
240.8179,445.0738,269.5379,447.4045,261.2638,549.3637,232.5437,547.0330
237.2936,448.0642,265.9503,450.1273,258.8464,548.8044,230.1896,546.7414
234.7168,449.9616,264.2942,452.3517,256.2859,551.4545,226.7086,549.0644
234.2139,451.0932,263.7565,453.1392,256.9295,551.7162,227.3869,549.6702
231.9381,451.9800,262.8103,454.4977,254.4919,556.4973,223.6197,553.9796
229.7652,453.2090,260.1038,455.0394,254.1711,553.3772,223.8326,551.5469
228.2955,454.5041,259.6524,456.0152,254.7158,558.4512,223.3589,556.9401
228.6007,454.6835,259.0548,455.6653,255.6283,561.9410,225.1742,560.9591
229.0538,456.0724,260.0247,456.7308,257.8042,561.1795,226.8333,560.5211
229.0318,455.8833,260.5077,456.5176,258.3793,562.1401,226.9034,561.5059
228.6366,457.0973,259.8607,457.2552,259.3686,554.5402,228.1445,554.3823
229.0205,456.8902,260.2533,457.2863,258.9557,559.6085,227.7228,559.2125
228.0616,458.6970,260.4358,459.4121,258.2958,556.2933,225.9216,555.5782
231.4906,459.7645,263.9014,460.5256,261.5524,560.5509,229.1416,559.7898
233.1525,458.8544,264.4400,459.3767,262.7766,559.0272,231.4890,558.5049
233.2074,457.0361,263.9926,457.1672,263.5531,560.3423,232.7679,560.2112
237.0216,459.7738,268.5936,460.4701,266.3933,560.2450,234.8213,559.5488
236.5613,455.6579,267.4862,456.6252,264.2135,561.2556,233.2886,560.2883
239.1847,458.6118,269.9247,460.0150,265.1913,563.7141,234.4512,562.3110
239.3196,458.4400,269.9275,459.9005,264.9042,565.1754,234.2963,563.7148
238.9503,459.4288,270.1060,461.1344,264.5295,563.0007,233.3738,561.2952
238.3415,460.3392,271.0915,462.0116,265.9582,562.5349,233.2082,560.8624
239.3926,456.2490,271.2342,458.4941,263.9476,561.8359,232.1060,559.5908
240.1909,457.8582,271.5081,460.6082,262.4972,563.2246,231.1800,560.4746
240.8418,458.9967,273.3202,461.5795,264.9327,567.0529,232.4543,564.4702
242.1507,456.9449,273.7859,459.6505,264.9304,563.1920,233.2952,560.4863
244.0131,460.1033,275.6143,462.7754,266.8139,566.8533,235.2127,564.1812
245.5451,461.2788,276.9945,463.6211,269.1556,568.8733,237.7062,566.5310
246.9774,461.9886,279.4149,464.7491,270.6761,567.4382,238.2385,564.6777
248.0004,460.1147,280.6736,462.7840,272.1291,567.3718,239.4558,564.7025
246.1868,458.9843,276.8203,461.6395,267.6974,566.8936,237.0639,564.2385
237.9281,457.7516,270.2793,461.0413,259.8615,563.4906,227.5103,560.2009
235.7751,455.6832,267.3173,458.7923,257.2090,561.3428,225.6668,558.2337
240.4226,453.7930,275.0526,456.8458,265.8363,561.3917,231.2063,558.3389
248.8165,449.9446,281.4557,452.5266,273.3113,555.4817,240.6721,552.8997
251.3562,445.1223,283.2338,447.3439,275.9784,551.4502,244.1008,549.2286
248.9519,444.3343,282.7110,446.2474,276.4810,556.1831,242.7219,554.2700
248.4339,447.5736,281.1549,449.0844,275.9551,561.7012,243.2340,560.1904
249.3169,451.6427,281.7850,453.0417,276.8551,567.4514,244.3870,566.0523
247.9551,453.8334,278.9041,454.7327,275.6479,566.7888,244.6989,565.8895
246.0482,455.0033,279.0239,455.3719,277.8253,562.6178,244.8496,562.2492
245.3429,457.1363,278.5921,457.6974,276.7845,564.8029,243.5354,564.2418
275.4097,561.5399,241.2902,561.6036,241.0887,453.8038,275.2082,453.7401
246.8306,451.1229,282.1594,451.7126,280.3657,559.1838,245.0369,558.5942
250.4862,447.8675,286.4319,448.9439,283.2417,555.4770,247.2960,554.4006
252.7497,442.9555,287.2017,443.4561,285.6268,551.8573,251.1748,551.3568
254.7512,440.9270,288.3492,441.4271,286.7592,548.2439,253.1612,547.7438
258.4349,441.0243,292.0349,441.9869,288.9153,550.8699,255.3152,549.9072
261.1118,435.5956,294.9332,436.9544,290.5172,546.8636,256.6958,545.5048
263.3334,436.5302,296.6867,438.1340,291.6570,542.7349,258.3036,541.1312
266.4431,434.0919,299.9947,436.3845,292.7269,542.7479,259.1753,540.4553
267.4203,432.8645,300.6408,435.7664,291.3647,541.9604,258.1443,539.0586
267.4397,433.0143,300.7070,436.0474,291.1146,541.2598,257.8472,538.2267
266.8752,432.0000,298.3997,435.0889,287.9966,541.2615,256.4720,538.1727
269.2263,428.7139,303.6120,432.2230,292.5774,540.3504,258.1917,536.8412
271.2634,430.8115,305.0201,434.4357,293.6049,540.7606,259.8482,537.1364
272.6322,430.6415,306.3466,434.3705,294.1521,544.6221,260.4377,540.8930
271.4549,431.7621,303.9972,435.2007,292.2284,546.5764,259.6861,543.1378
270.8836,433.6133,305.6590,437.5687,293.0030,548.8385,258.2276,544.8831
270.2955,435.8983,302.0527,439.1098,290.7524,550.8533,258.9953,547.6418
268.4168,437.6381,301.7929,441.2065,290.2667,549.0146,256.8905,545.4462
266.4738,437.8300,300.1809,441.4859,288.4778,549.3900,254.7706,545.7341
264.1543,437.8840,296.6244,441.0721,285.6034,553.3206,253.1333,550.1326
258.1883,437.7293,291.5413,441.0410,280.5689,551.5498,247.2158,548.2382
253.4490,434.9697,286.8858,437.8011,277.4354,549.4031,243.9986,546.5717
249.7151,434.4665,283.3228,436.8882,275.3041,548.1684,241.6964,545.7467
244.3799,433.2853,278.6697,435.4538,271.4814,549.1228,237.1915,546.9543
242.4005,431.6494,275.8435,433.1279,270.6899,549.7028,237.2468,548.2244
239.8023,433.3072,274.7578,434.4802,270.7720,553.2548,235.8165,552.0818
241.9839,432.2418,275.6027,433.4755,271.2821,551.2105,237.6634,549.9767
240.9428,431.8427,274.2923,433.0069,270.1347,552.1054,236.7852,550.9412
242.1894,430.7658,276.8337,432.1244,272.1724,550.9852,237.5281,549.6265
242.9685,429.8495,278.7976,431.7946,272.4343,549.0043,236.6051,547.0591
247.2916,430.3951,281.9122,432.4844,274.8298,549.8448,240.2092,547.7555
249.2758,432.6386,284.8664,434.8709,277.6801,549.4460,242.0895,547.2137
251.8166,430.1740,287.2023,432.6705,279.0514,548.2051,243.6657,545.7087
253.1386,432.0474,289.9663,434.8960,281.1013,549.5042,244.2737,546.6555
252.4558,433.2393,288.2668,435.5684,280.8513,549.5899,245.0403,547.2609
251.4264,433.9179,285.9143,436.8237,276.4233,549.4714,241.9355,546.5657
251.1798,434.6865,285.3722,438.0560,274.3453,549.9516,240.1529,546.5820
251.5702,437.6483,285.9031,441.3391,273.8008,553.9221,239.4678,550.2314
251.5495,440.3818,287.0460,444.8877,272.6233,558.5053,237.1268,553.9994
251.7464,443.3604,285.9100,447.8223,271.0650,561.4869,236.9014,557.0250
250.6842,446.2260,286.1730,450.9095,271.6387,561.0415,236.1498,556.3580
249.2755,448.3332,284.9395,453.1934,269.2985,567.9680,233.6345,563.1078
248.0914,453.1040,283.1390,458.5521,265.6367,571.1443,230.5891,565.6962
249.1487,457.0884,285.6966,462.7637,268.0648,576.3107,231.5168,570.6354
250.0553,459.0264,285.8957,464.5934,268.6625,575.5405,232.8222,569.9736
249.4452,461.2314,284.8856,466.3219,268.4514,580.7380,233.0110,575.6476
250.4705,462.5918,284.8322,467.6317,268.3556,579.9680,233.9940,574.9281
250.6411,461.2434,285.7749,466.2841,269.3434,580.8099,234.2096,575.7691
250.7943,460.2600,284.8114,465.2526,268.1527,578.7582,234.1355,573.7656
250.6200,460.0647,286.9377,465.2961,270.8052,577.2907,234.4875,572.0593
253.2490,462.1841,290.3201,467.2096,274.9768,580.3920,237.9056,575.3665
254.0798,462.2680,290.2141,467.0990,275.1197,580.0005,238.9853,575.1696
252.7263,463.4882,287.7779,467.8004,273.4426,584.3251,238.3910,580.0129
250.8404,465.7771,287.1058,469.5691,274.5697,589.4615,238.3043,585.6696
250.9228,467.1217,287.2190,470.2212,276.6365,594.1473,240.3402,591.0478
251.4667,471.1884,287.0910,473.9922,277.4364,596.6608,241.8121,593.8569
251.2026,476.4394,286.3050,478.6857,278.5392,600.0390,243.4368,597.7927
248.4313,479.3836,285.6863,481.6310,278.3531,603.1935,241.0981,600.9460
249.3638,481.4754,285.0824,483.5877,277.8634,605.6553,242.1448,603.5429
250.3110,483.1816,287.8855,485.9866,278.7674,608.1320,241.1928,605.3270
250.8643,487.2942,287.6795,489.8102,279.4247,610.5986,242.6094,608.0826
249.8283,490.2495,287.2902,492.7854,279.1677,612.7751,241.7057,610.2392
250.4526,493.0737,288.8478,496.1026,279.4176,615.6412,241.0224,612.6123
251.0838,493.9865,288.4772,497.2853,277.7690,618.6653,240.3756,615.3665
250.1822,495.9993,288.3328,499.4020,277.3757,622.2520,239.2251,618.8493
250.3472,499.1781,289.6012,503.0276,278.1273,620.0276,238.8734,616.1781
250.3131,498.5889,288.4619,502.8633,275.2266,620.9891,237.0777,616.7147
250.3120,496.4221,288.7218,501.4048,273.2256,620.8612,234.8157,615.8786
247.1769,497.6895,285.4699,503.3383,268.0768,621.2473,229.7838,615.5986
243.5869,496.7850,282.9853,502.7552,264.4302,625.2058,225.0317,619.2357
241.5164,495.7583,280.5382,501.6677,261.9280,624.5583,222.9062,618.6490
240.7081,493.5974,281.3090,499.9384,262.2592,621.9144,221.6583,615.5735
241.4657,491.5266,281.8163,497.7565,263.4186,616.9154,223.0681,610.6854
243.6521,490.4121,282.7302,496.6449,263.7849,615.4290,224.7067,609.1963
246.2010,487.2931,284.2513,492.7093,266.5842,616.8254,228.5339,611.4092
247.9818,485.9405,286.8096,492.0320,267.7922,613.2485,228.9644,607.1569
248.2789,486.5985,287.5556,492.3647,269.7810,613.4380,230.5043,607.6719
249.4660,485.1326,287.6262,490.7031,269.8781,612.2845,231.7179,606.7141
248.8854,487.8643,287.7065,493.9099,269.1464,613.0918,230.3253,607.0462
248.7676,491.2654,288.1635,497.5078,269.5347,615.0760,230.1388,608.8337
246.6926,489.1919,286.6055,494.4915,270.5311,615.5530,230.6182,610.2534
246.0416,489.9856,286.5195,495.5923,269.9175,615.4505,229.4396,609.8438
244.6535,493.8513,284.8271,498.5555,270.7229,619.0063,230.5492,614.3021
243.2865,493.8689,284.5517,497.5370,273.3375,623.6946,232.0723,620.0265
244.1748,498.0601,284.6593,500.8797,275.5702,631.3831,235.0856,628.5634
245.2259,497.6988,283.2860,499.8402,275.8200,632.5366,237.7599,630.3951
244.1676,498.6798,283.8473,500.7310,277.0716,631.8038,237.3919,629.7526
245.7667,502.4381,285.4516,504.9261,277.4430,632.6661,237.7580,630.1780
245.5092,505.1178,286.2857,508.1671,276.9910,632.4637,236.2145,629.4145
244.4427,507.9516,286.3122,511.1260,277.1736,631.6597,235.3042,628.4853
245.1455,510.9704,286.8152,513.9952,278.2410,632.1108,236.5713,629.0859
245.9676,512.9684,286.1358,515.8236,277.9300,631.2670,237.7618,628.4119
245.3495,515.0715,286.6750,518.4288,277.5262,631.0438,236.2007,627.6865
246.4512,515.0367,287.7919,518.4919,278.3627,631.3098,237.0220,627.8546
246.9354,513.6866,288.6912,517.4007,278.3698,633.4389,236.6140,629.7248
247.0028,513.6601,288.1666,517.3721,277.5691,634.8914,236.4054,631.1794
246.4407,512.5756,288.0591,516.5690,276.6738,635.2213,235.0555,631.2278
248.3226,512.3887,289.2592,516.9850,275.8638,636.2899,234.9271,631.6936
248.8236,512.5257,290.0159,517.7325,275.2780,634.3281,234.0856,629.1213
250.5953,509.4133,291.7815,515.0847,275.6172,632.4729,234.4310,626.8016
251.2514,508.2553,292.0496,514.3573,274.5886,631.1033,233.7904,625.0013
251.3670,507.7432,293.1984,514.0510,275.7515,629.7530,233.9201,623.4452
250.8355,510.8523,293.2491,517.7919,274.5825,631.8805,232.1688,624.9410
250.2944,510.9870,291.5395,517.4385,273.9514,629.8819,232.7063,623.4304
250.4113,508.9045,292.4922,515.5658,274.5484,628.9208,232.4675,622.2595
251.5521,506.0717,293.4081,512.6588,275.1619,628.5997,233.3059,622.0126
250.9334,505.3466,292.3993,511.4346,275.1311,629.0481,233.6653,622.9600
250.3617,503.3201,292.6723,509.3131,276.2592,625.1907,233.9486,619.1977
250.7876,495.9077,293.2006,501.8294,276.5657,620.9724,234.1527,615.0507
250.0967,494.1027,291.0574,499.4148,275.7703,617.2919,234.8096,611.9798
248.0399,492.5873,290.2895,497.5336,276.8580,612.2615,234.6084,607.3152
247.1292,485.2190,289.1864,489.9132,276.0522,607.5871,233.9951,602.8929
246.9084,479.9062,288.4546,483.3841,277.9834,608.4724,236.4372,604.9946
245.1580,478.9081,286.8260,481.8093,277.8662,610.4951,236.1982,607.5939
246.0822,477.6649,289.7175,479.8597,283.0092,613.2320,239.3738,611.0372
249.0093,479.7157,290.9067,481.1394,286.4403,612.5832,244.5429,611.1595
251.8030,478.6725,294.4875,480.0005,290.4546,609.6291,247.7701,608.3011
254.7125,476.8078,297.2949,478.0333,293.5123,609.4664,250.9299,608.2410
258.3501,478.5952,301.9312,480.3203,296.7152,612.0966,253.1340,610.3715
260.3362,481.5323,302.9283,483.2473,297.6567,614.1705,255.0646,612.4555
261.8137,479.6699,305.4031,481.7090,299.2514,613.2104,255.6619,611.1713
263.6741,479.6532,307.3027,481.6194,301.4910,610.5814,257.8624,608.6152
264.8065,480.5882,308.3741,482.6620,302.2902,610.4705,258.7226,608.3966
265.2646,480.3657,310.1274,482.8643,303.1254,608.5855,258.2626,606.0869
267.3843,479.2960,312.7981,481.9231,305.5435,607.3328,260.1296,604.7057
268.8593,477.1093,313.9189,480.0911,305.7245,603.9215,260.6649,600.9397
270.5110,479.3057,316.6918,482.9861,307.0036,604.5513,260.8229,600.8708
272.8407,479.6667,317.7156,485.0038,303.0924,607.9559,258.2175,602.6187
273.6804,478.3423,318.6336,483.3777,304.6515,608.2036,259.6982,603.1682
273.3083,483.5910,318.7361,488.7975,305.1821,607.0582,259.7544,601.8516
272.9708,484.1135,318.8499,489.0716,306.3727,604.5283,260.4936,599.5701
273.3466,485.9916,318.8560,491.2480,305.7928,604.3500,260.2834,599.0937
272.8955,489.9429,319.2731,495.1557,307.0377,604.0123,260.6601,598.7994
272.8995,492.7397,318.9999,498.8803,304.6795,606.3895,258.5791,600.2489
273.0192,493.3367,317.8268,500.2910,301.3971,606.1503,256.5895,599.1960
272.5178,492.2231,317.5594,499.6935,300.2569,604.0154,255.2153,596.5450
272.3217,492.7589,317.3847,501.2141,298.4150,602.3148,253.3520,593.8596
270.3500,492.2185,316.6938,501.9096,296.0178,600.7838,249.6740,591.0925
269.4584,490.0282,314.5608,499.7430,293.8032,596.1127,248.7008,586.3978
269.5520,489.2055,318.1007,501.1288,295.5040,593.1372,246.9552,581.2139
268.5752,487.9230,316.4116,500.0786,293.7777,589.1508,245.9413,576.9952
269.3817,483.3049,318.8651,497.7019,294.1632,582.6042,244.6798,568.2073
270.9780,482.9254,319.1793,498.3178,293.5992,578.4216,245.3980,563.0292
272.3589,482.4421,321.7263,502.2816,292.0047,576.2388,242.6373,556.3993
275.4979,480.5583,322.2992,502.1307,289.6751,572.9089,242.8737,551.3366
279.2661,483.1251,321.9316,504.3309,287.0773,574.4570,244.4118,553.2512
281.7160,486.4082,319.9608,509.6866,281.5466,572.7981,243.3019,549.5197
278.6956,491.2419,314.1093,514.4224,273.2203,576.8903,237.8065,553.7099
278.8542,495.9688,310.4097,520.1716,265.5898,578.6077,234.0342,554.4050
279.3811,499.2174,307.4694,520.8738,262.8018,578.8073,234.7136,557.1508
