1
168.7792,201.1908,183.4338,228.3941,153.8941,244.3073,139.2396,217.1039
178.3470,216.4794,178.1839,244.8381,145.1207,244.6480,145.2838,216.2893
176.9092,218.7180,178.4401,248.4105,145.7864,250.0941,144.2556,220.4015
173.9794,218.5215,170.5285,247.8892,138.0105,244.0681,141.4613,214.7005
162.8530,215.6784,163.1730,245.9650,130.4010,246.3112,130.0810,216.0246
152.8483,218.5754,152.5858,250.0028,119.6470,249.7276,119.9096,218.3002
143.5932,221.4315,142.3026,252.7472,107.3331,251.3060,108.6238,219.9903
135.8676,219.5151,135.3883,250.8780,100.3924,250.3433,100.8717,218.9803
130.9273,205.9374,134.3771,237.7509,96.0726,241.9045,92.6228,210.0910
143.2769,215.8270,121.1466,240.0693,93.9578,215.2492,116.0881,191.0068
139.1283,185.4586,157.1468,205.6715,127.4834,232.1145,109.4649,211.9016
2
0
0
0
0
1
232.3614,220.4368,244.5880,252.8847,208.2020,266.5953,195.9753,234.1475
236.2949,217.0140,254.0608,229.3730,234.9901,256.7869,217.2241,244.4279
272.4745,238.0052,250.8194,240.9365,244.9172,197.3342,266.5724,194.4029
296.6891,183.8422,311.1496,193.1029,288.0583,229.1596,273.5978,219.8988
2
0
0
0
0
1
303.2496,234.9538,334.2611,237.1433,331.7704,272.4196,300.7589,270.2300
289.0224,232.6004,321.0427,237.9195,315.3715,272.0592,283.3512,266.7401
300.7040,220.5938,305.3641,251.6316,269.9191,256.9533,265.2591,225.9155
302.3423,222.9117,286.1044,249.1229,254.8480,229.7595,271.0859,203.5483
306.8387,250.1660,276.9644,261.8328,264.6696,230.3504,294.5439,218.6836
2
0
0
0
0
1
2
0
0
0
0
1
299.1284,240.5241,325.5587,261.9248,302.6481,290.2198,276.2179,268.8191
2
0
0
0
0
1
464.8153,253.5331,464.0298,284.3006,429.2459,283.4125,430.0314,252.6450
449.7965,276.9386,417.8489,278.7700,415.8459,243.8274,447.7934,241.9960
407.2502,224.9499,439.4223,227.1982,436.9465,262.6252,404.7744,260.3769
429.8927,210.1283,447.0731,236.8328,417.0707,256.1348,399.8904,229.4303
454.8109,182.4627,469.9869,199.4983,439.7459,226.4383,424.5699,209.4027
468.7513,187.9217,483.8659,198.1118,460.3874,232.9365,445.2729,222.7464
495.5981,215.3364,497.5736,249.9382,455.9420,252.3151,453.9664,217.7133
508.2202,249.5050,474.9511,249.8310,474.5984,213.8327,507.8675,213.5068
491.1423,218.7506,519.0182,226.7465,509.5790,259.6537,481.7031,251.6578
501.4624,225.0315,511.3927,252.9858,481.1873,263.7159,471.2569,235.7616
473.0231,185.3849,487.2045,211.2426,455.8699,228.4278,441.6885,202.5701
2
0
0
0
0
1
422.6953,299.7164,388.9180,305.7198,381.3981,263.4100,415.1755,257.4066
394.5381,282.2329,407.6175,312.8290,371.9986,328.0556,358.9192,297.4595
2
0
0
0
0
1
358.8754,192.7677,390.4489,213.1082,370.2513,244.4597,338.6779,224.1191
370.4900,179.7256,388.7262,211.1173,356.5075,229.8338,338.2714,198.4421
372.4396,179.0803,389.2608,209.8255,351.8353,230.3016,335.0141,199.5565
386.1862,205.1332,369.3709,232.8239,337.2780,213.3354,354.0932,185.6447
376.0591,227.8401,342.2790,238.6093,330.8139,202.6461,364.5940,191.8770
330.9338,193.1186,360.5326,197.3198,354.9113,236.9229,325.3126,232.7216
321.0724,167.1578,357.5640,168.9357,355.4058,213.2311,318.9143,211.4532
2
0
0
0
0
1
358.9095,314.3433,319.7824,317.2343,316.4098,271.5898,355.5369,268.6988
2
0
0
0
0
1
389.6794,262.2960,352.6535,268.4897,345.8889,228.0516,382.9149,221.8578
396.8755,265.7816,372.6226,297.1772,339.4287,271.5351,363.6816,240.1395
400.4204,305.9694,372.2187,335.2500,341.1297,305.3066,369.3313,276.0259
2
0
0
0
0
1
357.0070,336.4675,356.1238,360.4513,305.1584,358.5744,306.0416,334.5907
2
0
0
0
