1
685.4278,667.0687,684.4540,693.6630,620.1467,691.3082,621.1205,664.7139
680.1941,664.2556,677.5621,687.6603,611.7096,680.2551,614.3416,656.8503
666.8972,663.0822,662.3363,685.5225,595.5042,671.9393,600.0651,649.4990
642.9222,659.7245,641.8832,682.1387,570.8899,678.8477,571.9289,656.4335
620.5000,652.1172,616.6080,683.0319,563.1705,676.3044,567.0626,645.3898
603.1011,651.4282,599.4561,678.4673,545.2040,671.1539,548.8490,644.1148
591.9738,641.1017,588.4524,669.8821,527.8941,662.4725,531.4156,633.6920
575.2908,648.7321,568.1005,672.3394,505.0006,653.1207,512.1909,629.5133
549.9993,637.6377,547.9598,661.0802,476.8269,654.8918,478.8664,631.4493
530.3890,640.3184,524.4566,663.1570,459.2838,646.2284,465.2162,623.3897
508.5696,620.5481,499.0632,653.7746,444.1791,638.0717,453.6855,604.8452
477.3374,618.5219,457.3226,640.0289,420.5432,605.8012,440.5580,584.2943
456.7266,583.3263,454.6118,610.6875,413.2847,607.4933,415.3995,580.1321
443.8558,586.8289,432.5462,609.8156,378.7506,583.3478,390.0603,560.3611
417.9252,552.7310,421.2010,588.1793,378.8433,592.0936,375.5675,556.6453
395.0865,554.9493,373.5116,574.1346,340.2886,536.7736,361.8635,517.5883
384.6424,523.1589,379.5154,553.3867,335.8644,545.9829,340.9915,515.7551
376.6886,524.0531,360.0071,552.5051,320.0811,529.0962,336.7627,500.6443
357.9321,504.5720,358.1866,534.2476,305.0060,534.7039,304.7514,505.0282
343.7219,503.7400,341.9199,532.6862,288.6663,529.3710,290.4683,500.4247
322.0804,511.9757,322.5366,535.9361,251.9600,537.2799,251.5038,513.3196
293.3362,511.3468,299.9049,545.5121,245.1511,556.0394,238.5823,521.8741
269.1843,540.9850,274.9152,563.6742,216.1840,578.5085,210.4532,555.8193
241.0393,541.3526,261.4789,565.7369,224.5125,596.7233,204.0728,572.3389
242.0711,557.7556,256.5432,582.1600,208.6297,610.5732,194.1576,586.1688
229.7873,571.2003,239.3143,594.5855,191.7729,613.9536,182.2459,590.5684
223.1970,580.5717,236.8452,606.9227,195.1266,628.5304,181.4784,602.1794
213.0114,588.9398,237.7258,608.1962,208.1693,646.1304,183.4548,626.8740
205.8138,611.5803,230.9905,612.5903,228.6489,670.9664,203.4722,669.9565
239.4605,702.7197,210.2357,705.8222,203.9386,646.5046,233.1633,643.4021
226.7921,692.0410,268.0265,703.8592,255.9261,746.0781,214.6918,734.2599
233.0710,719.6016,263.6625,720.4733,261.8155,785.2938,231.2240,784.4221
266.8054,786.3071,234.1437,788.5359,229.6974,723.3803,262.3591,721.1514
281.0026,783.6168,244.3505,791.7620,233.0489,740.9070,269.7010,732.7617
299.7188,798.6758,269.6858,809.7055,251.1044,759.1096,281.1375,748.0800
313.9221,822.0538,275.4137,823.3582,273.7555,774.4059,312.2640,773.1015
335.5174,827.5046,315.9091,843.5235,279.9715,799.5331,299.5799,783.5142
349.5779,837.3821,328.8584,853.5705,291.8592,806.2151,312.5786,790.0267
356.6841,840.5637,331.1378,858.5679,297.2205,810.4422,322.7667,792.4380
366.3362,835.5142,350.5837,856.3430,308.6917,824.6608,324.4442,803.8320
390.2993,836.4952,377.8111,862.7109,324.9716,837.5402,337.4597,811.3245
412.9996,849.5458,399.9966,872.7144,349.8951,844.5956,362.8981,821.4271
424.3383,863.5519,407.7713,889.1756,365.1699,861.6315,381.7369,836.0078
430.6030,896.2261,398.6765,905.4623,381.8622,847.3403,413.7887,838.1042
430.4174,902.0269,403.3789,910.1350,384.2481,846.3393,411.2867,838.2311
431.6467,893.3026,407.0369,905.0776,381.7669,852.2634,406.3767,840.4883
426.6497,897.2182,400.1209,905.3218,382.7264,848.3775,409.2552,840.2739
426.1049,901.3695,395.5954,908.2723,382.3266,849.6262,412.8361,842.7233
423.6769,899.3088,390.3107,906.7480,378.2333,852.5787,411.5995,845.1395
420.2908,899.2158,394.8085,905.9455,380.5616,851.9988,406.0439,845.2692
426.0533,902.6262,396.6556,909.5240,382.9731,851.2106,412.3708,844.3127
432.6892,897.7538,403.4866,909.2248,383.5486,858.4668,412.7512,846.9958
433.5887,905.0541,401.3931,913.3030,387.8415,860.4113,420.0372,852.1624
446.8359,900.6620,420.9448,918.2691,388.5609,870.6489,414.4520,853.0417
439.9278,909.3125,413.4641,920.8236,390.9932,869.1633,417.4569,857.6523
439.9796,907.9499,408.3277,917.3691,393.5130,867.5867,425.1650,858.1674
437.6629,914.1322,403.4756,919.8467,394.7509,867.6509,428.9382,861.9364
391.8216,869.9404,432.5703,869.9404,432.5703,915.1364,391.8216,915.1364
389.0000,869.1168,436.7469,869.1168,436.7469,914.2073,389.0000,914.2073
443.8161,884.2457,431.0888,923.4195,382.6226,907.6732,395.3499,868.4993
388.9095,872.8816,430.4995,872.8816,430.4995,917.1737,388.9095,917.1737
386.9000,871.9008,427.7373,871.9008,427.7373,917.0780,386.9000,917.0780
429.9513,884.4678,411.4725,924.7097,377.4540,909.0886,395.9329,868.8468
384.8040,871.9008,425.6576,871.9008,425.6576,916.1745,384.8040,916.1745
385.7256,872.9404,425.7462,872.9404,425.7462,916.3467,385.7256,916.3467
388.9837,871.2745,428.5766,876.9642,422.0728,922.2222,382.4799,916.5325
430.5518,907.5441,398.4478,925.0624,377.0863,885.9154,409.1903,868.3972
426.2690,916.7509,389.9572,920.2759,385.5132,874.4976,421.8250,870.9725
426.0625,916.6248,391.1619,921.0910,385.3429,875.6192,420.2436,871.1530
437.6931,901.5219,413.5175,928.9931,377.4832,897.2818,401.6588,869.8106
436.9096,904.6879,411.8323,925.8514,381.0157,889.3359,406.0931,868.1724
438.9735,904.6782,419.0789,923.1467,384.9032,886.3320,404.7978,867.8635
439.5457,907.3814,421.4711,922.3174,387.7609,881.5234,405.8354,866.5875
443.3702,901.9073,427.6105,920.2665,386.7122,885.1591,402.4718,866.7999
448.4849,900.7087,432.8994,919.1211,389.3830,882.2861,404.9684,863.8737
447.0418,898.2037,429.0056,917.2620,390.2357,880.5714,408.2718,861.5131
444.2977,901.8066,422.8081,918.9830,390.5629,878.6407,412.0525,861.4643
400.9095,871.9362,435.5851,871.9362,435.5851,916.1759,400.9095,916.1759
450.6139,898.9817,433.6396,923.8205,393.6433,896.4879,410.6176,871.6492
455.1566,902.2833,441.1125,927.0231,397.4174,902.2186,411.4615,877.4788
462.3668,899.4659,451.9514,927.9763,402.2105,909.8049,412.6260,881.2946
464.4771,896.9479,458.0817,925.8740,406.4641,914.4615,412.8596,885.5355
463.7230,895.4318,458.8472,925.0322,406.1828,916.3573,411.0585,886.7570
460.1655,888.3217,464.2006,920.1160,415.0525,926.3535,411.0174,894.5593
463.8467,888.1342,468.2565,917.2481,415.5173,925.2363,411.1075,896.1224
468.3451,893.8316,466.1389,926.5873,412.4391,922.9706,414.6453,890.2148
468.6240,906.1754,457.9582,931.5201,408.8004,910.8332,419.4662,885.4885
465.4883,904.9132,456.2071,929.8402,406.4980,911.3317,415.7792,886.4047
465.1002,907.0694,446.8792,933.3627,407.4200,906.0178,425.6410,879.7245
464.2952,907.4747,452.9208,930.4998,408.2969,908.4554,419.6713,885.4304
463.2534,905.3707,452.9647,927.6989,407.5695,906.7809,417.8582,884.4528
460.3106,910.6849,445.5537,933.3575,402.1052,905.0781,416.8621,882.4056
456.6907,907.3527,445.2656,931.9221,399.9814,910.8644,411.4065,886.2950
454.5433,911.1942,438.4580,937.1043,397.5878,911.7318,413.6731,885.8216
458.4276,906.0862,449.9709,929.9128,398.1794,911.5306,406.6360,887.7040
456.7644,906.4929,447.1716,928.2824,391.2034,903.6425,400.7962,881.8530
458.7094,908.5141,449.2321,930.1584,395.5376,906.6473,405.0150,885.0031
456.6584,902.8817,449.3606,925.8750,399.2350,909.9656,406.5328,886.9723
449.9036,894.5930,448.4434,925.3865,403.6371,923.2618,405.0973,892.4682
454.3855,898.8471,450.0403,922.7191,391.2742,912.0224,395.6194,888.1504
455.8043,908.4370,446.2045,927.6177,394.6346,901.8075,404.2344,882.6267
450.8246,901.7737,444.8219,921.6612,398.3709,907.6408,404.3736,887.7533
450.4728,900.7150,445.1578,921.4797,398.0611,909.4246,403.3762,888.6599
454.2692,905.3404,445.3187,925.9942,397.9804,905.4796,406.9310,884.8258
454.7665,906.2748,447.1151,926.2411,394.7457,906.1724,402.3970,886.2061
455.7794,906.9167,447.5406,928.0484,396.3052,908.0730,404.5439,886.9413
455.2398,897.0025,452.0131,921.3190,395.8118,913.8613,399.0385,889.5447
459.8336,903.1476,452.3185,924.3919,392.4318,903.2072,399.9470,881.9628
460.9615,903.1254,454.4581,923.5905,393.1220,904.0991,399.6253,883.6341
464.3755,900.6080,460.7760,920.8507,396.4774,909.4173,400.0769,889.1746
467.3109,896.6544,464.0306,919.3823,401.8011,910.4008,405.0814,887.6729
474.7182,899.7896,470.7247,921.9348,404.8521,910.0558,408.8456,887.9106
476.2810,900.2888,469.4838,927.4229,409.8271,912.4786,416.6242,885.3445
476.6304,899.5234,471.9543,925.4980,411.1969,914.5602,415.8730,888.5856
480.0250,900.4348,471.9311,924.6885,413.8924,905.3198,421.9864,881.0661
482.2827,899.7424,476.0228,923.1934,414.4702,906.7627,420.7301,883.3117
481.5736,895.0906,476.8013,919.1389,412.1205,906.3030,416.8928,882.2549
480.6187,896.0665,475.4963,919.2271,411.9496,905.1724,417.0721,882.0118
483.0468,891.5421,481.0818,912.3033,409.8695,905.5632,411.8345,884.8019
486.2896,892.1913,483.8452,913.6396,408.8705,905.0949,411.3149,883.6466
481.9018,891.9315,478.9530,913.2001,409.0324,903.5062,411.9812,882.2375
488.3636,893.3345,485.0716,915.5622,408.4870,904.2197,411.7791,881.9919
489.0518,888.9983,486.4260,911.2996,415.8056,902.9847,418.4314,880.6833
501.6726,879.3329,503.2620,903.8459,436.7737,908.1570,435.1842,883.6440
522.0959,877.8732,522.0004,901.0922,451.4410,900.8020,451.5365,877.5831
531.5558,876.7494,529.5417,902.2938,460.1095,896.8190,462.1237,871.2746
537.8832,866.3555,540.4948,894.8281,473.1574,901.0043,470.5459,872.5317
557.9834,859.5478,558.8989,881.8798,491.7022,884.6346,490.7867,862.3026
584.7268,855.3528,586.4592,884.2620,515.1774,888.5336,513.4449,859.6245
608.9702,858.2925,605.4296,885.4292,538.0931,876.6438,541.6336,849.5071
623.4967,855.7212,621.5148,885.4724,552.4902,880.8744,554.4720,851.1231
626.0544,865.3568,617.8433,891.3489,558.9750,872.7517,567.1862,846.7596
627.5655,872.0680,617.2480,894.8283,560.4752,869.0924,570.7927,846.3321
625.7610,872.8495,615.7873,895.0866,560.8425,870.4430,570.8162,848.2059
626.4634,876.2126,614.7451,898.6466,562.6975,871.4597,574.4158,849.0258
627.9186,872.5712,618.7798,896.1933,562.0171,874.2333,571.1558,850.6113
630.0317,871.8546,622.0106,896.9750,562.2542,877.8942,570.2753,852.7739
631.3535,870.8089,624.8736,894.0499,567.1865,877.9659,573.6665,854.7249
632.7034,850.7048,631.4417,876.0859,564.6340,872.7648,565.8957,847.3838
633.6542,852.2280,632.1611,876.7078,564.9620,872.6091,566.4551,848.1294
637.6960,848.7252,637.5930,873.2688,568.4448,872.9784,568.5479,848.4348
639.6785,851.0712,635.9948,877.2959,567.5182,867.6773,571.2019,841.4526
653.9803,853.0940,651.1611,876.0980,573.9464,866.6351,576.7656,843.6311
653.1472,852.4432,652.1841,874.7173,583.0998,871.7302,584.0629,849.4561
655.9560,851.4023,657.6130,872.9576,592.1462,877.9902,590.4891,856.4350
658.2493,842.5591,664.6702,863.1600,602.9201,882.4064,596.4992,861.8055
669.8893,840.4501,676.4271,861.0146,613.8531,880.9079,607.3154,860.3433
672.2839,836.7687,679.1816,857.4410,614.2819,879.0961,607.3842,858.4238
671.7495,834.0233,679.4828,855.2097,614.2870,879.0074,606.5536,857.8209
675.0639,826.8341,683.3768,851.0972,620.3243,872.7000,612.0114,848.4368
678.1468,826.5576,688.4082,850.5784,627.5530,876.5751,617.2916,852.5543
686.4593,827.7977,695.7388,850.6724,633.0783,876.0916,623.7988,853.2169
692.4542,823.1457,703.6709,846.1061,643.1910,875.6522,631.9742,852.6917
698.3178,823.5070,707.8967,842.8691,647.2882,872.8536,637.7092,853.4914
699.4938,822.1791,709.4886,841.3311,652.9125,870.8562,642.9178,851.7043
707.5279,816.7819,718.3882,836.5896,662.5330,867.2145,651.6727,847.4067
719.5564,812.3196,729.5585,831.1142,670.5674,862.5082,660.5653,843.7136
723.5260,809.4672,733.3561,828.5699,671.4872,860.4073,661.6571,841.3046
722.2852,804.7653,733.7971,820.6765,678.5518,860.6467,667.0400,844.7356
727.6583,798.2711,739.0197,815.5887,683.2405,852.1831,671.8792,834.8654
733.4846,796.3287,744.6343,815.8001,687.9439,848.2622,676.7942,828.7908
736.9276,799.1287,747.1318,819.4977,693.6837,846.2735,683.4794,825.9045
742.2878,786.8292,754.4593,807.1450,700.7852,839.3018,688.6138,818.9860
749.5309,779.5893,760.1901,798.2426,705.2487,829.6379,694.5895,810.9847
746.7287,763.3096,760.0272,788.1712,716.0270,811.7070,702.7285,786.8453
760.6757,758.1088,767.6971,786.7400,721.8012,797.9954,714.7797,769.3643
770.1854,739.7465,783.6931,767.0864,738.8010,789.2658,725.2934,761.9259
780.7260,717.4551,797.9564,742.5618,760.7578,768.0908,743.5273,742.9841
793.0364,700.7385,809.3593,729.2358,770.8075,751.3177,754.4846,722.8204
819.1940,696.0929,817.2773,726.3439,771.4280,723.4388,773.3448,693.1878
809.5010,679.5191,820.2778,701.4633,780.5378,720.9797,769.7610,699.0356
830.9048,671.7913,840.1075,695.5693,782.3198,717.9348,773.1171,694.1568
832.9551,673.6920,840.8317,695.9317,780.5025,717.2983,772.6259,695.0585
833.4921,674.8918,841.4968,696.2832,781.5551,718.7137,773.5504,697.3224
831.8277,677.7253,838.5833,698.8211,782.4166,716.8076,775.6610,695.7119
830.9998,677.8992,839.0458,700.1447,785.2539,719.6006,777.2079,697.3551
834.8646,679.7097,841.6911,703.3060,782.9235,720.3076,776.0970,696.7112
831.9585,681.9953,839.1140,705.5678,781.4737,723.0645,774.3182,699.4919
838.5363,687.3148,842.4630,712.6631,779.5697,722.4058,775.6430,697.0576
837.6094,692.2142,836.5618,724.5262,776.7153,722.5858,777.7629,690.2738
833.2275,688.7504,834.7122,727.9928,781.1547,730.0190,779.6702,690.7765
834.4973,694.1969,827.2703,733.5231,779.0533,724.6622,786.2803,685.3361
830.4534,697.2171,822.2467,739.9055,776.4454,731.1003,784.6520,688.4120
780.3364,698.3081,827.5795,698.3081,827.5795,749.7837,780.3364,749.7837
782.1200,704.3510,813.9266,704.3510,813.9266,756.9270,782.1200,756.9270
781.4697,705.0000,810.5611,705.0000,810.5611,756.5235,781.4697,756.5235
783.3521,706.0000,809.8045,706.0000,809.8045,757.7656,783.3521,757.7656
785.0988,709.1000,832.0485,709.1000,832.0485,758.8157,785.0988,758.8157
807.9479,759.3303,781.5576,761.0696,778.0693,708.1431,804.4596,706.4037
803.9731,767.7239,775.9580,767.9250,775.5490,710.9756,803.5642,710.7744
773.3195,710.6419,801.4860,711.3525,799.8849,774.8055,771.7185,774.0948
772.0170,707.4899,796.3892,710.2827,788.9400,775.2909,764.5677,772.4981
766.6624,711.0029,790.7386,716.3040,777.6283,775.8484,753.5521,770.5474
763.1798,717.7107,788.4857,732.0096,756.7883,788.1072,731.4824,773.8084
765.6167,731.2676,774.5867,769.0950,725.3951,780.7599,716.4250,742.9325
750.5139,742.5858,761.8945,766.8678,713.4600,789.5684,702.0793,765.2864
732.3117,746.5850,744.5001,768.0908,697.4788,794.7402,685.2903,773.2344
728.3566,753.6120,737.7212,776.9263,683.2735,798.7963,673.9088,775.4821
728.2746,754.7964,738.1011,777.3395,680.6194,802.3957,670.7929,779.8527
728.9461,755.2528,737.8385,778.0640,678.9455,801.0220,670.0531,778.2108
720.8287,745.5128,734.0475,767.1053,680.3317,799.9901,667.1128,778.3975
722.6832,745.0393,734.9107,765.5693,679.8960,798.3358,667.6684,777.8059
722.6975,746.9031,733.3952,766.3428,679.2350,796.1470,668.5374,776.7073
724.4334,746.9151,734.6772,765.9229,678.3412,796.2837,668.0974,777.2759
725.4787,754.2874,730.5836,777.3971,665.1043,791.8613,659.9994,768.7516
726.3969,753.3394,736.2133,774.9115,677.4750,801.6403,667.6586,780.0681
726.4100,753.2769,735.7485,773.9841,675.2081,801.2865,665.8696,780.5793
720.4849,753.1047,732.4950,769.5107,680.4186,807.6335,668.4085,791.2275
714.1025,751.1391,729.0479,768.1022,686.8671,805.2656,671.9218,788.3026
714.4717,754.1506,730.2574,779.7092,683.2609,808.7355,667.4752,783.1768
714.8798,756.4026,728.7814,777.9554,676.8835,811.4299,662.9818,789.8772
714.4929,756.4825,728.1146,774.6572,676.5032,813.3393,662.8815,795.1646
715.3975,757.2049,728.0870,774.7777,674.2949,813.6215,661.6053,796.0486
719.8045,756.1757,727.9247,777.8840,667.7124,800.4069,659.5922,778.6985
721.6826,758.4951,726.4072,780.6573,661.1611,794.5666,656.4365,772.4043
722.3375,757.3088,726.9397,780.1249,661.7437,793.2755,657.1415,770.4594
725.3019,753.9844,730.7080,776.7372,666.9941,791.8758,661.5880,769.1229
721.4868,755.9319,724.6151,778.8663,659.0297,787.8120,655.9015,764.8777
725.6044,757.1390,724.6699,784.8126,660.7053,782.6526,661.6398,754.9791
722.4218,762.6409,711.2712,788.8251,659.9473,766.9689,671.0978,740.7847
723.5732,762.9210,704.9123,783.6382,662.8214,745.7251,681.4824,725.0078
716.7623,756.4406,695.4482,778.5653,664.0732,748.3399,685.3873,726.2152
670.1314,722.8228,702.5380,722.8228,702.5380,754.8680,670.1314,754.8680
703.9127,738.1895,669.0388,750.2307,655.5030,711.0283,690.3769,698.9871
700.2285,725.8216,681.0076,740.9412,651.6622,703.6356,670.8831,688.5161
702.1941,711.5899,686.0394,732.9332,639.1757,697.4622,655.3303,676.1189
687.5057,697.0227,678.6293,721.2357,621.7017,700.3662,630.5781,676.1533
675.6552,684.7261,665.7303,708.4625,609.9034,685.1195,619.8283,661.3832
656.8469,672.7592,644.1006,698.4384,598.4445,675.7764,611.1908,650.0971
630.8279,650.1747,628.9330,677.2315,578.3305,673.6875,580.2255,646.6307
598.8115,646.4885,594.9807,668.4218,525.5502,656.2950,529.3811,634.3616
559.3277,640.1127,559.8685,662.5520,493.6201,664.1486,493.0793,641.7093
534.4409,635.2253,538.6707,657.4620,474.5567,669.6573,470.3270,647.4206
519.0422,636.7672,523.9529,661.6645,469.4377,672.4169,464.5270,647.5195
490.5237,649.4264,494.9441,669.9109,422.6102,685.5200,418.1898,665.0355
456.8885,661.2448,459.3530,684.8451,391.9685,691.8817,389.5041,668.2814
428.8420,663.7998,434.1849,683.6918,369.5506,701.0524,364.2076,681.1604
409.8569,674.8859,414.7501,697.0660,357.7592,709.6389,352.8661,687.4587
381.4776,682.9517,396.9141,709.1353,352.3935,735.3823,336.9570,709.1987
366.0664,707.8014,377.4384,730.6322,336.3468,751.0997,324.9749,728.2689
354.7571,773.1899,326.3944,773.5469,325.9225,736.0533,354.2852,735.6964
335.1846,752.9918,357.0144,769.9457,327.8319,807.5208,306.0021,790.5668
330.4578,779.5696,354.5421,798.0408,322.2172,840.1890,298.1328,821.7178
319.4236,795.5444,343.2596,799.4966,333.2899,859.6259,309.4538,855.6737
347.5368,861.0090,318.4113,863.2385,313.2485,795.7937,342.3740,793.5642
365.5971,826.6997,349.8860,857.4982,307.2421,835.7445,322.9532,804.9459
372.6744,856.0742,346.9572,865.6147,324.6698,805.5369,350.3869,795.9964
387.2655,851.1556,367.8040,864.9967,333.1619,816.2876,352.6234,802.4465
405.8155,854.3659,389.9530,872.5599,341.9508,830.7092,357.8133,812.5152
418.9186,850.0211,401.7316,876.6544,359.5256,849.4181,376.7126,822.7848
447.5910,851.6674,436.7114,877.4173,382.9832,854.7166,393.8628,828.9666
452.7653,841.4321,448.1869,872.6278,394.7491,864.7850,399.3276,833.5893
469.4964,862.6328,453.3580,890.8894,403.3201,862.3109,419.4585,834.0543
483.7155,865.8995,470.2869,895.0245,422.3181,872.9076,435.7467,843.7826
480.3523,895.8542,457.1137,906.8767,429.1940,848.0140,452.4326,836.9915
472.6752,900.7384,443.5687,905.8817,432.6012,843.8147,461.7077,838.6714
470.3241,897.3502,441.0695,902.3725,430.5266,840.9602,459.7812,835.9379
466.9012,896.7263,440.0446,901.2782,429.4468,838.7509,456.3035,834.1989
442.6284,830.7635,471.0924,840.8741,450.3529,899.2612,421.8889,889.1506
444.4595,831.7767,465.6003,849.5752,423.1345,900.0156,401.9937,882.2171
440.3098,840.5751,450.4810,860.3755,389.3717,891.7665,379.2005,871.9661
427.9342,845.3611,432.7741,871.3228,362.4865,884.4261,357.6466,858.4644
411.9686,844.8897,411.7796,869.4788,338.0910,868.9124,338.2800,844.3233
392.2735,831.7666,393.2690,860.2426,322.7521,862.7077,321.7566,834.2318
370.4958,831.4618,364.7894,856.5568,297.1678,841.1803,302.8742,816.0853
348.2690,820.3643,339.2904,844.9703,278.1138,822.6473,287.0924,798.0413
325.8727,805.2937,313.3781,830.6368,261.0177,804.8221,273.5123,779.4791
293.6726,785.2370,275.9646,806.6282,234.3701,772.1956,252.0781,750.8043
271.3956,752.6160,264.2250,779.7470,212.3040,766.0245,219.4746,738.8935
244.8362,717.1468,242.8974,752.1122,199.6590,749.7148,201.5978,714.7493
223.8151,720.7878,197.9300,736.6545,172.6584,695.4260,198.5435,679.5594
222.1710,701.1735,201.7228,726.2871,162.7993,694.5944,183.2475,669.4809
212.7519,684.7413,201.6482,719.1832,150.2773,702.6218,161.3809,668.1800
210.4544,682.3199,201.3574,716.2827,141.7196,700.3085,150.8166,666.3457
213.0976,681.7982,208.6353,709.9945,139.8432,699.1075,144.3056,670.9111
211.2543,680.7590,209.3747,707.5040,141.2874,702.7188,143.1670,675.9738
210.3982,680.5247,210.0873,706.2653,141.3943,705.4355,141.7052,679.6951
210.6518,681.2179,209.9023,706.0575,141.0197,703.9788,141.7693,679.1392
208.5227,680.6714,207.4252,708.4464,142.5335,705.8824,143.6310,678.1074
208.7534,680.8010,206.0740,705.8333,139.7038,698.7291,142.3833,673.6968
207.0855,678.6599,204.2406,707.3068,138.9020,700.8180,141.7469,672.1711
207.6268,679.9986,200.9884,707.4287,133.9862,691.2133,140.6246,663.7833
203.8479,681.8948,190.0865,707.6076,136.6747,679.0218,150.4361,653.3090
202.8570,681.0573,184.5087,704.4962,141.2579,670.6388,159.6063,647.1999
194.3718,668.9235,178.5356,699.3897,136.3191,677.4458,152.1553,646.9796
189.7425,668.7489,166.7345,691.4600,132.0414,656.3133,155.0494,633.6022
185.6014,636.4836,180.7797,668.6458,137.9534,662.2253,142.7751,630.0631
182.3701,638.9822,164.3588,661.4042,120.4596,626.1404,138.4709,603.7184
169.1059,598.8915,167.7045,630.9340,124.3396,629.0374,125.7410,596.9949
188.2045,607.0222,175.0095,627.4234,125.0110,595.0856,138.2060,574.6844
170.6030,582.5026,154.2346,609.7712,120.0257,589.2368,136.3941,561.9682
168.4077,569.8232,154.8875,596.3429,121.4621,579.3021,134.9823,552.7823
160.4124,524.3163,179.4600,547.2545,145.0118,575.8598,125.9642,552.9216
176.0356,524.4922,165.3728,553.1749,119.6525,536.1783,130.3152,507.4957
175.9935,478.7906,179.8530,516.3074,140.4708,520.3589,136.6113,482.8420
180.5279,489.1366,139.7856,491.1330,137.6136,446.8082,178.3559,444.8118
189.8441,442.2004,163.8965,460.8484,140.2417,427.9342,166.1893,409.2862
190.8389,389.2920,204.9852,412.2609,163.0460,438.0909,148.8997,415.1220
170.2049,364.4311,206.8090,372.3724,197.1415,416.9327,160.5375,408.9914
209.8926,354.9472,225.4498,391.7820,184.3735,409.1305,168.8164,372.2957
213.0169,343.4789,238.5639,350.4322,221.6291,412.6519,196.0821,405.6987
212.2906,339.5586,250.3210,358.9300,225.8091,407.0522,187.7788,387.6808
220.7906,331.9113,255.3095,355.3515,224.4794,400.7532,189.9604,377.3130
219.8783,333.2126,253.7897,357.2265,223.2068,400.4146,189.2953,376.4007
226.6717,337.0008,255.3380,362.7639,216.6888,405.7684,188.0225,380.0053
225.1826,340.9061,251.2727,359.2458,230.0949,389.3735,204.0047,371.0339
214.3805,341.1525,247.1229,346.4534,241.0708,383.8354,208.3284,378.5345
224.6891,336.1757,252.7100,350.8041,233.7583,387.1064,205.7373,372.4780
224.8536,336.3539,252.5047,350.6422,233.5184,387.3850,205.8673,373.0967
222.6632,335.8432,252.1785,349.9520,234.6165,386.6913,205.1012,372.5826
223.0094,335.5970,250.5013,348.5208,233.1805,385.3661,205.6887,372.4424
225.4615,334.7611,250.6815,349.2481,230.2673,384.7868,205.0473,370.2999
224.0281,337.8650,248.1477,352.9305,228.6259,384.1846,204.5063,369.1191
242.9219,337.3792,251.2545,365.6331,208.1034,378.3591,199.7708,350.1052
245.6702,336.2373,251.9865,366.2448,208.6622,375.3642,202.3459,345.3568
243.7840,337.8170,250.8167,365.2566,208.1651,376.1881,201.1324,348.7486
242.5721,330.8291,256.9509,354.3026,213.8326,380.7149,199.4538,357.2414
236.8025,328.1384,256.9797,352.4854,221.0335,382.2752,200.8563,357.9282
248.8914,328.0431,263.6251,347.5372,220.4560,380.1646,205.7222,360.6705
261.5146,335.7888,264.5185,368.1910,216.7226,372.6220,213.7187,340.2198
281.4426,331.8707,288.2903,355.4299,225.4508,373.6950,218.6030,350.1359
272.9954,330.2066,284.3873,351.5128,236.6808,377.0204,225.2888,355.7142
262.5384,324.3176,284.4216,340.2747,256.4507,378.6331,234.5676,362.6760
260.4196,314.5726,291.9200,335.9048,267.1919,372.4196,235.6915,351.0874
291.4016,321.2299,296.7812,349.9641,251.4594,358.4491,246.0799,329.7149
271.5164,308.8766,297.4504,327.9871,274.1468,359.6115,248.2128,340.5011
265.0236,309.5586,295.2376,313.7514,289.4692,355.3203,259.2551,351.1275
285.9626,296.5966,307.9585,311.0874,282.6462,349.5095,260.6503,335.0187
307.9273,295.5926,317.2096,322.1517,278.3875,335.7197,269.1053,309.1606
308.9692,283.0132,326.4669,298.7548,296.2313,332.3635,278.7336,316.6219
291.3867,280.7031,321.6465,283.5785,317.4980,327.2356,287.2382,324.3602
319.1501,277.7425,330.9133,309.4098,292.4106,323.7121,280.6474,292.0448
290.7028,269.7424,324.4456,269.7424,324.4456,309.5149,290.7028,309.5149
330.8690,270.1333,324.1132,299.8165,284.4510,290.7895,291.2069,261.1063
333.6108,271.5310,326.5605,298.9384,284.8000,288.1960,291.8503,260.7886
341.2205,273.3719,321.5201,296.6373,290.0040,269.9503,309.7043,246.6850
297.5157,246.5937,337.5016,246.5937,337.5016,285.8296,297.5157,285.8296
341.1678,279.9836,315.7116,289.5515,301.2005,250.9430,326.6567,241.3752
343.3841,271.6956,326.2238,289.3845,297.0480,261.0805,314.2084,243.3917
342.4950,271.4043,324.0961,288.1803,296.4457,257.8551,314.8445,241.0791
341.6658,275.0149,318.0049,289.8217,294.2568,251.8728,317.9176,237.0660
341.0859,274.9747,316.7414,288.7496,295.1920,250.6650,319.5364,236.8901
342.3759,274.6029,319.3354,289.0884,294.9000,250.2218,317.9404,235.7363
340.7332,278.1917,316.1192,288.3027,299.8928,248.8013,324.5068,238.6904
341.8448,274.4420,320.1412,288.4474,297.0982,252.7386,318.8018,238.7332
337.2288,282.1944,313.5580,288.2672,302.5312,245.2872,326.2020,239.2143
346.0128,265.3613,323.1941,288.7186,296.2485,262.3944,319.0672,239.0371
342.7995,262.0147,326.9832,288.5043,294.5725,269.1527,310.3887,242.6631
339.6533,259.2592,328.0566,286.0520,292.5045,270.6638,304.1012,243.8711
341.1385,260.5347,327.3755,285.8233,293.2037,267.2257,306.9667,241.9371
340.0186,258.2730,329.3312,285.6617,293.3010,271.6022,303.9883,244.2135
339.0307,257.6772,330.9128,284.7072,289.5530,272.2856,297.6709,245.2557
338.5096,256.3880,332.4680,283.9698,295.2589,275.8195,301.3005,248.2376
336.2564,256.4623,331.1826,283.5390,291.2939,276.0644,296.3678,248.9877
332.6807,254.7062,328.4347,280.7486,287.3962,274.0577,291.6422,248.0153
332.4418,255.6239,327.4034,281.5029,284.8511,273.2185,289.8894,247.3395
329.6535,253.2329,324.7890,281.1577,289.3503,274.9843,294.2149,247.0595
327.6390,255.1772,317.4537,282.3059,280.3166,268.3630,290.5019,241.2343
328.9414,258.5941,319.1565,280.9444,279.4328,263.5535,289.2177,241.2031
327.0128,254.8648,318.5889,279.2599,276.6590,264.7811,285.0829,240.3860
325.1424,250.3426,316.4428,276.5632,276.4732,263.3019,285.1728,237.0814
320.0701,249.5982,314.1001,273.2856,272.3854,262.7722,278.3555,239.0847
321.7593,251.7239,315.8948,272.2494,266.8956,258.2495,272.7601,237.7240
322.5616,249.4262,316.8810,271.2756,264.8290,257.7428,270.5096,235.8933
317.5120,247.6531,314.6464,269.6518,248.9340,261.0919,251.7996,239.0933
311.8031,245.4939,312.3871,265.8530,245.7746,267.7639,245.1905,247.4048
307.6141,246.8703,308.3418,267.2156,242.5005,269.5706,241.7728,249.2254
306.9138,251.2407,309.0312,271.7994,239.5882,278.9518,237.4708,258.3931
299.7321,255.7090,302.2969,276.1743,236.9248,284.3670,234.3600,263.9018
286.6094,262.7827,289.3624,284.0644,225.8839,292.2759,223.1309,270.9942
272.8536,274.4869,273.2298,299.0385,219.1463,299.8673,218.7701,275.3156
248.8409,284.0600,259.2800,303.9528,215.0148,327.1815,204.5758,307.2887
232.2050,307.2936,233.1150,335.1304,196.9903,336.3114,196.0802,308.4747
215.9384,312.7192,230.8792,329.8386,194.3643,361.7068,179.4235,344.5874
217.1384,321.8939,227.2698,340.7209,182.6509,364.7318,172.5195,345.9048
221.4605,326.9522,227.9557,353.8970,165.5193,368.9478,159.0240,342.0031
234.3968,333.6785,229.3095,359.6096,162.3966,346.4823,167.4839,320.5512
195.1312,308.9545,228.4939,314.5267,219.2793,369.6979,185.9165,364.1256
231.9404,347.4725,202.8578,364.7156,180.5054,327.0156,209.5880,309.7726
202.8286,302.0839,233.1300,306.6401,226.4828,350.8476,196.1814,346.2914
201.7052,294.7028,237.8021,294.7028,237.8021,332.7940,201.7052,332.7940
254.7024,288.5665,256.5657,318.7746,216.9606,321.2175,215.0974,291.0094
280.7737,255.5915,287.6797,291.3781,245.6084,299.4969,238.7024,263.7103
288.3270,244.6223,308.9523,265.8413,277.1067,296.7959,256.4814,275.5769
338.3588,241.4462,327.8665,270.9304,278.1702,253.2454,288.6624,223.7612
370.4400,220.4193,364.8529,250.3403,317.0354,241.4114,322.6225,211.4904
412.9033,211.9836,407.2416,239.7880,356.4228,229.4400,362.0845,201.6356
444.5980,209.2583,443.2021,232.7160,386.2603,229.3277,387.6561,205.8700
475.2775,215.8544,470.3282,238.8367,408.0934,225.4342,413.0427,202.4520
510.3750,230.1139,504.4297,254.8866,449.1274,241.6144,455.0727,216.8416
536.8414,249.5520,525.8398,281.4309,480.9715,265.9466,491.9731,234.0677
545.4043,269.0988,527.3298,293.4757,488.5665,264.7343,506.6409,240.3574
547.3465,273.9303,526.5239,298.5470,492.7208,269.9538,513.5433,245.3372
564.6169,268.4392,563.8612,293.8281,508.6735,292.1854,509.4292,266.7965
592.6243,264.8272,591.6569,290.6965,527.8560,288.3106,528.8234,262.4413
616.1332,255.5792,613.5276,285.7053,566.9924,281.6805,569.5980,251.5544
647.4645,218.2871,652.5051,252.6568,603.9617,259.7762,598.9211,225.4064
658.2105,222.1203,659.2642,253.3550,614.2095,254.8748,613.1559,223.6401
657.5709,213.8924,669.8249,238.3849,625.0139,260.8044,612.7600,236.3118
650.4501,202.2069,671.7747,217.9555,635.4835,267.0964,614.1588,251.3479
646.6932,215.0730,664.1729,243.3918,625.7728,267.0942,608.2931,238.7755
616.8612,222.1464,654.4955,222.1464,654.4955,261.3822,616.8612,261.3822
653.2982,232.5302,640.4651,265.4515,610.9736,253.9554,623.8068,221.0340
651.5719,238.8390,635.4716,266.4770,604.8262,248.6247,620.9265,220.9868
613.0277,209.7884,641.3523,212.7757,636.0314,263.2262,607.7067,260.2388
628.8977,214.5451,631.2008,252.2394,600.2661,254.1295,597.9630,216.4352
623.7314,206.6075,631.2732,239.6237,592.3219,248.5212,584.7802,215.5049
628.2166,226.0670,615.1163,248.5548,570.3041,222.4493,583.4044,199.9615
541.4619,189.1756,582.3155,189.1756,582.3155,225.9622,541.4619,225.9622
568.3240,204.1630,536.8464,224.3120,515.1921,190.4828,546.6698,170.3338
544.0733,184.4600,538.3043,212.4518,493.4702,203.2117,499.2393,175.2199
539.3851,187.2408,534.5807,213.5189,484.7865,204.4151,489.5909,178.1369
538.3770,204.4412,522.4093,220.3090,485.5543,183.2218,501.5220,167.3541
538.9707,214.4864,510.0780,224.1669,495.0321,179.2607,523.9249,169.5802
516.3102,166.4704,542.9583,169.8635,535.0359,232.0812,508.3879,228.6880
528.0699,172.4492,554.5673,181.2773,536.8819,234.3603,510.3844,225.5323
565.6301,179.2931,579.9938,198.2305,530.2562,235.9556,515.8925,217.0182
588.3062,192.0079,595.4995,212.4165,542.3754,231.1411,535.1820,210.7326
616.0786,217.6828,605.8325,244.5582,554.5529,225.0081,564.7990,198.1327
659.8259,229.8071,653.5687,253.2912,594.2257,237.4795,600.4830,213.9954
695.2839,235.0295,687.3158,261.5009,630.0729,244.2701,638.0410,217.7988
720.9901,253.0176,715.3112,275.5185,656.6345,260.7094,662.3134,238.2085
722.9850,290.8273,698.8939,306.8440,670.5619,264.2291,694.6531,248.2124
747.3314,315.3235,728.4007,339.5830,685.4725,306.0843,704.4031,281.8248
767.8679,337.3425,753.8602,359.4556,707.7870,330.2701,721.7947,308.1570
792.7719,339.6524,786.2621,361.9751,726.8353,344.6450,733.3450,322.3224
817.7584,358.4864,807.7508,381.6153,744.7916,354.3736,754.7993,331.2447
818.5034,375.0783,800.2122,399.9892,758.7306,369.5307,777.0218,344.6198
825.8470,405.6784,799.8161,424.4566,770.4667,383.7717,796.4977,364.9935
812.2704,447.1964,788.6702,447.9089,786.9030,389.3745,810.5031,388.6620
782.1524,424.0942,804.7953,424.8357,802.4965,495.0302,779.8535,494.2887
804.6874,515.4948,768.3974,528.0560,751.7729,480.0275,788.0629,467.4662
769.7380,511.3392,797.5555,519.8223,780.6682,575.1981,752.8508,566.7150
771.8055,547.7063,799.3591,564.0159,768.3749,616.3608,740.8214,600.0513
764.0841,579.3301,795.6804,590.9420,777.3217,640.8966,745.7254,629.2847
766.8762,607.4443,782.6204,627.7437,739.8353,660.9277,724.0912,640.6282
757.2460,625.3875,764.6857,658.6156,716.0316,669.5091,708.5919,636.2809
745.8810,631.7988,748.6082,656.2732,675.8752,664.3777,673.1481,639.9034
720.8337,633.3334,720.6172,657.0142,651.8798,656.3858,652.0963,632.7051
693.2012,615.9733,694.9059,646.3062,629.6509,649.9734,627.9463,619.6406
623.9404,604.8040,668.2325,604.8040,668.2325,638.8656,623.9404,638.8656
651.6772,611.6270,626.8199,621.9054,605.3976,570.0977,630.2550,559.8193
637.8408,553.4857,617.1273,579.7701,585.9976,555.2383,606.7111,528.9538
639.5464,516.5432,624.7231,546.4517,574.6730,521.6459,589.4963,491.7374
621.5598,462.4583,611.4209,495.3216,558.0435,478.8539,568.1823,445.9905
607.5210,417.2781,598.2378,447.7676,544.9499,431.5429,554.2331,401.0534
569.6168,372.0318,598.3160,389.6917,578.0193,422.6760,549.3201,405.0161
555.7820,368.8216,592.5503,368.8216,592.5503,409.5703,555.7820,409.5703
591.2293,362.5076,578.0010,396.5337,534.1395,379.4816,547.3678,345.4555
569.7756,319.2100,558.7336,348.7032,511.9265,331.1790,522.9686,301.6858
546.0424,288.0550,539.4899,324.1122,493.9300,315.8328,500.4826,279.7755
540.5204,271.8128,539.7142,310.2203,491.7048,309.2126,492.5110,270.8051
539.0629,253.0387,525.4008,286.0631,486.9786,270.1679,500.6407,237.1435
494.7052,197.1981,537.1341,197.1981,537.1341,235.6005,494.7052,235.6005
501.5643,178.8040,538.4780,178.8040,538.4780,221.3421,501.5643,221.3421
516.0373,165.5232,547.4137,177.7289,528.2053,227.1069,496.8288,214.9012
511.0062,164.1835,540.2981,164.7746,538.8881,234.6549,509.5963,234.0639
537.9874,228.4811,510.1407,237.8864,488.7607,174.5854,516.6072,165.1801
525.6415,230.1706,496.8586,234.3696,489.7934,185.9403,518.5762,181.7412
519.1016,195.6991,518.6176,227.5552,474.3482,226.8826,474.8323,195.0265
503.3367,197.0513,501.4039,224.5667,451.8756,221.0875,453.8085,193.5721
476.3519,198.4945,468.0862,229.5207,419.8327,216.6655,428.0984,185.6393
451.7846,196.9842,449.6465,220.2613,378.1528,213.6943,380.2909,190.4172
423.2678,201.0314,427.1758,220.8100,359.2426,234.2327,355.3347,214.4541
379.9146,210.6250,396.0941,235.3125,350.4398,265.2331,334.2603,240.5456
363.7009,227.0474,370.8601,250.5036,309.2408,269.3108,302.0816,245.8547
342.5645,242.8948,343.4784,267.4606,272.1762,270.1132,271.2623,245.5474
319.0898,241.6454,324.0420,261.3459,256.4433,278.3384,251.4911,258.6379
302.7278,252.0620,309.3414,281.3156,257.2827,293.0849,250.6691,263.8313
291.1494,270.2847,305.2840,292.6531,247.2918,329.2983,233.1573,306.9299
255.9252,314.6436,277.3101,334.9873,235.9479,378.4662,214.5630,358.1224
233.1610,367.2579,258.5760,382.7651,228.1467,432.6364,202.7317,417.1292
224.8516,425.1568,255.4499,430.8971,245.7913,482.3820,215.1929,476.6417
275.4540,523.5259,235.1329,533.3261,223.8181,486.7737,264.1392,476.9734
246.5157,536.1145,282.6598,536.1145,282.6598,582.1251,246.5157,582.1251
253.3230,555.2181,285.0449,558.7352,279.2921,610.6208,247.5702,607.1037
258.5546,569.0419,286.6333,575.6801,272.4222,635.7906,244.3435,629.1523
260.4952,579.2605,283.5121,593.1321,256.1935,638.4612,233.1767,624.5895
257.0373,599.9884,274.8585,629.3302,233.4601,654.4741,215.6389,625.1323
242.4994,618.2874,254.6023,643.1959,204.1239,667.7231,192.0210,642.8145
212.1609,639.6980,222.2343,663.6492,165.4920,687.5139,155.4186,663.5627
202.8573,639.4358,212.5674,665.9920,159.7486,685.3049,150.0385,658.7487
194.9492,628.5272,215.1048,647.2994,170.7381,694.9357,150.5825,676.1634
200.8383,635.6500,218.6593,658.0649,172.0920,695.0884,154.2710,672.6735
197.1060,637.8892,212.9192,656.8539,163.5996,697.9776,147.7864,679.0129
190.8496,637.8452,208.9503,655.4641,165.4151,700.1896,147.3145,682.5707
183.8652,634.0668,208.8971,648.7036,176.0951,704.8019,151.0632,690.1652
181.0753,636.0189,210.1867,648.6859,184.0279,708.8043,154.9165,696.1373
183.0028,642.1207,209.5526,654.4764,184.6352,708.0185,158.0855,695.6628
166.9995,647.4977,201.5689,648.3236,200.0997,709.8196,165.5303,708.9937
164.0474,652.8583,200.7264,654.5785,197.8824,715.2191,161.2034,713.4990
180.4261,657.4324,206.8455,658.4699,204.1098,728.1302,177.6905,727.0928
184.1935,677.4573,213.3977,678.3611,211.2372,748.1639,182.0330,747.2599
227.6911,742.4324,191.3884,752.3550,177.3592,701.0280,213.6619,691.1053
252.1965,751.5778,233.1170,768.7886,194.4748,725.9505,213.5544,708.7397
268.1094,767.1439,244.5073,787.2662,210.4111,747.2736,234.0132,727.1513
278.8835,795.4128,250.8508,807.1484,227.3771,751.0770,255.4097,739.3414
289.0442,798.9070,269.4856,813.7811,230.3123,762.2701,249.8710,747.3961
298.6215,796.2303,282.8178,814.5140,240.0931,777.5847,255.8968,759.3009
315.6588,789.6817,295.7328,818.6757,252.7227,789.1171,272.6487,760.1232
341.8994,771.2097,340.3430,795.6147,270.7613,791.1772,272.3177,766.7722
361.8687,752.5662,368.0510,781.5118,304.5412,795.0765,298.3589,766.1309
410.2099,749.1192,412.1049,772.7955,342.2192,778.3889,340.3242,754.7126
445.2831,751.5106,441.2029,780.5992,374.2385,771.2062,378.3187,742.1175
471.0679,755.5990,469.0342,781.6790,407.3452,776.8686,409.3788,750.7886
495.1513,759.3785,492.7300,781.5615,426.8895,774.3751,429.3107,752.1920
513.2360,775.8122,504.6718,797.6452,441.4019,772.8270,449.9661,750.9940
534.9346,796.0297,520.2515,822.4562,469.0486,794.0071,483.7317,767.5806
547.3918,809.9321,525.0802,839.1244,484.1695,807.8564,506.4811,778.6642
545.0624,859.4720,512.6765,865.6034,503.1972,815.5337,535.5831,809.4023
566.3729,882.4376,540.6750,897.0244,509.6895,842.4364,535.3875,827.8496
571.2202,878.9982,553.7837,896.4742,506.5273,849.3249,523.9637,831.8489
582.9449,861.4901,570.6124,885.4022,513.6337,856.0160,525.9662,832.1038
587.6725,853.8739,581.6277,876.3933,517.9141,859.2906,523.9590,836.7712
589.4968,855.8108,582.9268,877.3503,517.8892,857.5125,524.4592,835.9730
589.5658,854.0572,582.8964,877.2687,518.8700,858.8719,525.5394,835.6604
598.5377,850.5046,593.0981,875.6188,524.0704,860.6679,529.5100,835.5536
602.1363,849.5677,598.2787,873.9327,529.0320,862.9694,532.8896,838.6044
602.7607,844.4980,600.5752,870.1107,530.6078,864.1404,532.7933,838.5278
601.3428,845.4187,599.3023,869.6487,531.5458,863.9426,533.5863,839.7126
603.1183,845.5912,601.8002,870.0907,532.3207,866.3525,533.6388,841.8530
591.6885,823.4667,603.4985,848.8143,546.9131,875.1788,535.1030,849.8312
595.8060,824.1373,604.4476,845.0721,543.2789,870.3218,534.6373,849.3870
596.5564,824.3443,604.9022,845.4073,544.1331,869.4859,535.7872,848.4228
593.9532,818.1235,604.7731,839.7689,548.4185,867.9386,537.5987,846.2932
595.2956,812.2145,606.8676,831.7158,549.7201,865.6270,538.1481,846.1257
594.5347,806.5405,610.6567,830.5794,557.0438,866.5356,540.9218,842.4966
590.3598,796.2908,605.8264,811.4443,562.2426,855.9285,546.7761,840.7751
589.5274,796.3372,605.4735,811.5239,562.5225,856.6224,546.5764,841.4356
598.5580,797.6075,611.9116,814.6503,562.5157,853.3535,549.1622,836.3107
601.2406,795.2241,615.1254,812.8772,563.7110,853.3164,549.8262,835.6633
599.1656,795.0022,614.3841,813.0704,564.7751,854.8553,549.5566,836.7871
601.7682,794.7181,615.8718,812.3199,564.0541,853.8391,549.9506,836.2372
615.5397,798.0663,625.3627,817.2350,564.9777,848.1794,555.1547,829.0107
614.2678,798.8284,626.1376,820.6298,578.1496,846.7570,566.2798,824.9556
623.8251,790.2084,634.4192,807.6569,577.9251,841.9583,567.3310,824.5099
628.7538,788.8107,638.4904,806.8898,581.5437,837.5586,571.8071,819.4795
636.2278,784.8824,647.5544,812.1633,589.6082,836.2219,578.2816,808.9410
641.0861,785.0546,649.1666,804.9471,586.0639,830.5801,577.9833,810.6874
644.7275,787.0749,652.3411,809.7185,588.9377,831.0370,581.3241,808.3934
651.0444,792.8000,656.4083,819.1318,592.3000,832.1910,586.9362,805.8592
658.8602,789.0264,664.8600,817.0825,600.0576,830.9405,594.0578,802.8845
667.6623,787.0382,672.7134,821.3211,608.8582,830.7294,603.8070,796.4465
658.3994,795.0563,674.0771,826.0981,619.5548,853.6348,603.8770,822.5930
662.1606,804.1123,672.8035,827.0929,616.3389,853.2428,605.6961,830.2622
663.0865,807.3731,671.2452,832.5695,614.9429,850.8005,606.7842,825.6042
660.8671,805.2067,673.0612,827.3831,619.9717,856.5756,607.7775,834.3992
656.3774,800.2721,673.4597,823.7709,623.5853,860.0269,606.5029,836.5281
659.9433,803.5941,672.1525,826.3185,617.9179,855.4573,605.7087,832.7329
658.4731,801.0013,671.9401,824.8816,616.8569,855.9449,603.3900,832.0646
657.7651,801.1259,671.9163,825.6857,617.5710,856.9992,603.4197,832.4395
660.2305,802.2419,672.7126,824.7296,616.5457,855.9061,604.0635,833.4184
657.2761,800.8917,671.6258,823.2926,619.2501,856.8438,604.9004,834.4429
657.6586,800.4030,672.3984,823.8766,619.7133,856.9593,604.9734,833.4857
658.3960,803.9078,670.8020,827.6759,615.8768,856.3448,603.4707,832.5767
658.4489,802.9622,671.6195,824.7524,618.1679,857.0601,604.9973,835.2698
658.4599,801.6736,671.9551,822.4133,619.5119,856.5380,606.0167,835.7983
662.1926,804.1617,672.5757,824.5061,613.8207,854.4925,603.4376,834.1481
660.5073,803.0562,672.1220,825.5488,616.5916,854.2237,604.9769,831.7311
658.4954,804.0972,670.7083,825.0222,617.1221,856.2979,604.9092,835.3729
659.3981,804.8778,671.0435,825.8069,616.8544,855.9588,605.2090,835.0297
660.7095,805.0898,671.5444,825.3374,615.6902,855.2262,604.8553,834.9786
661.4482,806.1979,671.5730,826.0807,615.0613,854.8577,604.9366,834.9749
661.7539,805.0107,672.7979,827.2128,616.3728,855.2804,605.3288,833.0783
661.9374,806.4857,672.2305,828.1501,615.6065,855.0531,605.3134,833.3888
2
0
0
0
0
1
735.4937,712.5594,757.0667,723.8812,733.1998,769.3580,711.6268,758.0361
730.2023,712.6168,755.6006,722.6107,736.9011,770.1334,711.5028,760.1395
717.8888,714.9670,751.3165,719.2399,745.5269,764.5338,712.0991,760.2609
720.0209,711.6817,748.4992,714.7374,742.8798,767.1098,714.4015,764.0541
722.8344,708.7503,749.7728,712.6909,741.0152,772.5590,714.0768,768.6184
721.6472,711.7314,753.8709,718.3607,742.8811,771.7805,710.6575,765.1513
720.1133,714.5383,748.1606,718.8777,740.1825,770.4448,712.1351,766.1055
