1
270.7581,155.9785,299.5066,262.0155,187.1547,292.4760,158.4062,186.4390
281.0729,161.2971,289.4604,268.2683,173.7930,277.3376,165.4056,170.3664
293.0081,171.4998,270.6111,279.4713,158.4356,256.2023,180.8326,148.2308
309.5651,212.3235,229.8288,292.0368,148.1022,210.2865,227.8385,130.5733
305.7177,185.6529,252.2280,285.1911,150.7160,230.6406,204.2057,131.1025
303.0974,245.0129,194.8298,279.7254,158.9659,167.8666,267.2336,133.1541
305.8111,238.7378,200.5273,282.1065,154.8247,171.1568,260.1085,127.7881
309.1161,216.2017,218.6729,283.1634,149.6680,189.9604,240.1112,122.9988
304.6143,179.0296,251.4918,276.4924,152.4341,222.5005,205.5566,125.0377
304.5656,170.7538,264.9884,275.5142,154.3277,233.7079,193.9049,128.9474
308.2689,182.3548,250.5695,278.4911,151.8835,219.2615,209.5829,123.1252
310.5688,187.4601,247.9998,280.8099,151.7760,216.3146,214.3449,122.9648
315.5037,205.7803,235.5205,286.6474,150.0950,202.1556,230.0782,121.2885
314.9084,196.6839,244.3568,284.6826,151.0376,209.8653,221.5892,121.8666
315.9776,199.3301,241.8644,285.7103,151.7029,208.3528,225.8161,121.9726
310.4496,172.5297,271.9796,278.5533,156.9523,236.8164,195.4223,130.7928
318.4625,224.5432,221.3948,285.9500,157.5511,185.0302,254.6188,123.6234
320.8682,193.2028,251.4488,284.7414,158.4129,214.1865,227.8323,122.6479
324.7772,228.0409,226.3723,288.1368,162.6417,183.7803,261.0466,123.6844
327.4764,220.0287,233.7861,285.6237,165.5548,188.1680,259.2451,122.5730
211.4817,133.2582,318.2022,163.8052,285.8474,276.8419,179.1268,246.2948
251.8641,122.3997,333.0118,190.7044,257.0234,280.9805,175.8757,212.6757
310.1894,136.3452,333.7390,241.7423,217.3820,267.7407,193.8324,162.3437
335.7355,153.5674,328.0443,258.2928,213.2633,249.8632,220.9545,145.1377
344.7617,159.3823,329.8212,260.7354,213.5902,243.6017,228.5307,142.2486
343.3780,152.8455,338.4481,253.3478,228.5802,247.9585,233.5101,147.4562
350.0818,151.4354,349.6415,254.2303,242.7217,253.7722,243.1621,150.9774
361.3245,151.6410,365.8785,258.6479,254.3927,263.3925,249.8387,156.3856
315.9475,130.9167,393.8938,206.4346,316.5925,286.2217,238.6462,210.7038
366.0344,144.5993,391.0184,248.5748,281.3902,274.9171,256.4062,170.9417
352.7218,138.4043,403.8761,227.5233,307.9219,282.6009,256.7676,193.4819
384.9032,153.7724,400.9514,256.8564,288.8695,274.3055,272.8213,171.2214
391.1862,155.5099,407.1337,255.3526,295.7496,273.1436,279.8021,173.3008
405.1970,164.7037,407.2895,266.2176,293.0717,268.5719,290.9793,167.0580
398.4007,156.9935,417.8467,258.0959,304.3488,279.9260,284.9028,178.8236
409.5369,168.0853,408.3912,272.9229,294.4210,271.6775,295.5667,166.8399
400.1400,161.8035,412.1648,263.3620,299.0380,276.7565,287.0132,175.1981
376.9131,149.3472,417.4202,241.1335,315.6381,286.0519,275.1310,194.2657
377.6961,149.6624,416.0785,243.6547,311.6652,286.2925,273.2829,192.3002
336.0751,142.5591,413.0221,204.4874,343.9260,290.3406,266.9789,228.4122
363.0182,143.5134,412.4567,232.5458,315.2938,286.4990,265.8554,197.4666
368.4288,145.9994,408.6720,240.6839,305.1957,284.6638,264.9525,189.9793
357.3593,141.9424,404.7667,234.7798,306.4013,285.0101,258.9939,192.1727
333.7810,136.0795,403.9796,210.3743,322.4429,287.4155,252.2443,213.1207
359.1404,142.1189,395.4591,241.4144,289.3120,280.2392,252.9933,180.9436
346.6692,136.9788,391.9183,230.4507,289.2805,280.1370,244.0314,186.6650
339.0350,134.8287,385.3181,226.7709,283.7144,277.9174,237.4314,185.9752
343.2341,141.2665,367.3812,236.8802,260.1765,263.9545,236.0294,168.3409
358.8236,157.2002,348.0765,258.6513,234.2711,246.5954,245.0182,145.1443
349.9210,154.0411,341.7718,253.8513,227.0963,244.4884,235.2455,144.6782
289.0145,124.6761,350.7462,203.5143,266.2227,269.6976,204.4910,190.8595
319.8126,135.5477,335.8876,239.7181,221.7887,257.3253,205.7137,153.1548
317.1312,136.9672,328.1570,241.1297,193.9070,255.3403,182.8812,151.1779
315.4834,148.2445,303.8027,249.8711,179.8198,235.6208,191.5005,133.9942
299.4247,139.0560,294.4810,243.7256,177.6113,238.2058,182.5549,133.5361
287.2353,133.9744,291.2819,234.3972,163.7706,239.5353,159.7241,139.1125
272.2629,131.4363,278.4185,232.8537,154.6503,240.3659,148.4948,138.9485
254.3516,128.9529,265.3516,230.8938,149.7686,243.3658,138.7686,141.4248
223.9148,114.7821,264.3725,212.6761,160.5350,255.5901,120.0773,157.6961
241.6779,227.3112,143.3188,253.4689,115.4790,148.7847,213.8381,122.6270
195.0889,118.1864,241.0135,209.5566,138.3619,261.1515,92.4373,169.7812
197.4371,127.8098,226.5005,225.0953,112.9908,259.0055,83.9274,161.7200
200.6503,135.0999,220.1879,234.6565,99.9566,258.2514,80.4190,158.6948
193.9485,143.6347,206.6637,243.8417,86.0244,259.1496,73.3091,158.9426
188.3780,147.7456,199.7194,244.9394,73.1959,259.7032,61.8545,162.5094
173.5482,146.4192,199.2380,243.2170,78.1971,275.3409,52.5073,178.5430
168.6637,148.1170,197.7576,243.0786,78.3213,279.6710,49.2274,184.7094
165.7117,159.9368,190.0464,255.6912,65.5257,287.3365,41.1910,191.5822
161.2459,164.7156,185.1588,263.2567,61.1413,293.3520,37.2284,194.8109
148.8103,164.9352,181.7607,266.1861,65.7566,303.9377,32.8062,202.6868
164.6234,183.4331,175.2214,286.2430,50.7382,299.0752,40.1401,196.2653
163.2673,192.7361,162.7762,299.2669,47.5315,298.7356,48.0226,192.2048
164.0446,188.9695,183.2905,289.6519,58.2899,313.5463,39.0441,212.8639
164.4372,188.3254,188.9089,288.6429,64.9258,318.8876,40.4541,218.5701
178.5610,194.1823,194.8504,296.3879,65.4082,317.0182,49.1189,214.8126
178.8620,191.4681,201.5214,292.2157,79.0184,319.7682,56.3590,219.0206
174.2090,182.5606,214.9278,280.6381,100.3459,328.2090,59.6271,230.1315
195.0629,189.6020,221.5940,293.7293,98.4560,325.1041,71.9250,220.9768
183.2532,179.0356,242.6692,285.2605,122.7934,352.3120,63.3774,246.0870
238.5773,209.2209,234.9487,326.3548,95.2724,322.0279,98.9009,204.8941
154.3495,180.0475,260.0919,235.5983,200.4482,349.1318,94.7058,293.5811
199.3959,175.6848,278.1260,260.5570,179.8521,351.7189,101.1220,266.8467
275.9424,208.3001,270.6477,310.7707,139.5888,303.9988,144.8835,201.5282
288.8248,204.1795,292.4611,306.4052,154.8885,311.2988,151.2522,209.0731
296.8057,206.4139,292.8678,310.5632,168.6591,305.8669,172.5970,201.7175
295.9002,190.5812,319.4560,300.7376,191.3368,328.1346,167.7810,217.9782
330.9340,204.7795,328.0397,317.3544,191.7772,313.8511,194.6715,201.2762
345.0128,210.1342,334.0695,313.3951,205.7878,299.8002,216.7311,196.5392
362.0944,216.3897,342.7376,314.7733,214.7711,289.5961,234.1279,191.2125
370.9731,213.0793,348.6115,319.7791,227.6156,294.4214,249.9773,187.7215
372.5536,202.8548,364.0236,304.4256,244.8938,294.4209,253.4239,192.8502
378.5607,198.8482,376.0122,298.1091,258.7206,295.0976,261.2691,195.8368
385.5239,200.0915,373.6162,300.0970,262.4419,286.8595,274.3495,186.8540
390.2725,195.6638,385.1502,293.1286,274.4915,287.3128,279.6138,189.8480
391.6803,187.5408,397.1324,285.8447,286.8558,291.9608,281.4037,193.6569
390.5528,178.6976,408.4356,271.0006,297.2159,292.5483,279.3331,200.2454
387.2570,164.1563,417.1082,261.0795,308.8117,294.4336,278.9605,197.5104
371.9574,156.5208,417.7281,249.8543,321.7533,296.9203,275.9826,203.5868
391.8444,158.1137,413.6337,257.2343,303.6870,281.4035,281.8976,182.2829
345.8696,142.6976,415.5318,208.4186,341.2673,287.1366,271.6052,221.4156
341.1101,134.7169,416.0680,204.7535,339.2722,286.9456,264.3143,216.9089
350.9892,132.3395,411.0012,217.9161,321.6440,280.5793,261.6320,195.0027
330.2289,128.1085,412.9365,196.4654,339.9009,284.8338,257.1934,216.4769
296.1495,136.3377,387.7001,162.3579,356.2298,273.0840,264.6792,247.0637
291.9767,127.5351,394.0416,168.9624,351.8433,272.9268,249.7785,231.4995
368.0046,132.7390,382.0643,236.3645,272.5497,251.2233,258.4900,147.5978
365.1466,134.6241,372.0219,234.9171,259.6154,242.6228,252.7401,142.3298
349.2462,126.9819,365.5957,226.5325,258.0128,244.2013,241.6633,144.6506
350.1841,133.6528,349.8100,234.1485,241.8108,233.7466,242.1848,133.2509
332.0082,123.1624,345.5018,220.9484,236.3551,236.0097,222.8615,138.2237
333.0929,132.7780,326.5352,232.5567,215.2441,225.2424,221.8018,125.4637
330.0834,134.5131,321.3971,232.9225,195.4485,221.8054,204.1348,123.3959
318.3743,133.0216,311.2208,237.1256,186.0812,228.5266,193.2348,124.4226
307.4349,131.5892,302.3864,231.1270,175.8350,224.7085,180.8834,125.1707
293.4433,124.2164,298.4406,226.3287,173.3716,232.4495,168.3743,130.3372
291.5836,130.1179,288.3371,232.4761,157.7650,228.3347,161.0115,125.9765
283.1636,132.3959,280.8278,235.5490,142.8631,232.4249,145.1989,129.2719
249.2811,117.0984,275.1490,220.3728,154.9989,250.4677,129.1310,147.1934
228.3126,113.2685,268.4243,206.8332,159.9589,253.3329,119.8472,159.7682
205.2623,113.5295,260.0124,203.1356,162.8833,262.4822,108.1332,172.8761
203.4476,121.7617,247.5599,212.8595,138.7396,265.5536,94.6272,174.4559
210.9452,131.8451,238.3942,228.1186,120.4453,261.7476,92.9963,165.4741
207.3593,136.7695,235.0836,232.5376,121.2855,265.4815,93.5612,169.7135
212.8228,152.1477,222.7121,255.5769,97.4118,267.5573,87.5225,164.1281
201.9790,152.9546,219.7609,256.3627,94.2691,277.9420,76.4872,174.5340
173.0018,148.9148,217.4789,243.7982,103.9955,296.9942,59.5184,202.1108
183.5222,169.4975,208.5959,269.2363,90.4281,298.9429,65.3544,199.2041
183.9899,191.4164,195.4682,285.2057,80.7208,299.2490,69.2425,205.4597
186.8126,194.9582,199.2878,292.6444,81.2719,307.7159,68.7967,210.0297
183.6095,189.3153,208.6857,291.8659,93.3116,320.0779,68.2353,217.5272
183.9489,192.6358,213.3096,293.5335,96.1870,327.6155,66.8264,226.7178
144.1681,182.8413,226.5202,266.1320,139.0069,352.6591,56.6548,269.3685
198.8667,205.1081,218.6046,320.1157,97.1301,340.9634,77.3922,225.9559
199.5019,194.8068,249.6867,298.7641,127.0581,357.9624,76.8733,254.0052
232.0477,207.8280,255.9595,322.9687,112.1385,352.8366,88.2268,237.6959
238.7958,208.1689,267.1964,320.5298,131.8971,354.7283,103.4965,242.3675
247.9049,207.5473,278.8035,315.2791,136.1155,356.2035,105.2169,248.4717
287.7525,229.7573,282.0251,339.7204,139.2860,332.2859,145.0134,222.3229
300.4206,242.3022,275.9303,350.7998,145.1389,321.2774,169.6291,212.7798
307.2556,232.4277,295.3679,343.9644,159.4539,329.4785,171.3416,217.9418
324.7680,235.4146,311.4842,346.1313,169.9537,329.1504,183.2375,218.4337
338.6610,235.4312,324.1811,347.0543,178.6408,328.1746,193.1207,216.5514
357.0092,241.3830,333.3264,353.4985,195.5443,324.3940,219.2271,212.2785
361.2845,233.7536,340.4490,350.8125,212.4606,328.0316,233.2961,210.9727
369.8806,223.3265,361.9749,343.4055,224.3791,334.3466,232.2848,214.2675
398.0485,255.5545,336.6431,364.8360,220.0614,299.3285,281.4669,190.0471
269.7432,198.7792,390.2916,221.5325,366.4500,347.8467,245.9016,325.0934
305.8372,182.7846,409.6778,244.4401,343.8815,355.2547,240.0409,293.5992
272.5075,202.5102,394.5678,207.5920,389.2434,335.4812,267.1831,330.3994
399.6552,193.4506,412.9290,321.2441,283.0140,334.7383,269.7402,206.9448
411.6351,200.8222,404.9113,316.9015,277.2013,309.5039,283.9251,193.4246
404.9930,185.9987,416.3563,298.6282,291.0685,311.2686,279.7052,198.6391
353.2954,157.7067,436.4113,235.9101,350.0269,327.7210,266.9109,249.5176
384.5230,156.0037,434.8365,258.5233,319.0346,315.3553,268.7211,212.8356
384.7319,154.2001,430.5347,258.1263,315.7695,308.7062,269.9666,204.7800
386.1280,151.4082,427.1724,257.6883,311.1216,302.5060,270.0771,196.2260
392.5865,148.5326,423.4857,263.9176,301.0808,296.6966,270.1816,181.3116
329.0204,134.0634,424.8331,201.1950,354.3286,301.8216,258.5159,234.6900
354.4472,126.7155,426.2462,229.0729,322.7598,301.6638,250.9608,199.3064
342.2990,120.6596,421.7719,210.6524,326.2436,295.0137,246.7708,205.0209
316.3339,118.9379,416.2503,194.0025,339.9676,295.5404,240.0511,220.4758
376.7371,128.9625,399.5571,250.7483,269.5671,275.1056,246.7471,153.3198
381.7709,136.0007,386.5368,253.0077,252.1845,258.4801,247.4186,141.4731
369.4439,129.5687,381.7455,244.1466,249.4738,258.3479,237.1722,143.7699
370.8278,132.7713,371.8785,249.6378,234.7867,250.8703,233.7361,134.0038
326.1279,107.5740,374.1945,215.8354,258.6490,267.1360,210.5824,158.8746
302.4895,102.3130,367.8952,199.5126,264.8521,268.8503,199.4465,171.6508
327.0272,111.1771,356.6923,223.9061,228.7943,257.5630,199.1291,144.8341
325.0727,113.3145,348.2498,229.4155,215.0524,256.0055,191.8753,139.9045
307.9483,108.1078,341.4099,224.3654,211.0259,261.8929,177.5643,145.6353
304.9006,113.7032,326.0598,231.9609,190.8307,256.1567,169.6715,137.8990
297.0728,113.8303,318.4328,233.1600,183.9217,257.2375,162.5617,137.9078
280.5341,109.9585,312.2824,229.2415,183.8803,263.4169,152.1320,144.1339
270.3258,108.0057,308.6209,224.1522,180.6172,266.3569,142.3220,150.2103
244.9600,103.3995,305.1194,208.7506,189.1057,274.9987,128.9463,169.6476
252.8318,111.3355,293.6926,223.9495,166.4568,270.1157,125.5960,157.5017
254.0237,122.5873,276.5186,241.9072,146.6896,266.3834,124.1947,147.0634
243.5863,120.9421,271.6855,240.6895,147.8298,269.7527,119.7306,150.0053
278.2655,196.0281,194.9006,287.3047,101.3400,201.8537,184.7049,110.5771
257.9391,148.5288,240.3724,271.3026,116.6984,253.6071,134.2651,130.8333
260.5128,248.5175,143.1458,275.8932,115.1530,155.8806,232.5200,128.5049
254.4023,260.4510,137.6791,268.9964,128.6982,146.3247,245.4214,137.7793
267.6453,239.9164,156.0470,280.0208,114.4637,164.3070,226.0619,124.2027
275.2218,234.8856,169.5560,285.8401,114.7816,172.2531,220.4474,121.2986
284.7822,207.3226,200.5474,292.0247,108.1101,200.0975,192.3450,115.3953
289.6725,199.3599,213.1541,291.6071,110.8386,206.7372,187.3569,114.4899
294.3639,203.5939,217.3988,291.3858,113.5826,200.3726,190.5477,112.5806
274.7751,147.0022,269.0403,270.3127,123.9463,263.5647,129.6812,140.2543
256.2935,124.1076,292.6560,251.6154,143.7456,294.0815,107.3830,166.5737
299.3095,165.6205,264.8018,285.9969,118.6869,244.1109,153.1947,123.7344
312.3040,178.4717,266.2493,295.3437,114.7531,235.6449,160.8078,118.7729
322.0079,211.6816,230.9835,319.7304,107.5613,215.7548,198.5856,107.7060
227.9722,107.3661,315.0985,220.7267,186.4744,319.5844,99.3480,206.2238
223.1674,105.5667,316.6339,215.3880,188.3634,324.5561,94.8969,214.7347
270.5363,119.4318,307.5448,252.3585,145.7003,297.4181,108.6918,164.4913
263.6848,113.9521,312.2625,247.2233,154.2011,304.8370,105.6235,171.5658
285.5777,125.1804,302.4793,267.0275,138.0013,286.6257,121.0997,144.7785
283.7912,125.1996,302.8347,263.5842,138.6612,286.1766,119.6177,147.7920
307.1772,147.9623,285.9898,282.8714,122.0246,257.1208,143.2120,122.2117
306.0246,142.5747,289.8767,278.5047,124.3944,258.8461,140.5423,122.9161
