1
311.9195,306.9697,300.5860,307.2128,299.9970,279.7630,311.3305,279.5198
302.0963,306.2470,287.7350,308.4967,284.3605,286.9550,298.7218,284.7053
275.5070,277.4877,286.6357,278.7685,283.6169,304.9981,272.4883,303.7173
262.7684,276.7358,273.2944,277.3343,271.7616,304.2908,261.2356,303.6922
263.1962,304.7341,249.6784,306.0889,247.4698,284.0519,260.9875,282.6971
249.8943,299.0336,239.8954,299.1823,239.5383,275.1850,249.5372,275.0362
243.6211,285.8255,233.8454,286.1738,232.9366,260.6673,242.7123,260.3190
227.1718,254.5782,243.3329,257.8688,239.2181,278.0785,223.0570,274.7880
2
0
0
0
0
1
183.8219,181.3551,198.1847,182.8880,194.6826,215.7016,180.3198,214.1687
189.1041,180.9616,201.9878,181.0415,201.7720,215.8376,188.8883,215.7576
195.4535,194.2445,213.8041,195.9429,211.0392,225.8153,192.6887,224.1168
217.9003,197.1485,234.5910,199.1525,230.8956,229.9314,214.2048,227.9275
241.3601,193.6804,259.0005,197.0344,252.6498,230.4361,235.0094,227.0821
263.3122,202.2342,284.4404,213.4155,270.2349,240.2583,249.1068,229.0770
283.4538,200.8707,303.7023,213.6372,287.9639,238.5995,267.7153,225.8330
2
0
0
0
0
1
359.0480,195.9818,370.0330,196.0207,369.9375,223.0205,358.9524,222.9817
375.2230,223.9983,360.4592,224.7974,358.8918,195.8398,373.6556,195.0407
367.1103,195.9577,380.6469,196.0432,380.4320,230.0426,366.8954,229.9570
371.7544,195.7182,384.0402,196.3395,382.5250,226.3012,370.2393,225.6799
389.9724,228.3125,377.1176,229.6031,373.9776,198.3274,386.8324,197.0368
391.2926,230.0593,378.5667,230.1724,378.2936,199.4462,391.0196,199.3331
389.7366,228.2138,378.4345,228.4630,377.7731,198.4703,389.0751,198.2211
395.6470,233.2098,381.8370,233.4055,381.4127,203.4549,395.2226,203.2592
398.9452,235.3660,385.2722,236.3965,383.0926,207.4785,396.7656,206.4480
387.8020,204.6880,400.0679,205.3889,398.4704,233.3433,386.2044,232.6424
390.4264,207.8409,401.6991,208.1783,400.8316,237.1653,389.5589,236.8280
403.1598,238.6591,392.3565,239.8852,388.9733,210.0766,399.7766,208.8505
401.5771,230.8790,390.1354,231.8617,387.8249,204.9608,399.2667,203.9781
400.9139,231.0518,390.9504,232.2214,387.5693,203.4191,397.5328,202.2495
399.8276,233.8916,388.6127,234.2860,387.6285,206.3033,398.8434,205.9089
400.3564,228.4396,390.3307,229.6501,387.2141,203.8376,397.2397,202.6270
402.3199,229.8834,392.0157,230.4987,390.2274,200.5520,400.5316,199.9367
405.6051,233.5345,394.2689,235.0013,390.8044,208.2245,402.1406,206.7578
404.1310,227.8630,390.0063,229.5129,387.2581,205.9851,401.3828,204.3353
397.1759,229.6077,387.0316,230.1519,385.6231,203.8986,395.7675,203.3544
395.5855,228.9670,380.3588,230.0263,378.8815,208.7897,394.1082,207.7304
387.4772,232.4265,377.7810,233.0007,376.3031,208.0444,385.9993,207.4702
384.3679,232.2143,374.4250,232.7673,372.9812,206.8074,382.9241,206.2544
380.2506,236.4478,368.5138,237.4751,366.2749,211.8967,378.0117,210.8693
362.4480,208.8503,372.8890,209.1869,371.9695,237.7079,361.5284,237.3712
364.3060,231.1135,355.3983,231.2592,354.9405,203.2629,363.8481,203.1172
357.7243,233.5383,346.3584,234.4045,344.3069,207.4825,355.6727,206.6164
348.5744,235.4509,340.4327,235.5906,339.9521,207.5948,348.0938,207.4550
342.8209,231.1469,331.9524,231.8160,330.3697,206.1070,341.2382,205.4379
338.9062,227.5309,327.4169,229.0173,324.6192,207.3925,336.1085,205.9060
330.3232,229.3022,321.4619,230.2644,318.9297,206.9438,327.7911,205.9817
311.1976,205.9130,321.9049,206.1082,321.5038,228.1046,310.7965,227.9093
317.5879,229.1233,305.3898,229.2859,305.1143,208.6266,317.3124,208.4640
314.4961,228.7148,300.9664,230.9445,297.7681,211.5369,311.2978,209.3072
305.9802,229.0444,295.2016,229.3590,294.5325,206.4369,305.3111,206.1223
294.3836,204.8629,304.6588,205.1479,303.8837,233.0973,293.6085,232.8123
294.0453,233.1381,285.5056,233.8315,283.1585,204.9267,291.6982,204.2333
277.0396,209.9899,285.4967,210.0108,285.4199,241.0107,276.9628,240.9898
264.2782,211.9188,272.7611,212.1064,272.1886,238.0025,263.7057,237.8150
269.8188,239.3455,256.5645,240.2557,254.9202,216.3121,268.1746,215.4019
256.2339,211.9398,264.4091,212.0702,263.9306,242.0663,255.7554,241.9359
265.2249,238.8745,253.1235,240.4444,250.0359,216.6438,262.1374,215.0740
259.6760,243.4557,248.3971,244.6347,246.1484,223.1230,257.4273,221.9440
252.2311,245.2815,243.2153,245.5570,242.3295,216.5706,251.3453,216.2950
248.5310,241.4956,237.0983,243.1605,233.9500,221.5412,245.3827,219.8763
249.0841,244.9919,235.1185,248.6339,229.7407,228.0125,243.7063,224.3704
242.9290,248.4450,232.6711,248.7336,231.9398,222.7439,242.1978,222.4553
243.9958,249.1676,234.2781,250.0341,231.8802,223.1408,241.5979,222.2743
242.7220,251.4122,233.2888,252.0467,231.5439,226.1054,240.9771,225.4709
224.4406,216.8557,234.2449,217.1639,233.3609,245.2816,223.5566,244.9733
232.5449,237.1738,218.5473,237.5769,217.9502,216.8432,231.9478,216.4400
234.4487,239.3449,219.3939,242.4029,214.9616,220.5823,230.0164,217.5243
237.6812,239.6360,227.0337,241.2211,223.2053,215.5045,233.8529,213.9194
242.7144,240.3574,231.6409,241.4348,228.9758,214.0407,240.0493,212.9634
243.3786,243.5189,232.0045,244.4168,230.0204,219.2824,241.3946,218.3845
244.6805,240.8935,233.1720,241.9541,230.7860,216.0638,242.2945,215.0032
241.9912,238.7327,230.5483,239.3134,229.1293,211.3493,240.5722,210.7687
240.7442,238.5406,226.7265,240.6203,223.2911,217.4649,237.3087,215.3852
238.3323,238.3775,228.3961,239.0915,226.4905,212.5742,236.4267,211.8602
236.8191,234.4274,227.7190,234.7549,226.7932,209.0319,235.8932,208.7044
240.0258,234.3117,228.2359,236.0197,224.2432,208.4598,236.0330,206.7518
234.6052,227.8076,224.7199,229.0700,221.8062,206.2553,231.6915,204.9929
234.4654,222.8978,224.4823,223.7480,222.4459,199.8345,232.4290,198.9844
244.4981,227.6574,225.7674,227.7902,225.5901,202.7908,244.3208,202.6580
256.4216,230.2204,241.9857,231.6402,239.3428,204.7699,253.7787,203.3500
267.2403,227.9751,254.7664,229.7821,251.0374,204.0410,263.5113,202.2340
279.2849,233.6898,267.0423,234.4990,265.3935,209.5534,277.6362,208.7443
272.4684,210.8033,285.7371,211.2441,284.8075,239.2286,271.5388,238.7879
280.1847,205.9371,290.9361,206.0775,290.5575,235.0750,279.8061,234.9347
299.3041,234.7549,285.8614,235.4751,284.4168,208.5138,297.8595,207.7935
312.0135,238.2462,296.0132,238.5551,295.4534,209.5605,311.4537,209.2516
323.2773,231.7629,310.3254,232.8294,308.1055,205.8696,321.0574,204.8031
328.6680,231.0515,314.1006,231.2257,313.7791,204.3380,328.3464,204.1638
