1
915.5852,244.0767,916.5005,322.7348,757.3257,324.5871,756.4104,245.9290
919.9423,251.6508,915.7332,332.1512,754.8806,323.7408,759.0897,243.2404
947.6258,254.9783,942.0302,332.6186,753.8123,319.0534,759.4080,241.4131
951.4467,255.3674,945.8332,333.2508,757.8619,319.7025,763.4755,241.8190
951.6498,258.8840,943.9567,338.2169,756.7065,320.0588,764.3997,240.7259
955.2227,258.0773,946.9360,340.0030,762.1682,321.3141,770.4548,239.3884
960.1345,257.4696,952.0086,340.8640,761.4272,322.2939,769.5532,238.8994
962.3541,259.3048,952.9674,341.2674,762.6547,319.4719,772.0414,237.5092
962.9106,258.2837,953.3543,341.1531,763.4448,319.2532,773.0011,236.3837
964.6607,259.6786,952.6852,344.8775,765.2429,318.5308,777.2184,233.3318
964.0037,256.7225,952.5334,341.6544,769.8148,316.9778,781.2850,232.0459
964.3229,257.0518,952.4145,342.0130,771.6008,316.6696,783.5092,231.7084
961.4777,252.9179,950.6251,343.5071,774.4313,322.3990,785.2839,231.8099
962.1008,252.6480,949.2719,344.7979,775.9421,320.6673,788.7710,228.5173
962.0739,251.0537,948.2438,342.7457,777.6021,317.0076,791.4322,225.3156
962.9347,249.2713,949.6226,339.5532,778.3774,314.3029,791.6896,224.0211
952.2200,243.7531,943.1771,337.0486,780.8443,321.3139,789.8873,228.0184
960.7621,243.1238,950.5629,337.0013,781.7773,318.6639,791.9765,224.7864
954.9879,233.1390,954.5297,328.3549,785.9266,327.5435,786.3848,232.3276
963.4521,237.8588,953.8363,334.3672,784.9900,317.5438,794.6058,221.0354
958.1235,229.9314,955.4689,325.0134,788.7347,320.3585,791.3892,225.2765
950.4539,217.7459,962.3987,317.5229,801.8752,336.7399,789.9304,236.9628
955.9446,222.9888,957.0010,319.5810,796.2477,321.3391,795.1913,224.7469
950.8164,214.9188,961.7117,315.6462,807.5938,332.3167,796.6984,231.5893
954.4445,218.8839,958.5771,317.2296,805.8996,323.6453,801.7670,225.2996
952.9109,214.3766,963.8091,309.5092,815.0618,326.5495,804.1636,231.4168
953.3197,207.7650,970.4241,296.9336,818.9341,325.9925,801.8297,236.8239
952.6719,202.0874,977.2831,293.7626,828.1779,333.7915,803.5667,242.1163
950.3199,200.5382,977.2974,295.8789,834.0630,336.4084,807.0856,241.0676
951.5549,204.2714,973.6731,304.7890,835.7712,335.1334,813.6530,234.6158
953.1108,204.9453,968.8392,307.4691,837.7189,327.5846,821.9905,225.0609
944.6090,195.9406,985.8799,289.8629,857.8609,346.1163,816.5900,252.1940
961.6493,218.9220,956.5037,323.3250,831.2410,317.1513,836.3867,212.7483
966.9997,225.4553,952.6727,330.1233,828.9830,313.1927,843.3099,208.5247
956.5235,215.4246,960.7676,317.4495,837.6661,322.5704,833.4220,220.5455
957.4393,216.7139,958.2770,319.4733,838.3430,320.4510,837.5052,217.6917
960.5601,217.1928,958.9183,321.8635,836.6674,319.9459,838.3092,215.2752
955.5773,210.5821,965.5787,309.8822,846.9215,321.8332,836.9202,222.5330
956.6314,212.4338,961.1919,311.2498,846.0786,316.5624,841.5181,217.7464
951.8759,208.0420,971.5936,298.1258,857.2787,323.1473,837.5610,233.0635
953.1319,208.1948,970.8857,295.8277,860.6066,318.1695,842.8528,230.5366
952.5209,208.7735,969.1843,297.4999,862.2700,317.5791,845.6066,228.8527
953.0241,209.1294,970.8661,297.6263,864.7677,319.0170,846.9257,230.5200
951.0102,205.3820,976.6852,292.8308,872.6623,323.3720,846.9873,235.9232
946.6448,202.1859,981.3869,281.3324,881.8118,325.0418,847.0698,245.8953
924.8989,190.3534,986.2686,253.9198,908.7142,328.7942,847.3445,265.2278
941.8514,197.2156,985.6227,266.1227,898.0271,321.7654,854.2559,252.8583
911.7656,190.8736,982.2349,237.5309,923.5277,326.2000,853.0584,279.5428
899.9304,191.9220,977.9586,225.6356,936.3922,321.8383,858.3641,288.1247
893.5184,199.2889,969.5225,214.3344,948.2396,321.8476,872.2356,306.8022
899.4018,196.5407,972.2177,214.6143,945.7623,321.1992,872.9464,303.1256
897.4798,195.2366,969.3419,208.0210,950.4410,314.2646,878.5789,301.4803
893.7355,196.5977,966.1900,205.5051,953.2854,310.4736,880.8309,301.5662
893.8503,193.3866,968.1755,205.4353,951.6861,307.1544,877.3610,295.1058
899.2278,192.0103,971.2559,208.0367,949.2676,306.8592,877.2396,290.8327
961.4745,308.2013,900.7396,309.9461,897.4750,196.3130,958.2100,194.5682
964.0525,309.1047,903.6595,312.7888,896.6107,197.2370,957.0036,193.5529
965.8509,315.2666,907.6999,320.1287,897.4114,197.0781,955.5624,192.2160
966.8987,308.6750,910.6832,314.0458,899.5395,197.4082,955.7551,192.0373
967.6716,311.6991,912.2115,316.8986,901.1431,198.8363,956.6031,193.6368
966.1583,317.6383,911.5666,321.7031,902.2524,196.6094,956.8441,192.5446
966.5820,317.5843,912.0146,321.9625,901.9037,195.9475,956.4711,191.5692
965.1588,320.2606,910.5480,324.0598,901.7742,197.9446,956.3850,194.1454
966.5920,321.7900,912.0252,326.1766,901.9736,201.1400,956.5403,196.7534
966.9639,324.7297,912.3870,328.9886,902.1707,198.0666,956.7475,193.8077
965.6692,324.9588,912.9619,328.4387,904.3107,197.4039,957.0179,193.9241
963.9326,325.7465,912.1415,328.4515,905.2411,196.3316,957.0321,193.6266
963.3532,325.7009,911.4585,327.8696,905.9345,195.6850,957.8292,193.5163
964.8815,315.3507,914.1042,318.9011,905.7668,199.6609,956.5441,196.1105
964.0156,312.8799,913.1942,315.7294,906.6367,198.7724,957.4580,195.9229
963.8948,321.4757,912.9937,323.9228,907.0172,199.6064,957.9183,197.1593
963.8755,314.4491,914.9661,317.0871,908.6804,200.5487,957.5897,197.9107
963.6023,313.2347,913.6996,316.0136,907.3152,201.3658,957.2178,198.5869
962.6842,322.5566,913.7488,324.6551,908.5426,203.2467,957.4780,201.1482
964.4113,323.1443,914.5001,325.7651,908.1793,205.3909,958.0905,202.7701
962.8171,323.7868,912.9227,325.9415,907.6190,203.1247,957.5133,200.9701
964.2836,323.9158,913.3942,326.5976,907.0508,206.2247,957.9402,203.5429
962.6208,318.9144,911.7679,321.1303,906.7089,205.0321,957.5618,202.8161
963.5762,319.7067,912.7471,322.4156,906.5406,205.9609,957.3697,203.2519
962.1243,314.8837,910.2181,316.7558,906.1955,205.2217,958.1017,203.3497
900.0607,200.6868,961.9767,203.9131,956.3323,312.2367,894.4163,309.0104
899.6107,199.0119,962.4988,202.7645,955.8835,313.6279,892.9954,309.8754
898.3301,200.2218,961.2841,202.6312,956.8438,318.6467,893.8899,316.2373
897.4016,200.7497,960.3848,202.2018,957.6329,321.5638,894.6497,320.1118
896.7832,201.4969,960.7548,203.4021,957.3027,319.3160,893.3311,317.4108
896.6351,199.5430,962.5229,203.3901,955.6350,321.3555,889.7473,317.5084
904.2289,194.5505,968.7794,204.4634,951.9717,313.9107,887.4212,303.9977
962.4437,319.7717,907.6003,321.7736,903.1676,200.3344,958.0111,198.3326
961.4648,317.5248,906.6071,319.0856,903.2626,201.5332,958.1204,199.9724
961.3510,315.4072,906.6409,317.3004,902.6757,202.7090,957.3857,200.8158
960.4937,314.5750,904.8086,315.9986,901.8878,201.7483,957.5729,200.3247
962.1094,315.9301,906.4511,318.1674,901.7278,200.6624,957.3860,198.4250
963.6504,316.3108,906.1278,319.7281,899.3862,206.2482,956.9088,202.8308
960.5370,316.8603,903.7120,318.1633,901.0919,203.9057,957.9170,202.6027
961.7811,316.3236,904.9724,318.2105,901.2103,204.9458,958.0190,203.0589
961.7488,322.7506,904.1620,324.8199,899.8334,204.3577,957.4202,202.2884
961.3523,313.8252,902.5781,315.5674,899.3625,207.0899,958.1368,205.3477
896.8425,200.6770,962.6949,205.0886,955.7117,309.3272,889.8593,304.9156
897.2087,200.1677,962.1155,203.6468,956.3221,311.7287,891.4153,308.2496
897.6634,198.9135,962.5413,202.8951,955.9111,310.9289,891.0332,306.9473
900.3738,193.7225,965.0396,200.3058,953.6252,312.4263,888.9595,305.8430
901.3295,197.9389,965.8130,206.1168,952.8668,308.1991,888.3832,300.0212
901.5916,198.9529,966.0623,207.2309,952.9750,309.1569,888.5043,300.8789
935.1544,196.8545,990.2383,244.7436,909.0872,338.0866,854.0034,290.1976
930.2011,196.7524,988.5852,241.2582,915.3004,337.3954,856.9163,292.8896
929.9313,195.8259,989.4224,242.9143,913.2343,339.1700,853.7432,292.0816
936.2677,196.1553,990.7538,244.7233,907.8459,337.7338,853.3598,289.1657
926.7630,195.9053,987.2493,238.1699,921.4804,332.2939,860.9941,290.0293
933.9988,196.2607,990.2839,244.2264,909.5148,339.0046,853.2296,291.0389
929.3024,195.8462,989.0284,242.6363,912.1886,340.7196,852.4626,293.9295
927.1026,195.6761,987.5407,238.0095,917.8241,337.5419,857.3860,295.2085
928.4462,195.3064,988.1719,239.5938,914.5771,338.8433,854.8514,294.5559
924.4127,196.9226,986.4211,237.5298,921.9944,335.9115,859.9859,295.3043
932.3097,197.6320,989.6151,247.3572,909.2860,339.9318,851.9806,290.2067
934.4619,195.7383,991.8239,249.6976,904.2251,342.8205,846.8631,288.8612
947.2484,204.1813,988.1783,272.5840,888.3204,332.3357,847.3904,263.9329
970.6538,221.8791,955.4427,313.6267,846.4529,295.5570,861.6639,203.8094
972.9515,224.4022,953.1754,312.4871,846.1782,288.4650,865.9543,200.3801
965.7799,320.3162,902.0736,326.4516,891.5516,217.1971,955.2579,211.0617
983.3572,236.0019,950.7018,318.1028,846.4395,276.6329,879.0948,194.5320
969.0277,223.7913,955.4515,306.6216,840.9609,287.8560,854.5372,205.0258
970.5589,308.7802,903.7625,320.2010,887.2461,223.6029,954.0426,212.1820
974.8633,226.2357,954.8413,311.9277,850.6030,287.5724,870.6250,201.8803
981.0105,304.1976,900.5876,330.7963,868.5840,234.0314,949.0068,207.4326
988.8362,292.7491,913.3804,329.6601,869.8870,240.7480,945.3428,203.8370
991.3376,248.5830,948.1289,318.9736,845.3241,255.8678,888.5328,185.4771
993.3188,279.7348,926.5089,327.2789,866.0772,242.3589,932.8871,194.8149
1000.6422,264.7752,944.6462,328.5350,837.5914,234.5158,893.5874,170.7561
994.1897,250.0469,947.7902,318.3764,831.7780,239.5978,878.1775,171.2683
1000.3588,265.9390,945.3387,327.2562,836.7861,229.8514,891.8063,168.5343
992.6852,246.6006,948.9937,315.5583,831.8488,241.3354,875.5402,172.3777
996.9031,256.7648,945.7568,323.1035,833.0310,236.1935,884.1772,169.8548
991.7975,247.4749,947.1470,316.9599,829.7532,241.5235,874.4038,172.0385
990.8297,242.2211,949.7299,314.9687,828.0001,246.1958,869.0999,173.4482
984.6116,232.2184,951.5083,308.6583,827.7018,255.0422,860.8052,178.6023
982.7023,230.1779,950.9280,307.4553,826.9280,256.4701,858.7023,179.1926
983.7559,230.7046,950.3299,308.0727,827.9472,255.1987,861.3732,177.8306
983.7338,232.7915,948.5263,308.2853,829.0500,252.5660,864.2576,177.0722
985.2195,232.4593,949.9698,309.0137,828.8450,253.2415,864.0946,176.6870
981.1708,229.8528,948.3040,306.3947,829.1000,255.2089,861.9669,178.6670
983.8517,230.9535,950.0651,307.0939,829.1635,253.4448,862.9501,177.3044
983.5110,233.2850,947.4493,307.5911,829.8427,250.5151,865.9044,176.2090
983.9304,232.3269,949.6606,307.4763,830.0590,252.9353,864.3287,177.7860
985.7270,234.6350,949.0158,310.4994,829.3268,252.5812,866.0380,176.7168
985.4583,232.2981,949.9747,308.7444,829.7171,252.9252,865.2006,176.4789
984.1427,229.7638,951.2093,306.5544,829.3405,254.2881,862.2739,177.4975
986.5483,233.8948,949.1597,308.6176,832.6364,250.3135,870.0250,175.5907
991.8582,244.6586,945.5441,315.0725,833.8285,241.5928,880.1425,171.1788
998.1439,253.7988,946.9297,319.8178,833.1818,231.5778,884.3960,165.5588
994.6667,249.7657,946.9436,316.3047,831.1823,233.2783,878.9055,166.7393
997.0582,256.8506,946.7026,320.2225,830.3209,227.7452,880.6765,164.3733
996.2811,257.5196,947.1620,319.8058,826.8674,224.9411,875.9864,162.6550
996.5268,257.2007,948.2291,320.1259,825.5516,225.9657,873.8493,163.0406
993.7574,253.8425,945.6323,317.7502,824.9796,226.8938,873.1047,162.9861
991.7364,250.4851,946.3477,314.4118,825.0855,228.3144,870.4742,164.3876
993.7984,251.3297,948.6695,315.4401,822.9039,226.9106,868.0328,162.8002
994.5625,253.4400,946.0582,317.3678,823.6094,224.4614,872.1138,160.5337
994.6180,254.9578,947.3220,317.4866,823.2229,223.6194,870.5190,161.0907
995.0530,252.9370,946.2184,317.4882,822.4844,223.8804,871.3190,159.3291
994.9996,256.2457,946.5890,318.2202,823.6253,222.1688,872.0359,160.1943
994.6196,254.9685,947.4154,317.0057,823.3915,222.6358,870.5957,160.5986
995.4315,252.3006,947.7749,317.7264,821.9261,226.0573,869.5828,160.6315
993.4200,249.1177,946.9179,315.3690,821.5815,227.3949,868.0837,161.1436
991.6411,245.0295,945.4020,313.4676,821.7118,229.8983,867.9509,161.4602
987.5756,238.0553,943.9180,309.2059,821.3287,233.9859,864.9863,162.8353
980.7628,229.9215,941.7639,306.7508,818.7462,244.3063,857.7452,167.4771
981.1968,228.1714,943.2142,307.0533,818.4528,246.9792,856.4353,168.0973
984.5940,231.3575,946.6741,309.0702,821.2634,247.8760,859.1833,170.1633
986.2910,231.7911,949.1880,311.9802,824.4744,254.2759,861.5775,174.0868
978.9417,222.4526,953.4579,304.5959,828.2263,265.7447,853.7100,183.6014
967.8503,215.5341,953.6814,304.6444,827.9545,284.6532,842.1234,195.5429
961.4767,212.0349,954.2155,303.2282,829.5971,293.3055,836.8583,202.1122
964.3588,214.6059,957.0981,300.8211,829.0267,290.0355,836.2874,203.8203
962.9240,214.8305,956.7518,301.4363,829.3292,292.3552,835.5014,205.7495
961.8550,213.7383,956.7831,301.5527,828.5252,294.1450,833.5970,206.3306
961.6740,213.2628,957.3073,301.5893,827.7770,295.1856,832.1436,206.8591
962.3361,214.1453,956.6700,303.4076,829.1880,295.3155,834.8541,206.0532
965.3931,215.8532,956.8876,305.8616,828.4512,293.7248,836.9567,203.7164
965.1987,215.3936,956.7412,307.4681,828.6118,295.6988,837.0693,203.6243
964.9862,215.0858,956.0578,309.2230,827.8010,297.0585,836.7294,202.9213
965.9672,218.0323,953.9105,309.7445,826.3243,292.9716,838.3811,201.2594
959.3038,214.2968,956.7336,305.3494,819.9649,301.4887,822.5351,210.4361
956.9196,213.5100,958.0641,305.8155,814.5509,307.5950,813.4063,215.2896
956.0652,212.9392,958.3253,306.2093,808.0242,309.8513,805.7641,216.5812
955.7127,214.5356,959.8126,305.5251,804.2444,312.5348,800.1445,221.5454
958.9202,213.2093,960.9239,309.9424,802.3812,313.2263,800.3776,216.4932
959.2715,217.0274,956.5831,313.6627,801.1049,309.3374,803.7933,212.7021
961.8909,217.9460,956.6008,315.1013,799.5933,306.5522,804.8835,209.3968
962.1683,218.6584,956.7184,316.4703,798.4977,307.6546,803.9476,209.8427
963.6741,221.1627,956.7689,317.7100,798.3346,306.3787,805.2397,209.8314
962.4882,221.4868,955.8810,318.3864,795.0318,307.4189,801.6389,210.5193
958.5002,220.5940,956.3467,314.7828,782.4044,310.8059,784.5578,216.6171
956.7397,220.0301,955.4084,315.2094,775.5757,312.6939,776.9071,217.5146
955.8476,219.0035,957.3378,314.4497,767.9014,317.4074,766.4112,221.9612
955.4529,220.2197,956.9974,313.7618,764.7953,316.9354,763.2508,223.3933
955.9177,220.4085,956.8478,314.7319,760.5418,316.6676,759.6118,222.3442
955.9372,221.5282,956.0009,314.4340,758.3088,314.5695,758.2451,221.6637
959.9939,222.5201,959.3669,315.0299,757.1450,313.6593,757.7720,221.1495
956.2065,221.9844,955.2548,316.9195,755.8707,314.9206,756.8225,219.9855
959.4635,221.9985,959.5539,315.8177,758.2237,316.0117,758.1334,222.1924
956.5540,222.6281,955.8361,317.3700,757.9758,315.8708,758.6937,221.1289
956.9619,223.2174,955.8459,318.0408,754.1193,315.6667,755.2354,220.8433
956.8337,223.1756,955.3398,317.5112,754.0731,314.3242,755.5669,219.9885
957.6367,224.9495,955.3647,318.7801,769.6597,314.2834,771.9317,220.4528
958.7404,225.6703,955.9384,319.3087,772.5333,313.8206,775.3353,220.1821
960.5480,228.5645,955.8259,320.3575,772.0248,310.9021,776.7469,219.1091
958.2112,227.2707,955.2758,318.3810,769.6398,312.4000,772.5753,221.2897
955.6536,222.0611,956.2421,312.0735,767.6855,313.3064,767.0970,223.2940
958.8594,227.7104,955.0689,319.2560,764.5161,311.3660,768.3066,219.8203
958.7222,226.6614,956.0703,313.2481,766.8298,307.4522,769.4817,220.8655
957.6959,224.4870,955.3387,313.9454,760.6979,308.8165,763.0552,219.3581
957.0344,225.3608,955.7521,313.0225,761.9087,310.1872,763.1909,222.5255
956.0979,224.4206,955.5173,312.0722,759.7974,310.7757,760.3780,223.1241
958.6208,225.8653,955.9670,314.2744,762.0518,308.4535,764.7056,220.0445
957.5095,224.2452,955.0789,315.1496,761.5688,309.9754,763.9995,219.0710
958.7183,225.8269,955.5436,316.8049,752.4238,309.7169,755.5985,218.7389
959.3209,228.5818,955.4537,316.3105,743.7904,306.9801,747.6576,219.2514
958.7982,230.4512,955.2017,318.0258,742.6481,309.2966,746.2447,221.7219
958.2194,229.7755,955.2291,318.2712,740.2247,311.0062,743.2150,222.5106
960.0475,234.6593,954.8933,321.1499,738.2941,308.2423,743.4483,221.7516
960.5744,234.9650,954.9843,323.2048,735.8273,309.3211,741.4173,221.0813
964.4013,248.6160,954.1666,328.4991,740.1074,301.0735,750.3422,221.1904
963.3800,249.9059,954.1691,327.9227,738.3704,302.4449,747.5812,224.4281
962.6240,248.9985,954.3377,327.8398,735.7590,304.8668,744.0453,226.0256
960.6519,246.4619,954.5300,328.0097,735.2155,311.5453,741.3375,229.9976
959.3385,244.1988,953.8725,325.8383,733.4739,311.0821,738.9399,229.4426
963.7631,248.2035,954.1638,326.8885,732.9908,299.9062,742.5901,221.2211
962.6233,250.4189,953.4242,327.1267,732.5917,300.6437,741.7908,223.9358
959.4314,237.5789,954.2915,321.4673,732.8544,307.8997,737.9942,224.0113
959.2515,243.0428,954.6235,323.0930,732.1821,310.2328,736.8101,230.1826
961.7946,249.8748,954.2727,321.4690,729.8141,297.8867,737.3361,226.2925
961.2908,251.7256,953.7469,321.5335,723.6303,296.6657,731.1742,226.8579
963.4966,260.6776,953.6276,325.9695,718.1235,290.3726,727.9925,225.0807
963.2870,261.4221,952.6976,329.7897,720.1723,293.7737,730.7618,225.4061
962.2888,256.0657,953.4372,327.3637,713.2603,297.5460,722.1118,226.2480
963.0389,254.4893,953.4518,325.5494,710.7487,292.8051,720.3358,221.7450
962.2231,244.6949,952.3260,325.6642,707.8766,295.7842,717.7737,214.8149
959.9792,252.2651,952.6041,327.1158,712.9999,303.5072,720.3751,228.6565
962.6894,260.0251,952.1118,329.8575,710.9724,293.3317,721.5500,223.4992
959.4572,261.5701,949.7914,326.7922,709.4353,291.1721,719.1011,225.9500
956.3035,257.2638,955.4854,331.3694,760.5361,329.2173,761.3541,255.1116
954.9357,252.4155,959.6908,330.2619,787.1446,340.8015,782.3895,262.9550
955.4810,253.8969,963.5267,330.4603,796.7557,347.9855,788.7100,271.4221
955.6367,256.4017,960.9619,329.7707,789.2883,342.2310,783.9631,268.8620
955.8741,255.8004,963.0134,329.1107,810.6182,343.9517,803.4788,270.6414
2
0
0
0
0
1
606.1009,260.3846,572.7246,320.8687,427.3983,240.6748,460.7746,180.1907
599.7405,249.0858,566.4045,320.3601,416.9764,250.4703,450.3125,179.1960
589.3206,239.8502,558.8040,314.5293,416.0686,256.2025,446.5851,181.5234
588.3434,240.9191,558.1441,315.7271,413.7823,257.4494,443.9816,182.6415
586.7125,235.5293,557.5771,314.8279,413.2105,261.7857,442.3458,182.4871
585.6930,239.9428,557.3486,315.9766,411.4330,261.5812,439.7773,185.5474
588.9689,232.8952,561.9404,314.3823,411.7764,264.5743,438.8049,183.0872
591.1303,234.7658,563.2634,315.4276,412.2027,263.2393,440.0696,182.5775
587.7239,230.1413,562.2828,311.9241,412.8434,265.4364,438.2844,183.6536
589.2449,231.0875,563.8159,313.5005,412.9377,266.9460,438.3669,184.5330
590.9429,231.9110,563.4377,315.0450,410.3652,264.4004,437.8705,181.2663
590.4527,233.1082,562.5090,315.7773,409.0079,263.8909,436.9517,181.2218
591.8186,231.4903,567.0699,315.1786,409.9345,268.7097,434.6833,185.0215
591.5468,233.5624,565.1541,317.6478,406.9816,268.0005,433.3743,183.9152
590.7280,231.5878,567.5350,314.3861,407.5158,269.5624,430.7088,186.7641
591.5115,227.6667,571.7394,312.7059,406.9562,274.3929,426.7283,189.3537
582.0569,218.1490,572.0024,303.8937,405.8918,284.4153,415.9464,198.6706
580.3317,215.9171,574.1564,301.7815,405.3275,289.6395,411.5027,203.7751
576.3810,211.5909,574.2104,298.1681,406.7115,293.9686,408.8822,207.3915
572.4827,208.2955,572.9451,296.0961,407.4278,296.9679,406.9654,209.1673
570.7910,209.3130,572.6029,294.8265,405.0914,298.3757,403.2796,212.8623
566.0409,203.8170,571.8500,288.5670,405.6526,299.9588,399.8435,215.2088
562.4014,202.0795,570.0604,286.7171,408.5769,301.3299,400.9180,216.6922
558.7308,200.4936,568.1233,284.5607,406.8193,302.5825,397.4268,218.5154
555.1805,197.5454,566.8310,283.5971,406.4096,305.3165,394.7591,219.2649
554.3923,194.2838,568.2291,280.6120,403.3793,307.0346,389.5424,220.7064
547.4922,189.2309,566.0623,276.3960,400.7557,311.6137,382.1857,224.4486
549.7837,188.3112,568.0130,272.8141,399.2181,309.2273,380.9888,224.7244
548.3894,187.8048,566.6841,269.8917,399.1559,307.2289,380.8611,225.1419
546.0330,181.7603,568.7159,265.2952,403.3428,310.2003,380.6599,226.6654
542.9838,181.4214,566.5656,264.1369,403.9646,310.4936,380.3829,227.7781
531.7432,179.5849,559.4834,261.4579,406.6743,313.2327,378.9341,231.3596
526.0193,175.2255,558.1335,259.2950,413.4877,314.5491,381.3735,230.4796
516.9598,172.2520,554.7745,255.5575,417.3501,317.9383,379.5354,234.6329
514.0040,170.3600,556.2034,253.8156,421.5222,321.9172,379.3228,238.4616
503.8899,167.2367,555.1002,250.6348,428.6393,328.2876,377.4291,244.8896
499.9211,163.4570,555.2156,243.5130,429.8530,330.1007,374.5585,250.0448
496.7151,163.8486,553.3438,241.0447,429.2332,332.0882,372.6046,254.8921
484.4283,162.3563,551.8561,235.6749,441.0082,337.6166,373.5805,264.2979
477.8425,162.8398,549.5239,233.9981,443.2917,341.0114,371.6102,269.8531
480.6956,166.5846,548.5221,240.1454,440.9620,339.3209,373.1354,265.7601
490.9182,174.3842,545.6815,253.3108,431.2833,332.6861,376.5200,253.7596
491.7365,175.6487,548.3786,260.8127,436.4233,335.2736,379.7812,250.1096
487.3532,175.9464,548.4199,259.9714,440.4313,338.4541,379.3646,254.4290
482.2546,177.6633,545.9501,257.9662,439.9943,342.0092,376.2989,261.7063
484.4243,179.5119,545.2615,266.1620,437.5776,341.7670,376.7405,255.1169
469.5267,182.3438,538.4963,255.7861,440.9509,347.3909,371.9812,273.9485
458.6834,182.6102,535.0430,248.5925,446.0607,351.5695,369.7010,285.5872
454.7561,185.3395,532.0341,247.6605,448.9824,350.6446,371.7044,288.3236
460.1243,187.8066,532.7355,257.4906,445.2006,348.7027,372.5894,279.0187
467.2385,189.2229,530.2988,263.9012,432.2117,346.7285,369.1514,272.0502
459.8534,187.2191,526.8692,257.4415,433.2861,346.7512,366.2704,276.5287
464.4032,190.3318,525.5267,268.6021,425.8892,346.4120,364.7656,268.1417
485.1564,196.1290,527.9641,285.9514,411.9985,341.2183,369.1909,251.3959
485.2026,197.0539,527.5801,290.3561,409.7997,343.8516,367.4221,250.5493
480.5225,196.4470,526.1857,284.9956,412.9550,343.3871,367.2918,254.8385
476.1650,197.3659,524.9583,285.3837,415.7625,345.9171,366.9692,257.8994
482.5410,202.3387,522.7165,297.4367,408.5913,345.6505,368.4159,250.5524
480.9265,200.7971,522.5718,294.7856,409.3013,344.9745,367.6560,250.9859
483.0850,202.4491,519.8903,293.0971,404.7593,339.8431,367.9540,249.1950
484.7910,206.8302,516.1005,300.3252,401.3602,338.7493,370.0507,245.2543
486.7021,207.3949,514.8479,302.6963,396.9508,337.5153,368.8051,242.2140
489.2345,212.7885,508.4875,308.6431,387.9758,332.8486,368.7228,236.9940
490.9045,215.8974,503.5531,310.4756,385.8887,326.2117,373.2401,231.6334
488.8366,214.8596,502.6001,313.0755,386.5929,329.3322,372.8294,231.1163
484.3971,210.3675,506.4587,307.5794,389.8915,334.0336,367.8298,236.8217
476.7969,201.0103,515.3334,293.3220,398.3453,342.1599,359.8088,249.8482
467.0933,194.5752,518.1686,276.7798,407.4577,345.5666,356.3824,263.3620
463.4139,193.8989,517.1818,272.7636,409.4892,346.1857,355.7213,267.3210
459.0789,192.1987,516.1194,270.3243,409.8475,347.9148,352.8070,269.7892
451.4555,190.7879,514.9556,266.1279,413.9794,351.2355,350.4793,275.8955
454.0720,188.6908,517.6349,261.5818,413.6480,352.2612,350.0851,279.3703
455.1575,189.4086,517.2501,264.8629,409.7388,353.3357,347.6462,277.8813
462.2934,190.1874,518.3343,270.0324,406.8508,348.2794,350.8099,268.4344
462.7566,189.8757,519.7527,267.6512,407.3694,350.0091,350.3732,272.2336
472.7917,195.4049,517.2206,278.7634,396.8243,342.9330,352.3953,259.5745
486.7733,205.6071,513.8163,292.5826,377.9655,334.8223,350.9224,247.8469
491.6550,204.9300,517.6509,290.1997,373.3571,334.1902,347.3612,248.9205
496.0300,205.5183,518.8032,291.8726,369.7798,331.1728,347.0066,244.8185
499.4092,206.0931,521.1671,292.3719,369.3773,330.6505,347.6194,244.3717
496.2614,204.1084,519.5745,290.9406,369.5168,331.2287,346.2038,244.3964
490.4880,203.6850,514.0730,290.2323,368.5208,329.8968,344.9358,243.3495
489.8644,201.6774,516.0219,287.3415,369.1381,332.1922,342.9807,246.5281
490.1927,201.5062,516.5189,288.4620,369.0211,333.1175,342.6949,246.1617
490.0495,200.0345,516.6438,288.7202,368.8775,333.0312,342.2831,244.3454
485.9329,198.0845,516.2841,282.2601,371.6703,334.4036,341.3190,250.2280
488.3930,205.3273,510.0402,290.9927,356.3185,329.8374,334.6713,244.1719
488.1427,202.9847,511.9192,289.0092,355.8542,332.1443,332.0777,246.1197
483.5762,199.9848,510.4754,286.9435,374.1556,329.1116,347.2564,242.1530
486.0594,199.2042,512.9481,284.5053,373.2470,328.5421,346.3583,243.2409
492.4819,209.3628,507.8196,294.4505,340.7101,324.5733,325.3724,239.4856
491.7818,210.4714,503.5695,297.3370,333.5751,320.4052,321.7874,233.5396
495.0396,207.0633,509.0684,292.8503,337.7278,320.8697,323.6989,235.0828
493.9623,208.0036,504.5790,295.3078,327.4584,316.8468,316.8416,229.5425
496.7887,204.9435,512.1788,291.3469,337.3647,322.4846,321.9747,236.0812
494.1265,200.9222,512.3346,286.7268,339.8958,323.3191,321.6877,237.5145
491.4370,202.9991,505.8299,289.7429,327.9200,319.2625,313.5271,232.5186
491.7250,201.0577,506.5533,288.4542,325.7880,319.1240,310.9597,231.7275
487.3220,204.5808,499.8411,291.2396,317.7480,317.5456,305.2289,230.8868
488.9887,203.0363,503.3890,287.9871,322.3119,318.6819,307.9117,233.7312
487.4065,200.5026,504.0528,287.0689,325.5052,321.4027,308.8589,234.8365
484.7777,198.8730,501.3499,283.8912,325.1600,318.2351,308.5878,233.2168
480.6445,191.8602,501.5791,276.5648,329.0583,319.2030,308.1237,234.4985
484.0544,197.9293,500.3159,282.3153,322.1868,316.6416,305.9252,232.2556
482.8372,192.0552,502.3879,278.2397,328.4472,317.6976,308.8965,231.5132
482.8016,190.8014,503.8491,277.6072,331.4639,319.4047,310.4165,232.5990
479.2790,183.1552,505.5327,266.4715,334.4839,320.3706,308.2301,237.0543
477.0529,186.4118,501.5079,271.7031,332.8824,320.0518,308.4274,234.7607
482.9237,188.4559,505.2644,274.2203,331.7158,319.4278,309.3751,233.6634
485.9018,188.7336,507.6756,277.7692,331.5653,320.8372,309.7915,231.8015
482.4588,187.5787,505.5638,283.7216,331.1884,325.6273,308.0835,229.4845
485.0014,193.5601,502.8002,284.3566,326.8098,318.8560,309.0110,228.0595
483.5067,193.7297,501.8308,282.5549,328.1088,318.3926,309.7848,229.5674
484.2596,198.2358,501.1332,286.0188,327.9045,319.3169,311.0308,231.5340
487.6528,204.6345,500.9127,293.3756,322.5725,320.0234,309.3127,231.2823
481.5393,203.0660,496.5476,300.0149,320.2871,327.3011,305.2788,230.3522
471.7230,199.7763,491.7869,297.3219,324.3411,331.7634,304.2772,234.2179
465.0458,198.1104,485.5200,289.8839,319.6079,326.8980,299.1337,235.1246
459.1560,196.9629,480.8219,287.5535,315.4937,327.0938,293.8278,236.5032
448.1211,190.7409,477.1315,284.3253,293.2004,341.3426,264.1899,247.7582
447.7209,195.9103,475.7536,302.1576,278.7545,354.1348,250.7217,247.8875
434.1933,193.0731,466.7137,306.6677,276.3991,361.1518,243.8787,247.5572
428.5982,191.5349,463.8942,305.4411,278.5486,362.8739,243.2526,248.9678
412.2246,187.9421,458.5937,305.1938,286.3533,373.3091,239.9842,256.0574
408.7891,186.3393,453.5638,303.0961,284.2843,368.0125,239.5096,251.2558
422.1386,215.7301,434.8900,336.7709,232.9272,358.0471,220.1759,237.0063
416.4909,212.8737,438.4207,330.6443,235.4241,368.4440,213.4942,250.6734
386.3307,203.7701,428.6552,318.8796,282.4079,372.6531,240.0834,257.5435
412.1871,224.5208,427.4328,337.0152,234.2387,363.1976,218.9930,250.7033
400.9275,252.5190,394.6604,357.0858,190.6820,344.8606,196.9491,240.2938
366.6125,282.3920,329.4942,369.8495,174.6903,304.1484,211.8085,216.6909
364.8254,279.0432,331.3745,366.1526,166.9181,302.9998,200.3689,215.8903
363.0839,279.4423,326.6620,366.7470,168.6947,300.8461,205.1165,213.5414
363.8299,280.7931,330.3221,360.7676,166.7015,292.2137,200.2093,212.2392
361.1971,280.8133,325.2268,366.1272,163.8512,298.0876,199.8215,212.7737
355.2384,280.6307,319.1111,361.5187,166.0117,293.1394,202.1391,212.2514
360.3856,277.9390,327.3322,363.6870,165.2682,301.2158,198.3216,215.4678
355.6079,279.8199,321.6938,362.9402,165.6279,299.2636,199.5420,216.1433
354.8063,283.0495,319.9258,361.0592,165.4438,291.9858,200.3243,213.9761
357.1156,283.5728,323.9185,360.7380,161.8850,291.0300,195.0820,213.8648
356.9740,282.2646,323.1019,359.7393,161.8228,289.2277,195.6949,211.7530
355.0617,276.3741,324.8704,356.3915,154.6558,292.1680,184.8471,212.1505
343.4595,265.9315,316.6098,352.2003,151.1013,300.6886,177.9509,214.4198
308.3781,248.0974,296.0331,324.7733,152.7114,301.6983,165.0563,225.0224
308.1301,244.3209,299.2634,323.3493,150.3908,306.6462,159.2576,227.6178
295.9053,236.7455,288.8435,322.1048,143.4015,310.0723,150.4633,224.7130
298.2027,236.6137,294.3015,321.3034,139.8902,314.1905,143.7914,229.5008
285.7168,231.2610,289.6249,316.0046,150.1495,322.4367,146.2414,237.6932
302.2646,267.3761,286.9746,339.8102,140.4469,308.8798,155.7369,236.4457
295.0842,238.8615,283.2159,332.8977,145.0303,315.4572,156.8987,221.4211
285.7293,233.2072,286.3916,326.0468,147.4978,327.0377,146.8354,234.1981
287.4007,229.5722,291.0226,320.2273,134.9246,326.4637,131.3028,235.8086
284.9976,234.7811,284.1348,322.5992,121.6170,321.0024,122.4799,233.1843
283.3153,231.2477,286.6329,319.1745,115.0294,325.6493,111.7118,237.7225
282.0219,231.7421,283.7839,319.8173,110.9784,323.2744,109.2164,235.1992
286.0509,232.8307,287.2683,320.4474,104.6397,322.9850,103.4223,235.3683
281.1989,233.3378,282.5212,319.5676,111.7068,322.1868,110.3846,235.9569
284.9839,230.8064,289.0119,317.7618,111.0688,326.0047,107.0407,239.0493
284.7495,231.6749,287.2380,321.5194,110.4837,326.4152,107.9952,236.5707
283.7206,230.0509,287.0541,319.5635,109.9069,326.1607,106.5733,236.6482
279.7236,228.6938,285.7388,318.7877,112.0076,330.3869,105.9924,240.2931
283.6072,226.6190,289.3779,320.1264,112.9933,331.0117,107.2226,237.5043
286.5281,227.1752,292.9097,319.1581,110.8757,331.7872,104.4941,239.8044
273.7873,211.3877,300.9094,298.4731,151.8461,344.8978,124.7240,257.8124
288.7678,217.9514,305.0536,306.7156,141.8242,336.6638,125.5384,247.8996
300.3071,219.4103,311.7047,313.5929,135.8666,334.8721,124.4690,240.6895
294.2591,205.3797,318.1702,292.0128,142.4675,340.5076,118.5564,253.8744
289.8564,214.6873,307.8154,304.9109,133.9794,339.5130,116.0204,249.2894
281.8351,203.5183,309.7245,288.8484,140.7899,344.0631,112.9006,258.7330
281.6888,209.4524,304.2753,299.3226,132.7584,342.4290,110.1718,252.5587
274.8593,206.9870,300.8743,291.9716,136.4201,342.3133,110.4052,257.3287
280.1547,216.5964,295.6915,302.3531,124.5038,333.3676,108.9671,247.6109
275.3630,213.2016,295.4690,298.9666,125.0311,338.9227,104.9251,253.1576
278.3764,207.2924,301.4497,291.2363,126.2462,339.3938,103.1729,255.4499
283.6320,216.3521,297.9206,301.4452,102.3572,334.2837,88.0686,249.1906
282.6152,211.5070,299.9646,292.0786,101.4664,334.8211,84.1170,254.2495
274.0085,214.7039,288.9445,297.7576,85.9081,334.2707,70.9722,251.2170
269.8406,216.8021,283.3378,300.3406,86.5456,332.1361,73.0483,248.5976
270.2648,215.8057,285.0198,297.9398,82.4728,334.3264,67.7178,252.1924
269.7253,214.0970,284.9496,298.6060,88.2647,334.0386,73.0405,249.5296
282.9105,211.1042,298.9555,293.3629,84.4242,335.2083,68.3792,252.9496
278.1643,211.3815,294.0017,294.6914,85.4864,334.3306,69.6490,251.0207
281.1645,216.5466,290.8816,304.4779,80.5661,327.7195,70.8489,239.7882
280.1300,218.5754,288.4233,303.4184,82.1472,323.5818,73.8539,238.7388
304.2368,208.8612,318.1451,292.8031,82.3376,331.8738,68.4294,247.9319
304.3157,222.5281,310.0855,307.7735,77.0875,323.5439,71.3177,238.2985
300.3962,212.5762,314.2130,296.7849,81.9701,334.8910,68.1533,250.6822
309.9185,228.6323,310.1818,316.6017,74.7924,317.3062,74.5291,229.3368
316.3202,231.3846,314.7914,318.0866,66.2578,313.7042,67.7866,227.0022
311.7664,237.5027,304.8154,329.0985,63.0790,310.7536,70.0300,219.1579
297.5621,238.2202,290.2786,327.6609,55.7834,308.5651,63.0669,219.1244
297.5533,237.4378,290.2530,330.6264,48.5070,311.6882,55.8074,218.4996
289.9557,236.0346,284.2124,325.9742,49.3766,310.9783,55.1199,221.0386
287.4577,238.5603,281.2480,327.5272,45.5826,311.0783,51.7923,222.1114
286.6963,238.1637,280.1064,328.8358,45.8050,311.8072,52.3949,221.1351
287.0492,239.6256,280.1788,328.7201,45.4652,310.6207,52.3355,221.5262
279.0085,237.2932,275.6849,324.1924,37.1661,315.0699,40.4897,228.1707
277.9327,237.2782,273.9056,326.8553,43.5898,316.5011,47.6169,226.9240
269.9813,230.8382,274.8322,315.5078,46.3817,328.5963,41.5307,243.9267
270.5825,224.6580,279.2366,312.1440,58.4111,333.9881,49.7569,246.5020
284.2514,235.8908,280.6897,329.8298,61.8309,321.5317,65.3926,227.5927
267.8381,213.9157,284.3492,304.1005,70.5596,343.2411,54.0486,253.0564
264.0371,211.4431,282.5130,303.8275,78.7872,344.5706,60.3113,252.1862
265.5705,210.6358,284.1287,308.8719,79.9796,347.4385,61.4214,249.2024
263.5901,209.1316,282.9755,304.2147,81.3238,345.3271,61.9384,250.2441
260.5700,206.2741,282.9174,300.4310,83.6336,347.7296,61.2861,253.5728
259.6008,208.8691,279.4645,303.6529,83.7952,344.6591,63.9314,249.8753
240.0590,198.6041,273.2863,289.5510,93.7906,355.1294,60.5634,264.1824
227.4874,201.2434,261.9299,294.9197,98.2057,355.1170,63.7633,261.4407
223.6679,200.8512,260.2757,291.4910,97.6210,357.1844,61.0132,266.5446
230.5944,204.3626,262.5123,294.5063,96.2282,353.3839,64.3103,263.2402
231.9432,204.5804,262.2285,294.6049,92.1338,351.8268,61.8485,261.8023
229.1191,203.7280,261.4160,295.1543,88.9758,356.0698,56.6789,264.6435
231.9066,206.5511,260.2224,300.0019,82.0117,354.0002,53.6959,260.5494
229.9036,214.0161,251.6114,306.4863,78.4530,347.1361,56.7452,254.6658
227.9851,210.8027,252.7090,303.2414,79.6379,349.5314,54.9141,257.0927
231.3621,209.8650,256.3369,300.6216,81.4332,348.7524,56.4584,257.9958
226.2688,212.6263,249.2684,304.2132,80.6089,346.5675,57.6093,254.9805
224.8199,208.8866,250.6625,299.9283,81.9093,347.8296,56.0667,256.7878
223.8154,211.1778,249.2120,301.2618,83.2030,348.0633,57.8064,257.9792
219.5917,214.8385,241.6429,305.9021,84.0691,344.0589,62.0179,252.9953
222.4622,220.4498,238.9820,309.0130,67.8465,340.9351,51.3267,252.3719
229.8294,224.0323,239.1996,313.0553,37.9255,334.2405,28.5553,245.2175
223.6575,226.9719,231.0210,315.3746,29.5060,332.1597,22.1425,243.7569
225.5092,225.8198,232.8135,314.8155,29.0773,331.5371,21.7730,242.5414
226.1042,225.5901,232.8589,312.9638,26.5808,328.9108,19.8261,241.5372
222.7274,224.8436,230.4800,313.4273,28.2245,331.1282,20.4719,242.5444
226.1299,224.2478,234.0097,311.3870,26.7610,330.1279,18.8813,242.9888
225.4999,223.3047,234.0487,310.3948,27.0073,330.7181,18.4585,243.6280
222.1723,223.0361,231.3412,308.7589,24.8525,330.8449,15.6836,245.1220
223.2227,221.6275,232.3490,307.5443,23.8496,329.6916,14.7233,243.7748
222.4202,222.1752,231.8652,307.1364,25.7052,330.0549,16.2602,245.0936
220.8510,221.4477,229.7222,305.9135,26.0508,327.3044,17.1797,242.8385
219.5944,219.4617,228.8242,305.5061,27.3553,327.1172,18.1256,241.0728
220.3798,218.8720,228.7540,310.0140,26.6992,328.5791,18.3249,237.4371
220.2704,224.8151,223.7173,316.4394,22.9538,323.9921,19.5069,232.3678
217.2131,227.4426,217.2976,320.4490,21.7451,320.6266,21.6607,227.6202
219.0791,235.7810,207.1221,330.9890,10.3201,306.2729,22.2771,211.0649
219.8245,238.5351,205.7299,330.6797,3.8899,299.8060,17.9845,207.6614
223.3684,242.1772,205.6873,334.2796,3.8784,295.5378,21.5595,203.4355
219.7862,240.8776,200.6936,333.4811,3.4699,292.8182,22.5625,200.2148
219.7278,242.7234,199.0462,335.0602,2.8789,291.1224,23.5606,198.7857
218.1957,245.0455,195.8892,337.3622,2.6619,290.6727,24.9684,198.3560
215.7931,245.4284,193.1492,337.4343,1.3799,290.2373,24.0238,198.2314
216.3740,244.3689,194.4544,336.6920,2.5487,291.1293,24.4683,198.8062
216.1202,244.3351,194.4396,336.0298,3.2052,290.8137,24.8859,199.1190
211.4884,243.3835,189.8377,334.9817,3.6980,290.9846,25.3487,199.3864
215.6682,245.8091,194.1330,336.4926,3.1597,291.1410,24.6949,200.4575
215.6241,243.8949,194.1889,335.2003,4.0105,290.5534,25.4457,199.2480
216.1328,245.4865,193.6714,336.6829,1.3827,289.3226,23.8442,198.1262
216.0856,246.3134,191.0027,338.4225,0.6454,286.5847,25.7283,194.4757
217.3254,251.1264,190.2614,340.5334,-1.4932,282.4882,25.5709,193.0812
221.1367,253.3241,192.3410,341.3226,-4.8464,276.7971,23.9493,188.7986
220.2382,253.3440,191.5652,340.3466,-5.7435,275.3205,22.9295,188.3179
216.9082,252.8821,189.0767,339.1403,-6.6417,275.9911,21.1898,189.7330
215.6440,251.3347,189.7290,337.5914,-4.5801,279.2131,21.3350,192.9564
219.8771,250.5600,196.0227,337.0681,-3.0864,282.1643,20.7680,195.6561
218.3956,249.4952,194.8162,335.3903,-2.5733,281.2041,21.0061,195.3090
221.7623,250.3671,198.5799,336.2305,-4.0612,281.5192,19.1211,195.6558
218.7594,248.6385,194.2542,336.5941,-3.1673,281.5908,21.3379,193.6352
219.6040,250.2356,195.4014,337.0896,-3.3337,281.7105,20.8688,194.8565
221.0959,250.8741,198.0117,335.0385,-3.3077,279.8215,19.7765,195.6572
219.4966,250.6953,195.1458,335.2627,-5.0452,277.6185,19.3056,193.0511
219.5549,250.9590,191.5053,338.6765,-7.7426,274.9627,20.3070,187.2452
221.5228,254.7984,189.9716,342.5778,-10.5548,270.5010,20.9964,182.7216
220.9025,257.4944,185.6293,344.1481,-10.4178,264.3453,24.8554,177.6916
217.8085,256.4489,180.3054,344.7042,-12.0219,262.9768,25.4813,174.7215
216.7522,255.9192,177.9889,343.8400,-14.1523,259.1271,24.6110,171.2063
218.6834,258.3915,180.4432,345.0530,-13.2844,259.5688,24.9558,172.9073
218.5083,258.2905,180.5651,344.6178,-14.6303,258.8241,23.3129,172.4968
218.1148,258.0981,179.9358,344.6592,-14.4381,258.9279,23.7409,172.3667
215.1732,256.3022,176.4523,343.5446,-14.1843,258.9340,24.5365,171.6917
215.2941,256.8124,176.4198,343.8573,-14.0132,258.8098,24.8611,171.7650
216.1709,256.8022,177.6447,344.2705,-14.2302,259.7575,24.2960,172.2892
216.3383,257.2043,177.5686,344.4477,-13.6544,259.4711,25.1153,172.2277
217.1547,257.9121,178.7169,344.5328,-13.6602,259.1655,24.7777,172.5448
221.5246,258.3896,183.0877,345.7537,-13.8628,259.1027,24.5742,171.7386
219.1923,258.4910,180.1747,345.2432,-13.2810,258.2347,25.7367,171.4824
217.4528,259.3748,178.1519,345.5985,-13.2978,258.3354,26.0030,172.1118
214.9591,258.0533,175.7367,344.6176,-13.8526,258.7145,25.3698,172.1502
218.1592,258.4452,177.8383,346.2729,-13.6794,258.3488,26.6415,170.5211
216.9322,260.4373,177.1543,346.2349,-13.6906,257.7546,26.0872,171.9570
218.4442,259.7196,178.5640,346.2837,-13.0435,258.0097,26.8367,171.4457
217.4000,260.7568,178.3804,345.9291,-13.4139,258.0634,25.6057,172.8911
215.6440,259.4638,175.6175,345.6176,-12.8754,258.0449,27.1511,171.8911
215.6125,259.1193,175.5721,346.1306,-12.3696,259.6445,27.6708,172.6333
215.6789,257.3862,173.4098,346.9517,-9.9367,260.4239,32.3325,170.8584
217.0714,259.7667,172.4377,348.3281,-6.9390,257.9249,37.6947,169.3634
213.2164,259.0313,167.4694,348.0675,-7.0007,258.4243,38.7463,169.3881
212.1337,258.4076,167.2450,346.1561,-8.0859,256.4636,36.8028,168.7151
210.6277,258.1342,163.2684,346.2635,-7.5822,254.4510,39.7771,166.3217
210.1039,258.0755,160.5888,346.8405,-7.4370,253.1118,42.0781,164.3468
209.0650,258.4307,159.1113,346.1134,-6.3927,251.8241,43.5610,164.1414
209.2722,257.1175,160.1903,344.6643,-6.7703,251.0602,42.3116,163.5134
210.9996,257.8795,162.2300,345.0138,-4.7864,251.5337,43.9832,164.3994
210.9161,259.3221,161.6075,345.5414,-6.0169,249.6774,43.2917,163.4581
211.6573,260.6740,162.9418,346.3643,-6.9095,249.8025,41.8060,164.1123
211.7727,260.2741,163.1327,345.7982,-5.5654,249.8546,43.0746,164.3306
210.7478,260.0648,161.7738,345.6423,-4.6607,250.3958,44.3132,164.8183
210.6510,260.5848,161.3990,345.7072,-5.7247,249.0090,43.5273,163.8867
210.6978,260.4367,161.1644,345.8824,-4.1879,250.0266,45.3455,164.5809
211.3268,260.9829,162.0583,345.8230,-4.1254,249.3163,45.1432,164.4763
211.8521,262.1027,161.3492,347.1314,-3.3318,249.3188,47.1711,164.2901
211.7236,260.9182,161.7383,346.1841,-2.7264,249.7701,47.2590,164.5042
210.9815,261.9630,160.5587,346.6584,-3.2166,249.1560,47.2063,164.4606
209.5261,261.1434,158.7729,345.8502,-3.0892,248.8683,47.6640,164.1615
210.4678,261.5280,159.5238,346.5056,2.5150,252.3790,53.4590,167.4014
210.8140,258.4238,166.7037,347.3677,11.4919,270.3930,55.6022,181.4490
211.1789,249.1645,177.5933,343.7168,24.2601,289.2520,57.8456,194.6996
210.1325,238.9516,188.4688,338.9225,38.2184,306.3632,59.8821,206.3924
207.4743,231.1097,196.9984,333.0202,49.3318,317.8408,59.8077,215.9303
206.0468,226.8338,200.6957,326.6773,57.9795,319.0285,63.3306,219.1850
200.2106,222.8114,201.4403,325.5724,61.6134,327.2457,60.3837,224.4847
198.8545,224.7675,199.7200,325.7696,64.3214,326.9300,63.4559,225.9278
195.7881,221.8033,199.6968,324.8239,64.3917,329.9574,60.4831,226.9368
194.8409,223.0433,198.2332,324.6096,64.2721,329.0840,60.8798,227.5176
192.8012,223.5779,196.0529,324.3120,68.5574,328.4277,65.3057,227.6935
193.7550,224.4981,196.3213,323.8589,64.0819,327.2744,61.5155,227.9136
188.5299,223.3829,192.9339,324.0538,65.1238,329.6450,60.7198,228.9741
193.0046,227.1995,194.1917,323.0702,63.8898,324.6837,62.7027,228.8130
187.2128,227.2385,186.1303,323.5219,62.9670,322.1371,64.0495,225.8537
184.8718,227.5626,183.6563,326.1488,63.8671,324.6718,65.0826,226.0857
184.2674,232.0452,174.1347,332.3989,61.6838,321.0447,71.8165,220.6910
184.9045,229.5799,176.7941,328.4055,63.6353,319.1189,71.7457,220.2932
187.6136,234.0897,173.4875,328.9689,61.0440,312.2277,75.1702,217.3485
187.6043,232.7679,173.4313,328.1016,62.9739,311.6802,77.1469,216.3465
188.7764,234.5195,170.9997,330.1030,61.5503,309.7475,79.3270,214.1639
193.1523,241.0906,167.7141,331.3784,60.8812,301.2787,86.3195,210.9909
198.0581,245.7082,165.7347,335.5367,59.7103,297.3856,92.0337,207.5570
199.3831,248.6463,162.7223,337.9694,57.9279,294.9587,94.5887,205.6357
192.5227,236.6857,170.1317,332.8217,60.9501,307.3922,83.3412,211.2562
188.9155,221.1080,189.7551,324.7999,70.8820,325.7624,70.0424,222.0706
186.3659,209.4817,206.7267,309.8279,83.7701,334.7766,63.4092,234.4304
195.6124,212.0923,210.9685,314.5686,78.1910,334.4653,62.8349,231.9891
192.8593,212.4867,205.9630,314.9044,75.7048,331.5702,62.6011,229.1524
206.1608,224.8219,204.0501,317.4591,66.1528,314.3172,68.2635,221.6800
194.6707,217.3392,202.0185,317.9825,73.0916,327.3953,65.7437,226.7520
205.4703,223.2847,205.1898,315.7954,68.9704,315.3823,69.2510,222.8716
184.2962,203.1199,211.3067,303.5656,86.3845,337.1580,59.3740,236.7122
183.5376,206.7783,207.7183,308.3359,82.8296,338.0718,58.6488,236.5141
187.0759,212.4026,203.0165,312.3663,74.0734,332.9280,58.1328,232.9644
196.7498,211.7278,210.9595,314.9859,74.0876,333.8214,59.8779,230.5633
189.7591,214.5417,202.5846,316.4659,70.6152,333.0721,57.7897,231.1478
201.8829,220.2794,207.3498,320.9288,64.6938,328.6774,59.2269,228.0279
196.8436,225.8955,196.3913,322.1846,59.3941,321.5410,59.8464,225.2520
207.5074,223.5797,209.8280,318.2253,62.5581,321.8362,60.2376,227.1905
207.6674,222.7191,211.9132,319.2479,66.4463,325.6462,62.2005,229.1174
210.7606,224.0500,214.1396,320.8273,65.4156,326.0199,62.0367,229.2427
220.4608,226.0642,221.8701,321.7653,67.2592,324.0421,65.8499,228.3410
224.4280,222.9460,229.0208,317.3211,65.9928,325.2548,61.4001,230.8797
227.6269,224.2559,231.9952,320.9753,66.7700,328.4376,62.4017,231.7182
229.6124,226.7884,233.3035,321.6683,62.7450,328.3036,59.0538,233.4237
229.5358,223.6343,235.6693,328.8388,68.7323,338.5712,62.5988,233.3668
229.7878,225.4089,235.4247,329.3038,68.8554,338.3412,63.2185,234.4462
233.0035,227.7976,236.1797,331.9396,65.2170,337.1539,62.0407,233.0119
231.8738,228.0102,236.3137,330.5136,70.8481,337.6806,66.4083,235.1771
234.1590,228.1120,237.4372,331.1165,70.2002,336.4389,66.9220,233.4345
235.6544,230.6615,237.7488,328.2600,68.1478,331.8994,66.0535,234.3009
236.7393,230.7534,238.7016,325.6158,69.8246,329.1089,67.8624,234.2466
236.6023,229.0367,239.3542,323.0164,70.0537,327.9737,67.3019,233.9941
239.2440,232.9721,239.6203,329.7886,69.7144,330.4491,69.3380,233.6326
239.1382,232.0731,239.0684,325.9845,68.4831,325.8577,68.5529,231.9462
239.8088,233.1049,238.5491,328.1512,68.3651,325.8956,69.6248,230.8493
241.4523,234.6484,238.8242,332.1629,67.5674,327.5474,70.1955,230.0329
241.5115,234.3185,238.9150,327.9152,67.5976,323.1626,70.1941,229.5658
238.9466,233.7468,235.8362,330.8405,67.4295,325.4457,70.5398,228.3520
239.6776,235.8150,236.0578,330.9974,67.6286,324.5921,71.2484,229.4096
243.3014,234.1025,239.7941,329.8237,67.3801,323.5063,70.8875,227.7851
239.9391,235.6549,235.9865,329.9113,65.7007,322.7704,69.6534,228.5139
242.8318,237.2321,236.6299,333.9230,66.7551,323.0270,72.9569,226.3361
241.8289,236.5345,236.4663,332.1197,66.5971,322.5894,71.9598,227.0043
247.4239,241.0598,236.3770,336.9675,64.9432,317.2213,75.9901,221.3136
248.4808,245.7634,233.0967,338.0097,63.1381,309.6655,78.5221,217.4192
254.7622,255.1917,229.5314,348.3096,60.4965,302.5087,85.7274,209.3907
255.7501,261.1384,222.7869,356.4871,59.5737,300.0624,92.5368,204.7137
256.7676,264.3459,222.0739,356.3724,59.4214,295.0528,94.1151,203.0264
256.1381,265.0280,221.0074,356.5888,59.3416,294.5598,94.4722,202.9990
256.8746,261.9379,224.1569,353.7205,59.7681,295.1209,92.4858,203.3383
256.5768,266.4902,220.2408,358.9456,59.4883,295.7681,95.8243,203.3126
257.5510,267.0810,220.8048,359.1328,60.6806,295.2128,97.4268,203.1609
260.8609,264.7543,223.7340,359.4506,60.7746,295.5603,97.9015,200.8640
266.4478,269.3533,232.9635,359.1394,60.2177,294.7166,93.7020,204.9305
270.9243,267.1512,239.5243,358.8133,59.7000,297.2124,91.1000,205.5503
274.9525,263.9209,247.6017,354.7160,62.0099,298.8090,89.3607,208.0139
274.2778,262.7860,246.7516,353.3504,59.9426,296.5714,87.4689,206.0071
275.5214,262.3832,246.4202,353.4204,59.3198,293.6115,88.4210,202.5742
276.9551,263.6332,248.6169,353.1022,71.5634,297.0227,99.9016,207.5537
278.9320,262.2118,249.8806,353.6203,57.9990,292.6365,87.0504,201.2280
276.5593,259.5048,249.6930,350.2587,55.1790,292.6758,82.0453,201.9219
276.7028,262.5270,248.2571,352.1078,54.1283,290.4637,82.5739,200.8829
275.7318,260.0603,247.1886,350.4726,55.0050,289.8002,83.5482,199.3878
278.5014,261.5560,249.9440,351.5133,54.5473,289.4835,83.1048,199.5261
275.5811,261.9188,246.8158,349.8737,54.7648,287.0642,83.5301,199.1093
274.0379,264.6890,241.6267,353.4084,55.0994,285.2656,87.5106,196.5462
271.4797,266.9073,238.2225,355.2765,57.0686,287.1005,90.3257,198.7312
280.6294,267.4113,251.4995,355.5702,47.7246,288.2378,76.8546,200.0788
280.3910,266.7316,253.0173,352.7668,48.5660,287.7169,75.9396,201.6818
282.1212,266.4979,259.1067,352.8144,46.7757,296.2007,69.7902,209.8842
275.2467,258.4325,256.3799,347.4297,46.9694,303.0361,65.8362,214.0389
277.5200,252.5057,263.3544,342.7811,47.0878,308.8456,61.2534,218.5702
273.9693,245.5249,265.9373,338.9739,52.8709,320.6606,60.9030,227.2116
273.4349,240.1116,270.8004,332.3185,51.6170,326.0562,54.2514,233.8493
267.0565,233.6406,271.4774,325.8856,51.7061,336.4184,47.2852,244.1734
266.9881,232.4702,275.3751,319.8412,53.6531,341.1250,45.2660,253.7540
266.2308,232.2692,275.4860,320.4155,54.8534,343.5815,45.5982,255.4351
267.2375,233.8808,275.2180,322.9851,57.3989,342.4937,49.4185,253.3894
266.6000,232.4035,273.9211,324.8137,56.5074,342.0382,49.1862,249.6280
271.1598,237.0208,275.1463,327.0704,51.2642,336.9815,47.2777,246.9319
272.6195,244.4302,271.5045,333.5837,47.4384,330.7814,48.5534,241.6279
269.6342,242.5329,269.1158,333.1207,48.3787,331.8574,48.8971,241.2695
269.1784,242.4034,268.1160,335.0288,52.6081,332.5569,53.6705,239.9315
272.7066,242.7194,271.2484,333.4165,53.5241,329.9158,54.9823,239.2188
271.0610,244.2845,267.5956,334.5194,54.8504,326.3491,58.3158,236.1142
273.5611,245.6250,266.6641,335.6068,56.6534,319.5097,63.5504,229.5278
275.6986,245.3329,268.3315,337.7791,57.9942,321.0169,65.3614,228.5708
273.8840,244.1243,266.3921,333.9962,58.2951,316.6487,65.7871,226.7767
274.9444,245.4269,266.6101,333.6462,59.1503,314.0470,67.4845,225.8278
276.1154,245.0045,267.5675,332.1163,60.3942,311.7873,68.9421,224.6754
280.2428,242.1460,272.1614,331.2926,62.0840,312.2485,70.1654,223.1019
278.0782,242.2032,268.4904,330.9601,61.4372,308.5934,71.0251,219.8365
279.9698,240.2092,271.7056,327.7233,64.2532,308.1330,72.5174,220.6189
282.3248,238.2768,274.9657,326.4145,65.7295,308.9442,73.0886,220.8065
290.5844,242.1869,279.5358,329.7584,64.5572,302.6353,75.6058,215.0638
282.7514,235.0836,277.3645,322.6695,67.8814,309.7853,73.2684,222.1994
295.7194,239.4996,287.0737,327.4277,65.8965,305.6801,74.5422,217.7520
299.6970,238.4385,291.9309,322.5914,68.0199,301.9275,75.7861,217.7746
304.0749,229.6673,302.6134,316.3858,68.3901,312.4385,69.8516,225.7200
297.5270,230.9945,295.2107,317.0880,69.9283,311.0269,72.2446,224.9333
307.6058,235.0912,300.1895,322.4067,69.2034,302.7875,76.6197,215.4720
311.9816,234.5649,304.4210,325.8356,70.4729,306.4559,78.0335,215.1853
308.0417,235.2672,298.6646,326.0347,71.8526,302.6029,81.2297,211.8354
313.0054,234.4581,306.3863,322.8159,75.6218,305.5289,82.2409,217.1711
314.9183,231.4915,309.8935,320.0639,72.9515,306.6217,77.9764,218.0493
289.4634,230.9618,282.9344,317.8569,72.6723,302.0583,79.2014,215.1632
281.6846,227.3807,276.1940,318.9193,73.1081,306.7381,78.5986,215.1994
281.6436,226.4367,276.0895,320.7372,71.0734,308.6621,76.6275,214.3617
280.2243,226.3070,275.2130,321.9335,74.1052,311.3946,79.1164,215.7680
278.9538,229.5507,272.4563,324.8494,83.1435,311.9419,89.6410,216.6432
281.3116,226.8772,276.8576,323.0554,89.1587,314.3631,93.6127,218.1850
285.7292,229.5288,279.9799,321.7723,100.6498,310.5952,106.3991,218.3516
292.3358,232.1346,282.2419,326.1899,105.3472,307.2055,115.4412,213.1503
299.5833,233.0903,289.7298,326.0060,110.1399,306.9609,119.9934,214.0452
302.1700,232.8725,291.5117,326.1386,115.3537,306.0076,126.0120,212.7416
307.4352,232.7531,298.0678,321.1291,120.0812,302.2635,129.4485,213.8876
314.1004,237.7724,296.4918,328.1637,122.4633,294.2622,140.0719,203.8709
316.2206,233.2432,306.9683,319.7061,130.0405,300.7732,139.2929,214.3102
317.8136,232.3137,305.2213,325.4595,130.2330,301.8030,142.8253,208.6572
317.8911,222.3512,318.9584,313.8182,139.3529,315.9138,138.2856,224.4469
320.3171,219.3042,324.6066,313.7669,146.9044,321.8361,142.6150,227.3734
331.2959,222.6143,331.2762,315.2746,144.1250,315.2348,144.1447,222.5744
337.8401,229.8066,329.7693,325.6139,138.9772,309.5417,147.0479,213.7345
346.4680,239.4110,328.0614,329.4250,140.9806,291.1695,159.3873,201.1555
354.8334,244.3653,327.4377,339.4875,144.3120,286.7465,171.7077,191.6243
346.4661,226.4605,341.4154,313.6294,147.6275,302.4011,152.6782,215.2322
353.4479,226.7427,348.6844,317.4195,151.4716,307.0592,156.2351,216.3824
370.8477,228.9919,363.0419,320.0062,152.8508,301.9792,160.6567,210.9649
384.9413,226.3748,377.0210,319.8615,155.9289,301.1302,163.8493,207.6434
390.1720,227.8184,383.0969,316.9889,154.0792,298.8179,161.1543,209.6474
391.8491,229.1911,381.1379,320.5593,159.5140,294.5781,170.2252,203.2100
400.9404,236.4998,381.1294,355.4160,156.6264,318.0147,176.4374,199.0984
399.8266,224.7606,393.1147,319.8607,157.4672,303.2292,164.1791,208.1291
400.1585,224.4469,394.0694,316.8435,159.4171,301.3793,165.5063,208.9828
401.5988,223.2426,395.3013,324.9169,163.0490,310.5316,169.3465,208.8573
403.5890,223.9579,396.9392,323.5085,167.6762,308.1942,174.3259,208.6436
406.4795,224.2386,400.6862,319.8062,169.6948,305.8035,175.4881,210.2358
408.9431,224.9980,401.6453,346.7495,171.6822,332.9654,178.9800,211.2139
412.6401,222.5848,406.7945,317.7080,174.9131,303.4583,180.7587,208.3350
412.9673,218.7870,411.2607,313.6677,177.7966,309.4685,179.5032,214.5878
406.6202,206.6866,418.5403,321.4528,197.0387,344.4590,185.1186,229.6928
410.5795,203.3308,425.8841,328.4742,209.1755,354.9769,193.8708,229.8335
421.3250,202.5084,437.1188,330.9637,215.7254,358.1844,199.9315,229.7292
409.5630,185.3167,435.8364,287.4514,224.1277,341.9119,197.8543,239.7772
415.8640,184.1543,445.8964,299.9504,232.4032,355.3211,202.3708,239.5250
426.9744,191.7691,446.4899,290.3397,224.9050,334.2103,205.3894,235.6397
426.3876,189.6023,448.3730,288.5692,226.0249,337.9636,204.0396,238.9967
425.1517,189.2443,447.6432,288.7301,226.5681,338.7103,204.0766,239.2245
437.5954,210.1215,441.7005,297.4983,216.0676,308.0989,211.9624,220.7222
439.9663,210.5267,442.9993,296.5893,216.9179,304.5568,213.8849,218.4941
438.9639,210.4626,442.3344,296.8878,217.6127,305.6515,214.2422,219.2263
442.0524,210.8307,444.8835,296.7758,218.4934,304.2332,215.6623,218.2881
439.7161,211.5398,442.7633,298.3934,220.7931,306.1812,217.7459,219.3276
438.6117,212.1435,441.7770,298.0114,221.2692,306.1398,218.1039,220.2718
443.3863,211.0043,446.2914,297.1135,221.0004,304.7141,218.0953,218.6050
453.4868,208.5529,457.4270,295.0782,223.6670,305.7231,219.7268,219.1979
455.7386,209.9493,459.6565,295.3258,224.7506,306.1056,220.8327,220.7291
457.7159,210.6628,460.9433,295.8594,226.6167,304.7363,223.3892,219.5396
452.1502,210.2264,454.9209,295.7849,227.7213,303.1423,224.9506,217.5838
457.9761,211.8278,460.3875,297.0733,227.5630,303.6592,225.1516,218.4138
455.2268,212.4556,457.1535,296.6965,231.0758,301.8671,229.1491,217.6262
454.8531,211.6165,456.4851,297.8434,232.2268,302.0880,230.5948,215.8611
452.6188,210.2382,454.7480,297.0135,232.6583,302.4628,230.5291,215.6875
452.8405,212.0394,454.6159,297.4494,233.9223,302.0368,232.1469,216.6268
456.0633,211.5919,457.8423,298.0470,234.6190,302.6402,232.8400,216.1851
454.9205,210.5167,457.3828,297.3829,235.0535,303.6850,232.5912,216.8188
456.5923,210.7548,458.9060,296.5793,235.8232,302.5932,233.5095,216.7687
456.8205,210.8993,459.2433,296.6420,237.7963,302.8993,235.3735,217.1566
454.3108,210.1563,455.8563,297.4557,237.7116,301.3177,236.1660,214.0183
456.8875,211.5448,458.3618,296.8834,237.1516,300.7050,235.6773,215.3664
458.8873,212.1333,459.9693,297.8517,238.8597,300.6427,237.7777,214.9243
458.6424,211.2189,459.7927,298.0114,239.9950,300.9244,238.8447,214.1320
457.2717,211.3414,458.0072,298.8055,241.3624,300.6274,240.6268,213.1633
456.3251,213.0270,456.9271,299.1154,242.7831,300.6128,242.1812,214.5244
457.7032,211.2818,459.0188,299.7201,242.0014,302.9485,240.6857,214.5102
456.7234,210.7764,457.8430,299.9878,243.1124,302.6827,241.9928,213.4713
457.0611,208.4884,459.9711,299.0972,245.1991,305.9950,242.2890,215.3862
458.5429,207.8872,461.8782,299.7796,245.3613,307.6381,242.0260,215.7457
455.0322,207.7443,459.4772,299.6675,246.1676,309.9822,241.7226,218.0591
454.9282,203.7747,461.5070,298.9820,246.0759,313.8683,239.4970,218.6611
453.5346,206.7773,458.8258,297.6016,246.2379,309.9866,240.9467,219.1622
453.7126,204.5286,460.2276,298.0963,245.7565,313.0296,239.2415,219.4619
450.0404,205.3288,454.5031,298.6899,246.2986,308.6422,241.8359,215.2811
454.1420,204.0100,459.3441,297.1305,246.7055,309.0093,241.5034,215.8888
453.5853,203.7530,459.1667,297.0089,247.5305,309.6753,241.9491,216.4195
454.4839,206.4501,458.9586,297.2947,248.6639,307.6529,244.1893,216.8083
452.5198,204.9397,457.2072,297.0966,241.5544,308.0653,236.8671,215.9084
454.7075,204.7615,459.0573,297.8627,245.3125,307.8492,240.9626,214.7480
454.7926,204.1000,459.7786,296.9799,246.8867,308.4083,241.9008,215.5284
454.5197,205.2262,459.6618,298.3412,249.3346,309.9563,244.1924,216.8414
450.3065,205.1055,455.0191,298.7740,245.1973,309.3305,240.4847,215.6620
453.8245,203.5062,460.3173,297.4184,246.9152,312.1723,240.4225,218.2601
456.5645,203.8074,463.2211,297.0519,246.2074,312.5442,239.5508,219.2997
451.0762,202.8251,458.6625,298.8052,248.1789,315.4419,240.5927,219.4618
452.0143,198.9817,462.2635,296.4306,250.6758,318.6845,240.4265,221.2356
452.5446,200.1358,462.6148,299.5175,248.3365,321.2300,238.2663,221.8484
452.3712,199.3995,462.6114,297.8270,250.4774,319.8969,240.2372,221.4694
451.8478,197.2862,462.9538,297.6780,251.5184,321.0683,240.4124,220.6765
452.1683,195.9991,464.1004,297.2508,250.8009,322.3874,238.8687,221.1357
454.3372,194.6911,465.8990,296.1233,249.5196,320.7874,237.9578,219.3552
455.4773,195.9903,466.0982,295.7570,249.5051,318.8151,238.8841,219.0484
456.4622,195.1622,467.5000,294.9029,249.6510,319.0111,238.6132,219.2704
457.6902,194.9010,469.2325,293.9115,250.1716,319.4488,238.6294,220.4383
452.2757,194.7993,463.5339,294.7233,250.6797,318.7051,239.4214,218.7812
458.9037,196.3718,469.4365,293.8065,248.5818,317.6813,238.0489,220.2465
459.0681,195.2818,470.7656,294.5371,250.1486,320.5374,238.4511,221.2821
459.4660,193.5433,473.0464,292.1629,250.8027,322.7669,237.2224,224.1473
455.5464,192.0035,470.1817,293.3592,251.3437,324.9585,236.7084,223.6028
459.1579,192.0383,474.0964,293.0323,252.5933,325.7959,237.6548,224.8018
460.8340,189.2409,477.9427,291.7831,252.8303,329.3422,235.7216,226.8000
454.4509,192.0668,468.9237,292.5803,247.1274,324.5165,232.6545,224.0031
459.5082,187.7430,478.3008,291.0646,252.6497,332.1070,233.8571,228.7854
453.2793,181.4550,477.5788,282.1896,250.2903,337.0167,225.9909,236.2821
460.7143,186.6950,479.6530,290.3880,252.7442,331.8310,233.8056,228.1380
461.7010,181.8497,485.6712,288.3169,256.2101,339.9781,232.2400,233.5109
467.9213,185.6481,486.9648,288.1848,252.8676,331.6620,233.8242,229.1254
469.5070,185.3897,487.3976,289.6026,252.3481,329.9543,234.4575,225.7414
463.9730,190.2789,473.4715,299.4133,245.2293,319.2784,235.7307,210.1440
479.4022,191.0415,485.0980,297.1340,244.3179,310.0608,238.6221,203.9684
478.7624,189.2755,483.2855,305.8982,237.1063,315.4460,232.5832,198.8233
480.7446,194.4040,482.0785,301.4140,230.7455,304.5469,229.4116,197.5369
479.3279,183.6550,486.8698,300.0461,250.1858,315.3828,242.6438,198.9917
486.1720,190.8141,493.3520,297.1064,236.7336,314.4409,229.5536,208.1487
483.5674,189.1064,492.1218,295.3979,241.8360,315.5410,233.2816,209.2495
485.3489,190.2022,493.1552,295.3420,236.8139,314.3746,229.0075,209.2349
483.9151,186.9657,494.4525,294.5580,246.7341,318.8190,236.1967,211.2267
472.3519,185.5857,486.2364,294.5364,244.1414,325.3886,230.2569,216.4379
475.1065,183.5225,486.3468,298.2856,244.3827,321.9845,233.1423,207.2214
479.5736,183.9944,489.0853,294.0337,236.4893,315.8679,226.9776,205.8287
473.6402,179.4373,484.7140,293.3278,237.5031,317.3645,226.4293,203.4740
479.5019,183.7669,490.5308,285.1933,242.1089,312.2061,231.0800,210.7797
468.6191,169.5886,493.1905,275.8145,253.6187,331.2303,229.0474,225.0045
461.1205,164.7303,490.1667,269.9372,257.0439,334.2992,227.9978,229.0923
458.3249,164.3990,489.1183,266.8069,260.9332,335.4209,230.1397,233.0129
458.8057,162.9503,489.6968,265.4518,260.0277,334.6676,229.1367,232.1660
458.2570,161.3212,490.2347,265.1397,262.5691,335.2641,230.5914,231.4457
459.3376,162.9959,490.7984,264.8879,263.0103,335.2213,231.5495,233.3293
458.9395,162.9011,490.8553,264.6735,265.0196,335.4954,233.1039,233.7230
461.0312,159.3415,494.8256,262.1811,268.0447,336.7042,234.2503,233.8647
457.6219,162.2831,490.7335,264.7003,267.4742,336.8803,234.3625,234.4631
456.4763,160.9184,491.1068,264.5473,269.6898,338.5401,235.0592,234.9112
447.6756,165.6768,480.9089,270.3276,274.3356,335.9277,241.1024,231.2769
444.6129,165.5356,478.1330,271.4845,274.7856,335.8197,241.2654,229.8708
445.3879,165.6936,479.8190,269.6369,277.0939,336.7894,242.6628,232.8461
445.1610,165.0539,480.5986,269.0352,275.1691,339.0471,239.7315,235.0658
444.3652,163.1980,480.0237,268.6077,273.0767,338.6146,237.4182,233.2050
444.5670,165.4822,479.8386,268.8317,272.3091,339.6583,237.0375,236.3087
443.0812,163.9424,479.4481,268.1297,271.6525,340.6614,235.2855,236.4741
444.4868,165.6789,479.7408,268.8099,269.9973,340.5080,234.7433,237.3770
444.5858,165.1027,480.1337,268.5792,270.7938,340.4951,235.2459,237.0186
442.5671,164.6762,478.6754,267.6100,269.7623,340.8950,233.6540,237.9613
445.6520,165.2612,480.9394,267.3204,270.7920,339.9797,235.5046,237.9205
447.4236,162.7065,484.0266,264.1328,270.7621,341.0964,234.1591,239.6701
448.0475,162.1031,484.1014,263.4954,270.1713,339.5666,234.1173,238.1743
448.1541,164.3223,483.7062,265.4662,271.0260,340.2234,235.4738,239.0796
449.3577,161.7584,485.7091,264.3921,271.1463,340.3873,234.7949,237.7537
448.8672,163.3519,484.6512,264.6409,270.2178,340.3974,234.4338,239.1084
447.7083,164.0110,483.2230,266.0692,267.0766,341.2848,231.5619,239.2266
446.0687,166.1599,481.6282,266.3027,269.0403,341.7901,233.4808,241.6473
447.1764,163.9717,483.3160,265.5599,267.5612,342.3139,231.4216,240.7257
449.0336,165.0155,484.7722,264.6259,267.8759,342.4447,232.1373,242.8344
446.8234,164.6378,483.9677,265.0818,267.4555,345.1483,230.3111,244.7042
447.8776,164.6375,483.9022,265.0114,268.4257,342.3467,232.4012,241.9728
448.2396,164.4617,484.1825,264.9246,270.2469,341.4649,234.3040,241.0021
446.1357,164.6504,482.7300,265.3841,269.7245,342.7642,233.1302,242.0305
445.6816,165.3918,481.8549,265.3181,268.6166,342.5101,232.4434,242.5838
446.8283,167.4324,481.8517,266.1807,267.1832,342.3178,232.1598,243.5695
445.8693,167.1644,480.5678,266.6525,267.7160,340.8889,233.0175,241.4009
445.3490,165.8933,481.7438,265.0510,268.9780,343.1445,232.5832,243.9868
445.2699,167.5720,481.3761,265.9114,270.2622,343.4237,234.1561,245.0843
444.2960,164.7810,481.7408,264.2175,267.3148,344.9638,229.8700,245.5273
445.2078,165.1704,482.1382,264.0226,269.5172,343.4562,232.5867,244.6040
446.1994,164.7281,483.9192,262.7679,269.3824,345.3086,231.6626,247.2688
444.7664,163.2433,482.5180,263.4854,270.0834,343.4890,232.3319,243.2469
445.4327,165.8604,481.4645,264.5625,269.1444,342.0711,233.1127,243.3690
444.6736,166.2061,481.1788,264.8809,268.1053,343.7085,231.6001,245.0337
444.1269,165.1210,481.4141,265.3062,267.0592,345.0853,229.7721,244.9000
445.4047,167.8161,481.1400,265.4311,268.5113,343.2712,232.7760,245.6561
444.5497,167.3237,480.9000,266.8060,270.1049,343.8293,233.7546,244.3471
444.3560,168.7840,479.7411,266.9948,267.1458,343.5924,231.7607,245.3817
443.0931,169.4646,477.9470,269.1961,271.5517,341.3264,236.6978,241.5949
442.9840,169.1547,478.0369,268.4102,271.3152,341.4157,236.2623,242.1602
449.2872,164.2946,486.7760,262.3680,272.0707,344.4395,234.5820,246.3661
444.2729,164.4869,482.6147,264.7074,275.2538,344.0384,236.9120,243.8178
439.6031,161.2579,483.3279,260.8064,278.7018,350.6845,234.9770,251.1360
438.0350,160.7724,483.6698,261.3017,282.9684,352.4091,237.3336,251.8798
442.3010,164.4622,482.2719,265.5555,273.5757,348.0710,233.6048,246.9777
441.6767,168.1253,479.0841,267.1955,274.0283,344.6214,236.6209,245.5512
441.0332,171.2685,476.4818,268.9875,272.8286,342.8649,237.3800,245.1459
441.0990,163.1886,484.7250,264.3700,281.4055,352.0343,237.7796,250.8530
443.8690,167.4446,480.9253,267.0035,273.3059,344.2803,236.2497,244.7214
442.9923,169.2731,479.3787,267.7074,273.3378,343.8707,236.9515,245.4364
443.1702,169.4741,478.5684,267.9400,272.4129,342.0522,237.0148,243.5863
445.0623,166.0747,482.5863,263.9776,273.0035,344.3060,235.4795,246.4031
445.3094,167.0481,482.4297,266.2128,271.1092,345.3164,233.9889,246.1518
445.1395,167.9544,482.1329,266.0747,271.2491,345.5823,234.2557,247.4620
446.2326,166.7195,483.5479,265.8897,272.8942,345.1535,235.5789,245.9832
443.4918,162.0611,486.0191,264.1384,278.9275,350.4165,236.4002,248.3393
445.7540,166.3233,482.9612,266.0598,275.2157,343.5602,238.0085,243.8237
446.2985,166.0672,484.1629,265.1479,273.7378,345.5634,235.8734,246.4827
443.9529,168.7683,479.9169,268.4251,271.6922,343.5690,235.7282,243.9122
444.9337,169.8805,481.0037,268.2292,272.7410,344.6107,236.6711,246.2620
444.8794,170.7504,480.1308,269.0244,272.4860,343.5077,237.2346,245.2338
445.8001,168.7164,482.2191,267.1049,273.4570,344.3793,237.0380,245.9908
444.7355,168.1982,482.2419,266.9141,275.2736,345.5502,237.7672,246.8343
445.1853,171.0656,480.6796,269.3005,274.1996,343.9059,238.7053,245.6710
446.7416,167.2185,483.8144,266.4867,272.0800,345.5611,235.0073,246.2928
446.2317,168.9965,483.3458,267.0230,274.2061,346.2061,237.0920,248.1795
446.0480,167.9920,483.4132,267.3438,275.4816,345.5447,238.1164,246.1929
450.2073,165.5953,487.6541,264.1945,276.7231,344.3036,239.2762,245.7044
453.8622,167.5815,488.9691,265.8788,274.2080,342.5806,239.1012,244.2833
455.8570,175.8350,484.2416,274.0623,268.6277,336.3681,240.2430,238.1408
458.5674,181.7858,482.0376,278.7563,265.3683,331.1978,241.8980,234.2274
459.9301,181.3282,482.3454,280.0013,264.7142,329.4401,242.2989,230.7670
463.1318,179.0779,486.6649,278.7602,264.1224,331.2982,240.5894,231.6160
460.2292,173.2765,489.7306,275.7608,264.1759,340.6895,234.6746,238.2052
465.4427,181.1100,488.1871,280.4345,264.5920,331.6357,241.8476,232.3112
457.7755,172.3855,489.4321,274.4540,270.8336,342.2524,239.1770,240.1840
458.3787,173.4986,489.3072,278.2017,274.7720,341.5738,243.8435,236.8707
456.8133,172.1749,489.2314,276.1918,273.6755,343.3725,241.2574,239.3557
454.6289,169.9511,489.6480,274.8470,285.6341,342.9562,250.6150,238.0603
455.0768,169.8041,491.4413,272.4192,286.9429,344.8890,250.5783,242.2740
454.5222,172.0722,489.7409,274.2549,289.5436,343.2556,254.3249,241.0729
457.6803,174.5482,491.2808,277.2138,286.2002,344.3328,252.5997,241.6672
457.0076,173.2705,491.1584,275.5319,290.6774,342.4837,256.5266,240.2222
463.4701,176.6802,493.8100,279.2362,287.9913,340.1251,257.6513,237.5691
485.7815,200.4921,493.4802,295.7983,274.2170,313.5102,266.5183,218.2039
478.7094,186.0200,497.2381,284.6703,279.7333,325.5223,261.2047,226.8720
485.1176,189.9783,499.6806,287.4752,276.1744,320.8600,261.6115,223.3631
491.8024,193.1448,501.7539,291.7303,272.6982,314.8517,262.7467,216.2662
493.9839,193.2783,504.2492,290.3648,272.9683,314.8192,262.7029,217.7326
491.8311,186.6308,506.2590,286.3723,282.9049,318.6811,268.4770,218.9396
491.0447,183.5268,507.0520,284.9790,281.5023,320.5666,265.4950,219.1144
508.5305,202.4766,510.9812,296.3935,276.2619,302.5184,273.8112,208.6015
508.9258,201.0088,511.7071,295.8131,276.8733,302.7023,274.0920,207.8980
499.0943,190.9844,509.3354,292.4178,280.5751,315.5143,270.3340,214.0809
506.8323,199.1005,497.4476,312.3031,297.7714,295.7495,307.1562,182.5470
506.0666,200.1940,503.0041,311.4743,307.5360,306.0948,310.5986,194.8145
507.4254,202.6468,509.8064,304.5349,301.1233,309.4114,298.7424,207.5233
508.8445,211.7802,507.2845,310.2570,291.1317,306.8329,292.6917,208.3561
504.2531,201.9433,510.8229,301.2382,302.5383,315.0191,295.9685,215.7242
512.5657,206.6952,513.3256,308.5954,301.3343,310.1762,300.5745,208.2759
511.8129,205.6833,516.7862,304.7428,313.0642,314.9707,308.0909,215.9112
520.6714,211.2440,522.1315,307.8138,308.7952,311.0392,307.3352,214.4694
527.9133,208.7300,530.2604,307.0002,312.7624,312.1947,310.4154,213.9246
540.9165,210.1420,542.2320,305.0942,320.6491,308.1641,319.3336,213.2118
540.8063,201.6850,546.3035,299.9605,327.6741,312.1901,322.1768,213.9145
551.1595,193.0212,561.7028,285.6393,340.6703,310.8007,330.1271,218.1826
549.6106,198.9196,555.5517,294.2278,344.2817,307.3975,338.3407,212.0892
552.6296,205.5608,552.9302,302.5574,337.3313,303.2256,337.0306,206.2290
558.8105,206.8173,558.1271,300.7995,340.5729,299.2176,341.2563,205.2353
555.6942,208.0120,552.7078,303.7104,344.8582,297.2242,347.8446,201.5258
560.4324,210.7305,554.0600,306.5361,347.9472,292.8267,354.3197,197.0211
560.4707,211.6603,553.4366,304.7002,350.8973,289.3877,357.9313,196.3478
562.7070,208.7619,557.3277,304.3521,353.9720,292.9083,359.3513,197.3182
563.8921,212.4197,555.7008,305.4183,355.1405,287.7531,363.3318,194.7545
563.2847,214.3652,553.4589,307.0752,354.5286,285.9918,364.3543,193.2819
569.5151,212.5661,560.6583,307.0831,351.8707,287.5186,360.7274,193.0016
568.6364,212.9622,558.5046,308.3145,355.6235,286.7572,365.7552,191.4049
564.0648,211.6903,556.1360,307.3730,358.1398,290.9663,366.0685,195.2835
566.1243,210.5220,558.8860,305.9130,360.2387,290.8396,367.4770,195.4486
564.0399,208.1775,561.5739,305.9877,368.1886,301.1121,370.6546,203.3019
560.1890,209.3747,565.1042,302.8793,383.5858,312.4210,378.6706,218.9164
560.6434,205.7256,570.9089,301.8610,393.2166,320.8354,382.9510,224.7000
562.7362,207.3282,574.2465,302.5662,399.5626,323.6783,388.0523,228.4403
566.2161,209.9010,575.9393,309.0526,406.0872,325.7090,396.3640,226.5574
571.4666,219.3158,575.9735,317.5485,413.7124,324.9930,409.2055,226.7603
581.2924,230.0072,581.8115,325.1897,428.1419,326.0278,427.6227,230.8453
597.8088,242.2110,589.1111,333.0335,434.5453,318.2313,443.2430,227.4089
612.0394,255.0041,593.9910,342.4897,439.1996,310.5558,457.2480,223.0703
616.4184,259.3501,600.8696,338.9007,446.7753,308.7819,462.3240,229.2313
616.3392,254.8210,604.7626,332.8201,451.1527,310.0215,462.7292,232.0224
621.9747,253.1327,611.7589,327.4732,470.1321,308.0108,480.3480,233.6704
624.0243,283.6165,592.5472,340.4204,473.0848,274.2219,504.5620,217.4180
617.9387,276.4571,591.8499,331.2059,477.8178,276.8677,503.9066,222.1189
620.4740,280.4060,592.3283,333.3849,477.7960,272.5381,505.9417,219.5593
621.8158,282.9825,593.1840,334.9067,489.0166,277.4671,517.6484,225.5429
622.5511,294.7698,593.1399,341.6498,494.3873,279.6951,523.7985,232.8152
623.4188,275.3748,551.3053,333.7259,467.9373,230.6950,540.0508,172.3440
2
0
0
0
0
1
849.3031,232.1118,850.9195,291.6129,714.7497,295.3121,713.1333,235.8109
865.6208,233.5463,865.6071,293.9454,716.6471,293.9113,716.6609,233.5123
868.8897,233.7278,866.2977,299.4134,712.5574,293.3467,715.1494,227.6611
870.6235,235.7444,867.2032,302.4964,716.4810,294.7737,719.9012,228.0217
871.8210,235.8172,868.4061,303.1581,721.5948,295.7132,725.0097,228.3723
870.4704,231.2645,867.3052,302.8168,727.3022,296.6238,730.4673,225.0714
873.3085,233.6255,868.5009,302.0951,723.8367,291.9375,728.6442,223.4679
886.6687,252.3187,869.9673,320.8736,703.3408,280.2799,720.0422,211.7250
889.2334,254.4880,870.5173,322.9342,706.5461,278.0975,725.2622,209.6513
890.3220,256.4048,871.5316,323.5882,704.1237,276.7662,722.9141,209.5828
886.1127,254.3109,867.7036,321.5552,704.6722,276.9230,723.0813,209.6787
882.1066,253.0755,863.9230,321.1700,702.4706,278.0565,720.6544,209.9620
870.4301,246.9060,852.6386,317.0924,703.8240,279.3695,721.6155,209.1831
877.1639,246.7854,860.8357,316.9102,702.5404,280.0520,718.8686,209.9272
887.5078,248.5768,871.7849,316.4806,701.7897,277.1190,717.5125,209.2152
896.3788,244.2816,882.9669,314.6139,709.3813,281.5122,722.7932,211.1800
902.1476,240.2246,890.5521,312.1862,709.6259,283.0325,721.2214,211.0709
909.1982,238.2465,898.2423,312.6055,710.1758,284.8961,721.1317,210.5371
920.2855,241.9434,908.6820,314.7856,709.4935,283.0557,721.0969,210.2135
922.1445,242.0386,909.2349,317.6398,711.6501,283.9003,724.5597,208.2991
923.1694,242.1734,909.7224,318.4454,712.2544,283.6313,725.7014,207.3593
925.4996,243.1876,910.5181,321.4197,710.1260,283.0443,725.1076,204.8122
928.6074,244.6320,911.2339,321.9096,715.8334,277.9800,733.2069,200.7023
933.6597,245.5808,917.0123,322.2729,717.3567,278.9341,734.0041,202.2419
939.7623,246.4543,922.9498,322.6204,721.1937,278.0858,738.0061,201.9198
945.0596,245.8354,929.4828,321.8551,725.3273,280.0229,740.9040,204.0032
952.0747,246.3347,936.1857,323.5218,725.0134,280.0517,740.9025,202.8647
954.3493,246.9046,936.8987,326.8922,725.2815,280.7245,742.7321,200.7369
959.4265,248.5476,940.5071,328.0035,725.5228,276.8133,744.4421,197.3574
959.7057,246.0975,941.8013,326.2179,729.9352,278.8724,747.8395,198.7521
962.4995,246.2027,943.9747,327.2480,733.8759,279.2253,752.4006,198.1799
962.6956,245.2686,944.1626,327.3117,734.6669,279.9879,753.1999,197.9448
966.9072,249.1434,942.7274,335.6291,738.9842,278.6664,763.1639,192.1807
971.3815,250.3942,946.7829,336.2893,740.2843,277.1524,764.8829,191.2573
