1
229.7885,129.4358,282.4327,130.3523,280.9684,214.4593,228.3242,213.5428
286.5741,206.6222,231.4535,213.1527,221.9056,132.5633,277.0262,126.0328
286.5033,206.4975,231.1728,213.9866,220.3561,134.0719,275.6866,126.5828
289.8013,204.2939,232.6309,217.3238,214.1906,136.4149,271.3610,123.3850
290.3255,198.0675,231.0760,214.6081,209.2966,136.5927,268.5462,120.0521
288.3817,197.5518,225.4582,213.2495,205.4130,132.8994,268.3365,117.2017
280.4782,196.6877,216.7996,202.7897,209.1685,123.1545,272.8471,117.0525
282.7165,194.1846,217.3435,204.6595,204.0534,121.7175,269.4265,111.2426
211.3667,107.3331,280.3132,115.4339,270.3944,199.8532,201.4479,191.7524
273.7189,189.3898,206.0129,190.5924,204.5211,106.6057,272.2271,105.4030
271.3576,182.4326,202.3262,183.5506,201.0145,102.5612,270.0458,101.4432
277.3566,166.9302,209.1187,182.2601,192.0970,106.4915,260.3349,91.1616
211.0212,82.5218,279.8546,106.2253,253.3834,183.0958,184.5501,159.3923
198.7727,86.1136,268.9351,94.2973,260.3047,168.2890,190.1423,160.1052
250.2790,74.4571,277.9725,130.5016,207.9482,165.1029,180.2548,109.0584
251.8871,73.1378,277.9192,128.0170,204.7932,162.7046,178.7610,107.8253
255.7453,74.4413,277.2530,132.3928,201.2712,160.5922,179.7635,102.6406
256.6390,75.0865,277.2836,132.9216,201.0040,160.1501,180.3594,102.3150
257.6551,74.8518,277.7194,133.1554,199.6260,160.0301,179.5617,101.7265
253.2011,69.8678,280.1870,124.8301,202.3338,163.0553,175.3479,108.0930
253.8230,71.0293,281.4397,126.2903,204.4248,164.7785,176.8081,109.5175
231.4670,73.5096,270.7721,119.7843,214.0169,167.9915,174.7117,121.7168
219.6149,79.5329,266.0947,117.3171,223.1142,170.1889,176.6344,132.4047
219.6745,80.9676,265.8011,117.1422,223.0085,171.7076,176.8818,135.5331
224.7039,83.4302,265.5806,120.5755,218.2759,172.6321,177.3992,135.4868
218.2922,89.1785,263.3256,121.0378,225.4309,174.6023,180.3975,142.7430
230.2342,90.4656,266.5388,129.1945,216.5339,176.0693,180.2292,137.3404
225.6658,94.7185,263.0591,128.3196,220.1503,176.0712,182.7569,142.4701
229.6676,94.1278,265.9048,128.9034,220.5789,176.1342,184.3417,141.3586
215.3802,94.5147,263.5471,115.2209,236.7835,177.4786,188.6165,156.7724
211.7952,93.2928,262.0868,104.9982,245.6683,175.5392,195.3767,163.8338
213.9023,87.0536,268.6677,102.0002,249.6370,171.7298,194.8716,156.7832
216.2378,82.1542,268.5088,97.3968,246.6005,172.5263,194.3295,157.2836
214.6031,75.5186,270.6018,88.5075,253.5298,162.1099,197.5310,149.1210
219.8911,70.7839,272.5129,86.5912,249.7343,162.4199,197.1125,146.6125
224.8617,64.7574,276.7642,84.4376,248.4774,159.0384,196.5749,139.3583
225.0610,61.6066,281.7339,82.0085,255.3172,155.3898,198.6443,134.9879
227.0693,60.6722,284.6181,83.1854,255.9353,156.5051,198.3865,133.9920
232.1377,61.5961,288.2776,88.8523,255.0197,157.3539,198.8799,130.0977
236.4232,62.2436,291.6262,94.2793,253.3918,160.1637,198.1888,128.1279
247.8716,64.6682,295.1217,112.1630,242.8465,164.1688,195.5964,116.6740
256.6923,65.8453,298.6546,119.9279,238.3713,166.7013,196.4090,112.6188
273.6204,73.5458,297.8887,133.9130,224.1306,163.5646,199.8623,103.1974
267.0362,76.3048,295.2868,132.3873,227.3584,166.6050,199.1078,110.5225
274.2503,84.7628,292.7035,147.0853,220.9463,168.3320,202.4931,106.0095
214.6988,98.4377,285.2267,101.7132,281.7158,177.3089,211.1878,174.0334
231.8685,94.0821,293.4721,119.9264,263.4064,191.5925,201.8028,165.7483
224.5475,102.2037,292.3225,119.2754,273.6288,193.4895,205.8539,176.4178
288.0900,192.7388,218.6263,196.9995,213.6763,116.2976,283.1400,112.0369
298.1499,181.2858,238.1444,205.6889,208.9019,133.7840,268.9074,109.3808
298.4829,185.1978,238.0708,206.6348,212.2436,133.8504,272.6558,112.4135
303.1801,175.7870,245.9203,205.8004,211.0924,139.3555,268.3521,109.3421
303.9410,175.0479,245.5650,201.3687,214.5025,132.4761,272.8785,106.1553
231.2790,107.5644,297.5189,114.7431,288.9970,193.3768,222.7571,186.1980
235.0944,98.8278,299.6941,105.8193,290.0138,195.2628,225.4141,188.2712
238.8084,91.9565,301.7626,99.9308,290.2264,191.0052,227.2721,183.0309
299.5160,170.8842,236.3593,173.8907,232.4256,91.2557,295.5823,88.2492
299.3205,155.0404,235.7061,155.5780,235.1117,85.2477,298.7261,84.7101
243.9183,75.6413,305.0189,90.4216,289.2509,155.6051,228.1503,140.8247
251.9572,73.6794,309.4595,97.3604,283.6107,160.1269,226.1083,136.4459
282.6164,76.0695,314.2339,129.4021,255.2994,164.3405,223.6820,111.0078
295.5439,85.1623,313.6751,143.4166,246.0598,164.4613,227.9286,106.2071
297.8907,90.8548,313.7136,144.8705,244.6838,165.0915,228.8609,111.0758
302.4746,94.1047,315.0249,150.4933,243.9197,166.3191,231.3694,109.9305
294.7027,92.8163,316.6847,151.1732,251.1353,175.8645,229.1532,117.5077
278.1830,88.8962,321.1994,137.0245,267.6491,184.8870,224.6327,136.7586
262.3216,89.1810,319.4847,119.7501,282.6471,188.6350,225.4840,158.0659
259.5499,90.0822,319.4702,116.0803,287.1888,190.4823,227.2685,164.4843
258.1714,90.7593,318.5747,113.6617,289.0294,191.5852,228.6261,168.6828
257.9375,92.6024,318.3598,112.3756,292.2633,192.1205,231.8411,172.3474
261.0385,93.4129,319.7748,117.1723,288.6940,194.0080,229.9577,170.2486
256.9391,99.5554,316.7917,115.9277,295.7445,192.8705,235.8919,176.4982
255.0418,103.9895,315.5160,115.6256,301.1237,190.4242,240.6494,178.7880
247.9476,111.5770,311.0505,112.9266,309.5733,181.9942,246.4705,180.6447
320.6516,124.8649,302.6252,182.0491,238.3524,161.7882,256.3787,104.6040
322.6491,126.4918,296.8199,185.5764,237.4614,159.6274,263.2905,100.5429
255.2260,101.4620,318.1307,114.1117,304.5343,181.7247,241.6295,169.0750
252.6922,97.1658,313.7308,100.3363,309.5681,180.4765,248.5295,177.3060
252.9508,92.9575,312.0570,93.0439,311.9343,177.0142,252.8281,176.9278
255.0555,82.4084,314.9756,83.6155,313.2326,170.1360,253.3126,168.9290
256.5048,73.7195,316.8650,76.4392,313.0142,161.9015,252.6540,159.1818
259.5691,62.7217,320.9315,69.9204,310.6577,157.4961,249.2953,150.2975
257.8121,59.8840,320.2206,64.4800,313.9662,149.4081,251.5577,144.8121
263.2216,54.9797,326.9115,69.2358,308.7538,150.3562,245.0639,136.1002
265.1174,53.3912,329.2619,71.6936,307.2971,148.6732,243.1527,130.3707
265.1146,53.1587,329.5531,71.8037,307.8205,146.9134,243.3820,128.2684
265.0674,53.1851,330.7812,70.4496,310.5093,147.6104,244.7956,130.3459
270.5667,52.4906,333.9625,76.0397,306.4139,150.2025,243.0181,126.6534
271.4601,53.3989,335.5289,77.3650,306.9639,153.7281,242.8951,129.7620
276.0838,54.6466,338.0418,84.0478,303.9802,155.8270,242.0221,126.4259
278.0580,56.1427,338.7404,86.0855,302.4113,159.7102,241.7290,129.7673
277.1122,60.4191,338.4325,89.7524,303.4008,162.9847,242.0806,133.6514
274.7060,63.5401,337.4763,89.6837,305.7026,165.9718,242.9322,139.8281
272.3810,67.6061,335.0173,90.2663,306.2041,169.9108,243.5677,147.2507
265.1270,73.3908,330.4972,87.8425,311.9184,171.8810,246.5482,157.4293
262.6072,79.9426,327.0331,90.5901,313.5142,172.3899,249.0883,161.7424
318.8057,170.5944,252.2537,170.7314,252.0897,91.0677,318.6417,90.9307
331.8811,143.1525,276.1745,179.9206,234.1963,116.3203,289.9029,79.5521
319.7799,106.4075,303.8214,172.0865,234.1710,155.1629,250.1295,89.4840
314.2657,102.7274,302.6625,169.6502,231.7209,157.3502,243.3241,90.4274
315.1021,160.3672,247.1839,179.5746,224.9328,100.8935,292.8510,81.6861
311.7217,156.6426,243.3750,171.6419,225.3976,89.7247,293.7442,74.7254
314.0098,146.7066,246.9177,163.5018,226.0618,80.1883,293.1539,63.3931
306.9841,145.5699,239.4300,150.1970,233.5247,63.9816,301.0788,59.3544
308.8788,139.2721,242.4308,142.5726,238.0652,54.6810,304.5132,51.3805
311.9142,135.0801,242.8394,136.8760,240.6741,53.5918,309.7489,51.7959
317.3858,132.0943,246.0224,137.5666,239.9915,58.9181,311.3549,53.4458
260.1523,53.7854,329.5769,78.3663,303.3678,152.3896,233.9431,127.8086
315.1730,66.2468,325.9309,132.6559,254.8882,144.1644,244.1302,77.7553
311.4330,69.3739,329.6398,130.0073,258.7660,151.2889,240.5593,90.6555
310.5375,73.6325,329.9299,132.0877,261.0606,154.9350,241.6682,96.4798
308.6631,73.5185,332.3306,131.6995,263.8528,159.5556,240.1853,101.3747
298.7380,73.0048,334.5414,126.2925,268.7738,170.4809,232.9705,117.1932
293.9474,72.7874,335.5449,125.2221,274.7724,173.4341,233.1749,120.9995
288.1463,73.6347,334.2567,122.1908,279.0896,174.5793,232.9791,126.0232
268.3700,73.9827,331.8489,103.9610,299.2132,173.0668,235.7343,143.0884
257.1221,75.7181,325.7159,92.8303,306.3700,170.3779,237.7762,153.2657
245.4064,81.8655,315.6041,82.8156,314.4852,165.4841,244.2875,164.5339
246.8877,80.9724,313.0233,84.7010,308.1781,170.6419,242.0424,166.9132
309.5830,170.8316,247.4772,173.6234,243.6019,87.4139,305.7077,84.6222
243.9411,86.4916,311.8646,96.7670,299.8853,175.9537,231.9618,165.6783
275.5034,80.3164,319.5881,132.5963,263.2130,180.1344,219.1282,127.8545
279.2769,80.4560,320.7689,136.0232,261.1959,180.5064,219.7038,124.9392
312.9458,169.8853,243.1746,179.1093,232.3051,96.8910,302.0763,87.6671
320.0758,165.4097,250.9698,181.6903,230.6064,95.2541,299.7125,78.9735
313.7215,171.5977,239.7416,172.3921,238.7228,77.5121,312.7026,76.7177
315.5093,160.9725,245.9753,161.0264,245.9031,68.0264,315.4371,67.9725
253.1552,61.1961,318.6143,62.8689,316.0974,161.3566,250.6384,159.6838
257.8526,59.6325,323.5213,63.2738,318.6145,151.7667,252.9457,148.1254
267.2634,58.0256,333.7520,73.3009,313.6921,160.6154,247.2036,145.3401
292.9846,56.6365,347.9411,102.2651,297.2415,163.3294,242.2849,117.7008
299.8728,66.5176,348.0226,114.2273,289.1274,173.6657,240.9777,125.9561
314.2956,74.7053,348.4591,128.3250,279.9684,171.9636,245.8048,118.3440
326.5460,84.2502,347.0231,137.5437,271.7838,166.4532,251.3066,113.1597
326.0780,88.5973,346.2597,142.1917,272.7254,169.8820,252.5437,116.2877
324.5992,89.4272,347.7537,143.5778,275.2720,174.5705,252.1175,120.4200
315.8076,89.3461,346.1914,139.4782,280.9140,179.0413,250.5301,128.9092
312.5156,86.7516,348.4570,138.6908,284.9502,182.6369,249.0087,130.6977
269.9507,93.2933,338.7089,104.4046,326.4427,180.3090,257.6846,169.1977
260.5403,96.6468,330.1065,97.8425,328.7872,174.6035,259.2209,173.4079
261.3818,95.7623,328.6264,99.2226,324.5352,178.7271,257.2906,175.2668
256.2763,99.1904,323.8201,100.8381,321.8959,179.7207,254.3521,178.0730
329.9939,166.1379,264.8150,187.5826,240.5726,113.8999,305.7514,92.4553
330.1747,143.0549,278.5492,191.7108,229.2757,139.4300,280.9011,90.7741
312.2194,182.1130,241.9147,187.3601,236.1009,109.4632,306.4056,104.2161
315.0183,178.9119,245.0452,197.6571,223.9829,119.0349,293.9560,100.2897
310.8570,185.9156,241.3232,198.4860,225.6797,111.9537,295.2136,99.3833
312.5562,184.0690,244.4975,197.4566,226.4458,105.6874,294.5046,92.2998
307.0211,181.9161,237.1855,185.0159,233.0395,91.6104,302.8750,88.5106
309.2202,169.4852,243.8754,174.2418,237.2924,83.8059,302.6371,79.0493
246.9964,69.8086,309.7896,72.3893,305.8065,169.3074,243.0132,166.7268
255.9765,60.4206,319.2159,73.9871,298.9384,168.5092,235.6990,154.9427
272.0224,53.9567,331.3444,84.3599,289.8899,165.2451,230.5678,134.8419
288.4674,55.2483,335.6458,99.7056,278.6208,160.2208,231.4425,115.7635
305.1041,64.1633,335.1879,116.1180,263.9979,157.3397,233.9142,105.3849
314.4676,72.6428,336.3750,121.4235,259.5890,155.9081,237.6816,107.1274
311.1846,79.6817,334.6767,126.1951,258.1101,164.8657,234.6181,118.3524
300.2235,85.3504,331.7104,129.9664,265.4337,176.7397,233.9469,132.1237
308.5089,92.5522,331.2184,142.7597,261.1317,174.4608,238.4222,124.2532
306.8506,94.6702,330.9913,147.3058,263.7282,178.1552,239.5876,125.5196
302.9026,93.4324,329.7169,146.3231,261.9307,180.6892,235.1163,127.7984
298.5834,91.0930,327.2156,145.0343,261.8529,179.7290,233.2207,125.7877
282.6405,85.9381,326.4659,135.6945,270.6573,184.8506,226.8319,135.0942
259.0453,83.4889,324.0847,111.7799,292.9796,183.2888,227.9401,154.9978
244.5047,87.2204,316.4779,100.8851,301.3313,180.6637,229.3580,166.9990
311.5934,165.6922,243.7733,178.8183,228.5834,100.3346,296.4035,87.2086
234.8782,91.5123,302.4989,95.8938,296.8448,183.1556,229.2240,178.7742
310.1699,166.3031,240.1256,189.8189,214.0605,112.1814,284.1047,88.6655
303.3161,176.7474,232.1571,192.6294,213.7755,110.2711,284.9345,94.3890
301.3913,179.7487,229.6101,194.5129,212.3102,110.4035,284.0915,95.6393
296.9150,184.2386,226.7957,192.9826,215.8899,105.5264,286.0092,96.7825
300.5100,182.7212,232.2352,193.5357,217.3935,99.8358,285.6683,89.0214
300.4175,181.2660,233.7424,189.7546,221.0457,90.0258,287.7209,81.5372
297.6859,178.4536,231.1628,181.4077,226.6383,79.5210,293.1614,76.5669
232.8681,68.8728,300.6740,71.3930,296.9622,171.2596,229.1564,168.7395
243.1022,57.9360,310.0882,72.3348,288.7351,171.6742,221.7490,157.2755
255.3153,51.8801,319.9422,80.1564,282.7143,165.2427,218.0874,136.9664
274.7190,54.6210,323.4751,99.6564,265.4810,162.4417,216.7249,117.4063
286.3344,58.7487,325.7949,112.1047,257.1164,162.8973,217.6559,109.5413
292.3518,64.8138,326.0892,117.4225,253.4471,164.0071,219.7097,111.3984
289.3119,70.8654,325.1989,120.5259,253.7065,172.1896,217.8196,122.5291
293.7085,77.3321,324.4807,127.7066,251.5866,172.2354,220.8144,121.8609
298.2655,80.7310,327.2407,131.5389,250.2911,175.4225,221.3159,124.6146
292.3758,83.0443,325.9500,135.3007,257.2374,179.4478,223.6632,127.1914
285.2433,84.0409,325.2333,133.8915,263.1876,183.6643,223.1976,133.8138
299.6694,89.1442,320.5723,147.5103,248.5569,173.3014,227.6541,114.9353
281.5855,83.5681,325.8567,141.7060,264.7995,188.2003,220.5283,130.0624
314.9899,168.3789,245.1585,183.8088,228.3005,107.5142,298.1318,92.0842
235.6222,98.3392,305.3098,100.4277,302.9410,179.4706,233.2534,177.3822
237.3916,96.8655,304.8176,103.7312,296.9025,181.4637,229.4764,174.5980
300.7286,176.8692,229.8609,179.0870,227.5108,103.9882,298.3784,101.7704
289.6265,99.1986,302.1286,165.3682,229.6321,179.0657,217.1301,112.8961
300.6594,115.2106,283.6188,183.9040,211.0479,165.9016,228.0884,97.2081
284.4482,96.6299,298.0023,166.4901,225.0621,180.6418,211.5080,110.7816
300.4993,165.3872,229.9719,185.1326,208.6145,108.8473,279.1419,89.1019
221.2871,88.6391,292.6111,94.0565,286.3378,176.6502,215.0138,171.2329
221.4590,80.1908,292.4388,85.5164,285.3218,180.3711,214.3420,175.0455
289.7036,160.8489,220.1736,161.1358,219.8131,73.7733,289.3430,73.4863
294.0437,147.4019,222.3958,154.3052,214.0397,67.5786,285.6876,60.6753
288.9656,143.6130,219.9106,146.2646,216.4956,57.3302,285.5505,54.6785
287.6787,135.0802,218.2654,136.8466,216.0527,49.8946,285.4660,48.1282
285.3832,137.6702,217.3873,138.3078,216.5329,47.1922,284.5287,46.5546
216.7077,45.7551,285.6432,48.6525,281.9541,136.4231,213.0185,133.5256
219.0755,44.9206,287.8863,50.8797,280.3528,137.8723,211.5419,131.9133
224.4007,43.6745,291.4382,56.7454,274.5078,143.5776,207.4703,130.5067
222.5445,48.0443,292.3906,59.3038,278.5485,145.1702,208.7025,133.9107
295.5000,126.9299,224.3218,141.4489,208.7398,65.0594,279.9181,50.5404
292.7086,132.9006,221.2003,142.1189,211.2975,65.3011,282.8058,56.0828
228.1436,56.4912,296.9966,76.4838,275.8297,149.3812,206.9766,129.3885
243.9782,57.3151,302.7854,96.3782,257.9063,163.9411,199.0992,124.8780
243.1598,63.0043,304.9411,103.1610,260.0612,172.2089,198.2800,132.0522
246.3132,69.6320,303.1385,111.4315,254.8931,177.0198,198.0678,135.2203
245.8584,74.8214,302.6894,114.6272,253.8030,184.4225,196.9721,144.6167
240.1524,80.1512,303.9680,114.9954,264.3134,187.6211,200.4978,152.7770
293.9382,175.2473,220.9026,180.6859,214.9874,101.2489,288.0230,95.8103
227.0494,96.6702,298.3631,111.6727,282.1387,188.7952,210.8249,173.7927
230.5265,98.4188,301.3204,117.0923,280.8513,194.6937,210.0573,176.0201
249.6408,93.3879,308.6230,132.8818,264.9810,198.0591,205.9988,158.5651
249.1829,90.3794,308.7603,125.9927,268.4344,193.4540,208.8569,157.8407
259.3059,82.5005,313.4616,124.9550,259.1305,194.2606,204.9748,151.8061
253.3835,76.1147,313.7590,112.3147,269.2076,186.6190,208.8321,150.4191
239.6058,74.4157,310.2367,93.6784,288.7451,172.4822,218.1142,153.2195
246.3005,65.8885,314.2687,91.9123,282.5643,174.7169,214.5961,148.6931
251.5473,57.1122,317.8673,90.6197,276.9555,171.5949,210.6355,138.0875
242.3846,53.0365,314.3771,74.3904,288.2725,162.3994,216.2800,141.0455
242.0693,45.5522,314.5541,64.2986,290.9440,155.5894,218.4592,136.8430
251.8970,36.2429,319.5990,64.1003,283.8614,150.9537,216.1594,123.0963
265.4877,24.8983,324.1046,63.6469,272.7988,141.2597,214.1819,102.5111
254.7703,21.6603,323.2593,46.8517,289.3957,138.9183,220.9067,113.7269
261.6933,16.4408,328.5341,47.8585,288.4626,133.1102,221.6218,101.6925
258.6584,16.2251,327.8836,41.7188,295.7161,129.0658,226.4909,103.5721
266.4930,12.9212,334.7758,46.6374,294.4116,128.3841,226.1287,94.6679
260.3895,16.2202,334.1150,40.5277,307.2633,121.9702,233.5378,97.6627
319.6054,21.8961,332.8669,85.7053,246.3127,103.6938,233.0513,39.8846
325.8954,25.2934,333.6230,91.3434,245.9475,101.6011,238.2199,35.5511
330.2678,31.0131,332.5236,94.3996,244.3853,97.5361,242.1296,34.1496
331.3456,33.8931,333.4297,96.5044,244.9590,99.4493,242.8749,36.8380
339.8727,49.0284,326.3899,119.8125,240.2032,103.3958,253.6861,32.6117
339.9910,55.5644,325.6733,125.2810,239.9577,107.6775,254.2755,37.9609
343.3996,68.0812,323.3681,134.5638,237.9062,108.8137,257.9377,42.3311
347.4324,101.4916,297.4428,155.2538,232.0377,94.4382,282.0273,40.6760
344.5078,114.9058,285.7828,161.1533,229.8906,90.1814,288.6155,43.9339
341.9463,109.8195,286.1893,159.5545,225.9033,91.9691,281.6603,42.2340
337.7956,101.1542,284.2339,153.9999,220.0566,88.9531,273.6183,36.1074
333.8372,86.6605,286.8807,144.9090,215.9413,87.7219,262.8978,29.4734
328.4040,79.9802,281.7764,136.5965,212.7071,79.7130,259.3348,23.0966
318.8717,54.4802,293.8354,123.5361,208.8396,92.7207,233.8759,23.6649
313.3655,48.6110,289.7131,117.0719,203.4827,87.2802,227.1351,18.8194
306.4987,44.4633,284.8134,112.2045,199.7295,84.9675,221.4148,17.2263
294.2977,32.5093,290.7074,93.6196,202.3145,88.4264,205.9048,27.3161
289.4184,32.5622,286.8007,92.8434,200.9764,89.1166,203.5941,28.8353
291.8029,42.5905,277.3131,107.4755,194.7322,89.0339,209.2220,24.1489
289.5102,45.3271,275.7190,104.8177,193.9509,85.8620,207.7421,26.3715
286.6961,49.2078,270.8869,107.8932,191.2242,86.4329,207.0334,27.7475
271.8838,36.2510,278.3249,94.1355,194.1470,103.5023,187.7060,45.6179
274.1674,45.6291,273.2847,96.7511,187.5746,95.2712,188.4574,44.1491
270.0879,50.0882,268.2882,100.5594,183.1352,97.5231,184.9348,47.0519
259.5061,45.4705,266.7925,98.8543,181.1793,110.5397,173.8929,57.1559
250.8141,45.3939,263.5306,102.0539,181.2778,120.5143,168.5612,63.8543
247.8663,49.1572,259.5702,104.5703,176.5501,122.1052,164.8462,66.6920
243.7589,51.8563,256.7817,106.3396,174.3283,126.0479,161.3055,71.5645
239.6237,56.1398,253.1222,109.7202,170.5868,130.5133,157.0883,76.9329
237.6017,63.6345,248.0703,121.0822,166.0826,136.0228,155.6139,78.5750
235.6148,69.6002,244.5880,138.3465,162.9622,149.0008,153.9890,80.2545
234.2751,72.7599,244.3720,145.9637,163.2454,157.1534,153.1485,83.9497
234.9117,69.5912,250.4082,144.7990,168.5937,161.6569,153.0971,86.4491
232.9926,60.1320,259.0796,134.1228,179.6964,162.1111,153.6093,88.1203
242.1388,54.4143,261.7669,125.0105,177.6894,148.3869,158.0612,77.7908
251.9878,49.7136,263.4335,115.9632,176.8421,130.9233,165.3964,64.6737
253.1485,37.9744,269.7652,99.0415,184.6480,122.2025,168.0312,61.1353
272.4712,45.1503,260.9469,121.3222,177.1013,108.6370,188.6255,32.4650
258.4758,22.2257,276.8957,81.2263,191.2598,107.9617,172.8399,48.9611
257.9505,16.5500,282.0508,77.5126,199.5002,110.1472,175.4000,49.1846
257.1318,13.4355,285.3282,75.3474,205.1245,111.8744,176.9281,49.9624
267.2798,13.3081,291.2034,85.9953,209.2323,112.9746,185.3087,40.2874
271.6017,11.2678,296.4529,85.5666,212.9978,113.4803,188.1466,39.1815
268.1109,6.9746,303.4545,79.4151,224.1013,118.1313,188.7577,45.6908
274.0681,4.9096,310.8620,80.2591,230.3609,119.5687,193.5669,44.2192
246.1645,2.8351,315.6491,49.1526,266.4372,122.9794,196.9525,76.6619
293.3914,11.3068,314.9771,86.0770,226.5340,111.6099,204.9483,36.8397
298.1310,15.4764,316.0585,86.6696,226.2405,109.2871,208.3130,38.0939
302.7016,19.6847,317.8693,89.3023,227.3564,109.0225,212.1887,39.4049
306.1611,24.8314,320.0775,96.5897,230.5591,113.9505,216.6427,42.1922
312.7215,33.7761,320.8038,108.7686,227.5666,118.8172,219.4843,43.8247
315.8152,42.3225,321.9896,117.5294,229.2452,125.1435,223.0709,49.9366
322.6651,56.8876,319.1771,132.5645,228.6675,128.3929,232.1555,52.7160
329.8667,74.2528,313.9109,148.0719,223.2391,128.4734,239.1948,54.6544
336.2835,114.7921,280.0607,175.1724,212.1948,111.9795,268.4176,51.5992
329.5111,138.3275,254.2721,183.1601,205.8911,101.9662,281.1301,57.1335
325.6514,122.6712,263.5268,180.5035,199.4394,111.6594,261.5640,53.8271
318.2249,95.5196,272.9470,167.6533,194.5735,118.4588,239.8514,46.3251
308.5342,69.8244,277.3745,149.1363,193.0676,116.0142,224.2273,36.7023
304.3499,63.3295,269.0643,135.5241,188.6168,96.2049,223.9023,24.0103
292.0255,40.6528,272.3654,117.3503,186.6324,95.3740,206.2925,18.6765
286.2457,34.3182,269.7306,102.6443,182.4867,81.5566,199.0019,13.2304
277.5496,27.6297,264.9764,96.2471,178.6024,80.4203,191.1756,11.8030
279.4524,51.2878,235.0468,111.3017,167.3829,61.2357,211.7885,1.2218
273.7896,66.2452,213.8238,115.3501,162.5409,52.7245,222.5067,3.6196
254.2385,112.1438,177.0375,113.2080,175.8002,23.4556,253.0012,22.3913
189.0435,16.2844,263.9541,41.3370,235.1220,127.5488,160.2114,102.4962
201.0784,17.5379,267.9926,63.7618,220.1299,133.0484,153.2157,86.8245
248.6461,36.1861,252.7000,115.7176,169.3692,119.9651,165.3153,40.4336
225.4368,27.0900,262.9711,98.3241,189.0176,137.2914,151.4832,66.0573
216.7487,28.4440,262.8098,94.1751,193.6126,142.6651,147.5515,76.9340
254.6118,59.9926,229.1189,136.1212,150.6774,109.8538,176.1703,33.7252
171.3601,39.1036,249.7343,60.1398,227.3662,143.4762,148.9921,122.4401
177.6995,39.0441,250.1871,69.9841,214.0389,154.6738,141.5513,123.7338
167.9548,48.0457,242.0799,66.1035,220.2472,155.7248,146.1221,137.6671
163.5460,54.5731,238.4990,71.7218,218.1844,160.5119,143.2314,143.3632
152.5512,68.5149,228.5199,69.6186,227.2276,158.5600,151.2589,157.4562
229.0521,158.7787,154.1583,166.7156,144.8542,78.9213,219.7480,70.9843
189.8467,63.5793,236.0210,115.8718,176.3069,168.5993,130.1326,116.3068
201.3890,66.0495,234.9971,126.7650,165.0528,165.4816,131.4447,104.7661
177.2368,59.2683,236.7527,99.2510,191.9050,166.0087,132.3891,126.0260
203.8410,49.9150,241.1139,107.4685,173.4026,151.3198,136.1297,93.7663
164.1451,44.4529,234.9472,54.9331,221.9558,142.6998,151.1537,132.2196
167.7882,32.1567,239.9637,44.4288,225.2411,131.0159,153.0657,118.7439
239.3550,122.6715,166.3243,123.3173,165.4815,28.0106,238.5122,27.3648
176.3313,17.4076,246.4444,26.2034,234.2005,123.8019,164.0874,115.0061
249.6734,105.1149,174.4933,110.5300,168.1429,22.3648,243.3231,16.9497
259.3870,93.0424,184.1880,110.8525,164.5232,27.8223,239.7221,10.0122
262.8268,92.5934,190.3634,112.4895,167.1362,27.8941,239.5996,7.9980
267.0773,91.5485,195.1416,113.5386,169.2736,28.9170,241.2093,6.9270
269.1511,88.0096,198.5562,111.1004,171.6411,28.8134,242.2359,5.7226
267.4433,94.0668,194.0976,108.1480,177.8853,23.7024,251.2310,9.6211
267.4993,95.3574,194.8626,106.9069,181.5563,23.2211,254.1930,11.6716
272.3214,88.3280,200.5618,107.7549,179.4893,29.9169,251.2489,10.4899
267.9758,94.8756,196.9135,107.0738,183.2756,27.6244,254.3379,15.4262
265.7600,101.5537,192.0482,106.6874,186.5162,27.2587,260.2281,22.1249
266.1847,104.2679,193.1119,109.6388,187.3987,31.9088,260.4714,26.5379
225.2633,19.5329,279.4842,69.7313,228.3073,125.0092,174.0863,74.8108
239.4670,26.2124,280.4520,89.4353,214.9070,131.9255,173.9221,68.7026
229.8934,31.6887,279.8924,80.1234,222.6573,139.2071,172.6583,90.7725
250.4913,43.7469,274.5275,106.7263,200.7681,134.8767,176.7319,71.8973
248.5452,46.3140,275.0855,107.3952,202.3823,138.9854,175.8420,77.9043
250.3274,49.4530,275.6159,112.8718,201.3560,142.4832,176.0676,79.0644
242.1521,47.4469,275.2523,107.3888,205.1071,146.1234,172.0068,86.1815
231.4503,42.7428,276.2555,96.1750,214.2644,148.1572,169.4592,94.7250
217.0908,37.2865,275.5696,80.9139,226.7574,146.3426,168.2786,102.7152
206.0287,34.3508,273.2439,65.6194,238.4689,140.3720,171.2537,109.1033
189.1971,36.6234,262.6253,41.3694,256.8697,130.4189,183.4414,125.6729
194.3712,26.7923,267.3690,41.0476,250.7097,126.3555,177.7119,112.1001
189.1993,29.3139,263.5079,34.7968,257.2081,120.1758,182.8996,114.6929
189.1916,28.1970,263.6026,35.6304,255.4623,117.1188,181.0512,109.6855
187.8167,27.5825,261.6210,34.9622,253.4795,116.3849,179.6752,109.0052
262.8743,109.6785,188.1337,119.3595,177.4348,36.7601,252.1753,27.0791
265.7876,104.7951,193.9807,122.7865,173.6797,41.7615,245.4865,23.7701
274.0392,103.7626,206.1439,134.5444,168.1806,50.8087,236.0759,20.0269
270.8376,110.3291,202.0292,134.5819,170.3876,44.8105,239.1960,20.5577
273.8402,106.6695,203.3816,137.0672,165.8365,50.0417,236.2951,19.6440
272.9507,103.1013,203.2717,135.5315,164.3444,51.8930,234.0234,19.4628
269.5938,104.2735,197.7724,134.6818,162.9160,52.3542,234.7374,21.9459
263.8876,104.3250,187.8886,128.0602,163.4115,49.6854,239.4105,25.9503
176.7772,34.2930,258.5773,45.0265,247.6670,128.1749,165.8669,117.4414
253.0837,42.5688,257.3856,116.0022,166.6406,121.3183,162.3387,47.8848
247.8840,45.3393,259.3992,117.0610,167.4768,131.8194,155.9616,60.0977
232.5964,45.7692,263.3657,114.5071,178.5400,152.4777,147.7708,83.7398
208.4873,49.6339,257.6072,100.8780,189.1620,166.4859,140.0421,115.2418
180.7680,66.3806,245.7402,97.9674,206.5325,178.6154,141.5602,147.0286
203.8354,67.8037,248.1223,123.3777,179.7421,177.8699,135.4552,122.2958
187.9434,74.9946,241.5117,119.8881,185.2461,187.0259,131.6778,142.1324
192.3461,79.3260,241.1673,132.2326,176.3228,192.0698,127.5017,139.1632
198.5884,87.7834,237.8157,154.8529,165.1951,197.3269,125.9678,130.2574
177.5089,86.3405,232.5271,133.6199,176.1552,199.2189,121.1370,151.9395
