1
369.9040,292.7651,297.2163,297.5175,282.4066,71.0011,355.0943,66.2488
369.3057,289.4977,295.4164,295.6978,276.6024,71.4858,350.4918,65.2856
360.3578,284.9885,285.4138,287.6113,277.7891,69.7447,352.7331,67.1218
357.0063,300.4405,277.2635,302.4955,271.2867,70.5725,351.0296,68.5175
272.7227,68.7208,352.4225,69.2875,350.8014,297.2476,271.1016,296.6808
350.9629,302.5682,268.9498,302.6812,268.6302,70.6814,350.6432,70.5684
357.3459,299.8845,271.7597,304.7813,258.6218,75.1569,344.2080,70.2601
354.7093,300.0558,268.3609,303.2703,259.8047,73.4295,346.1531,70.2150
354.8578,298.2482,267.9036,302.0831,257.8581,74.3045,344.8123,70.4696
351.8587,301.3274,260.6400,304.1888,253.4914,76.3009,344.7101,73.4395
345.3969,303.3993,258.9277,304.5717,255.8229,75.5928,342.2921,74.4203
343.4261,305.0370,254.7899,305.4729,253.6589,75.4757,342.2951,75.0398
341.5000,302.3610,249.6864,303.4248,247.0902,79.3646,338.9039,78.3008
255.1845,77.1955,344.1694,78.8346,340.0072,304.7963,251.0223,303.1572
257.4431,76.1252,345.8705,80.1536,335.5856,305.9195,247.1582,301.8911
253.0572,82.2935,345.8777,88.0684,332.5271,302.6535,239.7066,296.8786
251.1209,83.6723,343.0645,88.6665,331.3492,304.3485,239.4056,299.3544
247.6666,87.2590,336.5907,90.9331,328.0042,298.7558,239.0800,295.0817
248.7323,96.4959,334.8759,104.3841,317.0941,298.5716,230.9505,290.6835
260.6934,110.2888,339.7236,125.2924,306.1509,302.1338,227.1207,287.1302
264.7010,110.6710,342.2691,129.0474,298.0081,315.8761,220.4401,297.4998
256.2961,112.8428,348.3692,131.1939,312.7945,309.6832,220.7215,291.3322
272.8213,118.7101,361.5064,154.5459,288.8246,334.4163,200.1395,298.5805
274.3035,125.1064,361.2988,164.6838,284.7512,332.9435,197.7558,293.3661
276.2938,121.0756,360.2244,160.6568,277.0487,337.0280,193.1181,297.4468
275.2426,124.3877,351.8512,160.3664,271.9330,330.5342,195.3244,294.5555
275.5837,126.3990,351.9818,163.5178,269.8237,332.6156,193.4257,295.4968
277.2037,123.9889,351.8045,160.2828,269.5579,329.3375,194.9571,293.0436
269.0687,101.2244,350.1419,132.7861,280.1257,312.6381,199.0525,281.0764
274.9273,95.9478,352.4381,125.6308,280.1977,314.2715,202.6869,284.5886
289.5963,90.4258,355.7659,112.9143,287.2256,314.5854,221.0560,292.0969
284.6723,116.2537,349.4395,139.9197,282.5141,323.0754,217.7469,299.4094
282.1719,113.7927,348.5732,136.8157,285.8535,317.7069,219.4523,294.6838
279.5686,112.3105,353.9079,139.4160,287.4494,321.6847,213.1100,294.5792
281.3903,116.6483,366.3511,153.0732,290.9433,328.9609,205.9826,292.5360
280.2918,118.8387,361.6479,151.3916,289.1081,332.6825,207.7520,300.1296
276.2223,119.2942,361.7274,151.6606,292.3400,334.9675,206.8349,302.6010
278.8303,122.3318,373.5856,162.3525,296.9372,343.8299,202.1819,303.8092
277.9619,122.0960,375.9582,162.5623,300.7681,344.6487,202.7717,304.1824
301.7900,118.1893,381.8059,172.0062,270.3340,337.7443,190.3182,283.9274
301.1144,130.8132,367.0765,183.3166,246.8986,334.3007,180.9365,281.7973
302.4217,131.7824,372.6183,189.8562,251.2689,336.5372,181.0723,278.4634
280.9602,138.6078,377.7403,202.2693,278.7330,352.7833,181.9528,289.1217
333.1081,115.0870,428.4015,208.6255,301.7618,337.6411,206.4684,244.1027
283.1029,103.8577,389.7588,108.3216,381.6326,302.4821,274.9767,298.0182
293.7153,96.2413,417.1228,142.9402,349.8780,320.6426,226.4704,273.9436
284.2438,75.3918,408.0059,104.7152,358.4374,313.9232,234.6753,284.5997
286.7619,71.2864,407.9643,98.0613,360.9396,310.9290,239.7372,284.1542
295.0108,72.9738,386.4200,82.2869,363.6142,306.1282,272.2050,296.8151
299.3474,68.3063,383.3375,80.1935,351.3868,305.9437,267.3967,294.0565
301.0215,67.0796,383.8979,79.8591,348.8463,307.1725,265.9699,294.3931
294.1269,73.1955,385.2930,91.3498,341.7412,310.0556,250.5751,291.9013
311.9997,55.0556,395.8880,77.2952,333.3613,313.1477,249.4729,290.9081
312.4269,55.7094,397.5527,79.3811,332.4500,313.4978,247.3241,289.8261
314.7115,54.8828,403.8394,81.5785,333.8290,315.3189,244.7012,288.6232
310.5836,66.8231,403.2910,95.7604,334.4407,316.3385,241.7333,287.4012
308.8493,66.9929,397.5845,92.1591,333.2580,318.9727,244.5228,293.8065
306.2257,76.2635,398.2105,102.6954,335.5189,320.8668,243.5342,294.4350
308.5388,85.7131,406.2837,117.0801,339.9774,323.7017,242.2324,292.3347
310.0276,86.1179,409.0464,119.7266,338.9794,326.1597,239.9606,292.5510
311.3696,89.5165,412.6603,129.4289,335.0868,326.2975,233.7960,286.3851
318.8854,115.8315,417.4369,173.8375,319.7520,339.8030,221.2005,281.7971
311.8812,109.5691,416.7458,163.8122,326.2360,338.7892,221.3713,284.5461
298.2043,115.5904,414.0474,175.0547,328.8354,341.0574,212.9922,281.5931
336.7766,76.5063,412.5768,82.0137,398.1409,280.6983,322.3407,275.1909
340.6037,58.5730,424.1039,66.3648,405.1727,269.2396,321.6725,261.4478
327.1275,83.7560,408.3575,86.3592,401.8575,289.1874,320.6275,286.5843
410.2762,284.9401,286.5119,285.0579,286.3321,96.1457,410.0963,96.0279
430.8145,244.7334,331.5684,304.2258,248.7911,166.1355,348.0371,106.6432
409.4561,285.0337,283.3167,288.1736,278.5088,95.0215,404.6482,91.8817
414.7339,280.9540,293.3370,294.3643,271.2780,94.6743,392.6749,81.2641
417.9926,278.8671,293.4436,292.6870,271.5688,95.5446,396.1178,81.7247
419.9816,277.7871,298.5432,294.2771,271.2584,93.3412,392.6968,76.8512
418.8166,285.0585,315.2552,304.9981,275.6926,99.5203,379.2540,79.5806
418.0289,278.3689,313.2666,298.4797,275.1498,99.9198,379.9121,79.8090
418.9668,278.7546,311.1361,298.7263,274.0082,98.2667,381.8390,78.2950
293.0706,84.8749,396.8517,89.3407,388.8019,276.4106,285.0208,271.9449
302.7598,78.5447,414.4425,108.0884,364.5731,296.6077,252.8903,267.0640
303.0505,75.3454,381.2918,81.3345,365.3465,289.6425,287.1052,283.6534
302.3967,80.6837,393.9129,100.5161,350.9190,298.9109,259.4028,279.0786
302.2599,80.1828,394.5984,101.6721,349.2654,296.4666,256.9268,274.9774
300.6407,83.9683,386.8642,96.2953,358.1345,297.2520,271.9110,284.9250
301.4393,84.1999,372.0023,85.8732,367.1265,291.4805,296.5635,289.8071
300.7880,83.0391,375.4445,85.0507,369.8708,291.9073,295.2142,289.8957
374.6127,290.8277,300.8875,291.1389,300.0026,81.4950,373.7278,81.1838
378.5782,279.9521,306.4275,283.3438,297.1632,86.2677,369.3139,82.8760
377.4305,280.6565,308.3567,284.7360,296.8065,89.1700,365.8803,85.0905
382.7926,278.7316,311.4372,284.8401,294.7901,90.3805,366.1455,84.2720
390.7112,272.4041,315.4139,281.3444,293.0903,93.3303,368.3875,84.3900
393.7925,277.3025,316.3151,286.2407,293.8773,91.7473,371.3547,82.8091
396.8618,275.3514,317.0376,284.1398,295.4978,88.4976,375.3221,79.7091
401.9078,274.9417,320.7034,286.3484,292.7221,87.1508,373.9265,75.7440
403.3904,274.6894,321.8932,286.6356,292.8207,88.3022,374.3177,76.3560
404.0407,271.8170,321.2476,283.1053,294.0668,83.7512,376.8599,72.4628
402.5198,274.1734,320.7598,283.5240,297.4266,79.5022,379.1866,70.1516
401.9137,275.1120,321.8230,284.8445,297.1430,81.7485,377.2338,72.0160
400.9545,273.6445,321.4445,283.2900,296.3905,76.7644,375.9005,67.1189
396.8483,272.3750,317.5984,282.0507,290.9127,63.4784,370.1626,53.8027
394.8624,273.6610,319.4902,283.6801,290.5824,66.2115,365.9546,56.1924
396.0737,278.7000,320.2906,289.6168,286.3088,53.7198,362.0919,42.8030
411.6045,286.7013,313.8293,296.9290,287.7162,47.2910,385.4913,37.0634
410.7314,283.9832,312.4120,294.3886,285.6795,41.7993,383.9989,31.3938
403.5959,290.3317,302.7999,295.6765,289.0855,37.0398,389.8814,31.6950
290.6609,39.5801,392.4339,42.5441,385.0980,294.4373,283.3250,291.4734
289.8258,40.4607,390.7752,43.6588,382.8274,294.5330,281.8781,291.3349
289.7139,38.6373,393.4390,46.0430,375.6203,295.6111,271.8952,288.2053
280.7057,52.5322,388.7902,68.0578,356.0879,295.7211,248.0034,280.1955
282.8010,51.9949,386.5529,69.1544,349.0230,296.0718,245.2711,278.9123
284.8305,45.1929,386.0836,62.3275,346.7064,295.0192,245.4533,277.8846
287.6557,48.7600,390.1246,70.5506,342.4915,294.5419,240.0226,272.7512
292.2830,48.9068,410.1950,90.4007,336.8338,298.8693,218.9218,257.3754
280.4625,63.6162,407.3639,112.5247,335.0801,300.0774,208.1787,251.1690
282.4681,72.0458,382.7599,80.6933,365.9713,275.4049,265.6794,266.7574
302.8696,56.0067,417.9049,121.9387,317.4581,297.1941,202.4228,231.2621
288.1543,69.9671,378.8298,76.6049,364.1972,276.4928,273.5218,269.8550
293.3870,68.3058,402.9569,136.6224,302.9604,297.0023,193.3905,228.6857
294.3059,59.0748,406.0935,124.5891,304.4628,298.0025,192.6752,232.4883
289.1719,68.2445,398.5967,132.7054,300.1288,299.8583,190.7040,235.3974
284.5780,63.0650,379.9658,87.5465,327.7015,291.1851,232.3137,266.7037
289.1124,62.1705,384.1648,91.2427,322.0321,294.3873,226.9797,265.3151
289.8979,58.6288,380.1216,78.3725,334.3070,287.7327,244.0834,267.9889
282.4459,51.2814,386.2922,67.4425,352.2458,286.2140,248.3996,270.0529
281.5189,48.6987,384.8822,63.7011,352.8948,284.0875,249.5315,269.0851
280.8935,43.6483,385.0968,55.9912,357.9195,285.4317,253.7162,273.0888
276.5051,41.7031,382.7388,46.5844,371.8021,284.6084,265.5683,279.7271
387.0830,287.8336,278.8594,289.6544,274.8076,48.8339,383.0312,47.0130
279.1210,39.5204,384.2230,40.4901,381.9808,283.4928,276.8788,282.5230
386.1252,280.4497,282.6917,281.7563,279.6600,41.7755,383.0936,40.4688
386.4793,279.4143,282.6572,280.6047,279.9172,41.6204,383.7393,40.4300
393.7042,278.6143,290.8735,285.8342,274.1342,47.4211,376.9648,40.2012
404.3183,275.7380,301.8191,289.5719,271.4571,64.6116,373.9563,50.7777
398.7549,275.8566,299.1068,286.8742,274.1605,61.2491,373.8086,50.2315
405.7776,274.6702,304.1917,290.0333,270.5471,67.5630,372.1329,52.1999
417.5142,274.2871,317.0279,298.6130,264.7946,82.8453,365.2809,58.5195
423.9881,274.9973,323.1597,303.2652,262.4213,86.6184,363.2497,58.3505
427.0427,274.6376,327.5970,306.2581,259.7209,92.7895,359.1666,61.1690
422.0175,270.4575,325.3715,303.2374,256.3130,99.6301,352.9590,66.8502
428.2136,269.8029,330.2325,306.9947,253.5794,105.0533,351.5606,67.8616
407.4427,272.9119,315.1019,297.5915,261.9120,98.5768,354.2529,73.8973
414.9294,272.4097,322.5788,302.3898,258.6632,105.5045,351.0138,75.5244
401.1876,268.3932,308.6531,290.2260,264.1036,101.4103,356.6381,79.5776
416.2913,273.9701,324.9775,304.7099,258.2968,106.6324,349.6106,75.8926
425.3732,275.2050,338.4839,310.2809,258.7507,112.7674,345.6400,77.6915
421.5331,276.1859,335.5207,309.0401,260.2305,111.9300,346.2429,79.0758
428.3430,269.7451,342.1729,307.3622,257.7554,113.9851,343.9255,76.3681
436.6141,267.9743,353.1203,310.0719,256.3247,118.0938,339.8185,75.9961
436.0919,267.1799,351.6884,309.5124,255.2993,117.3298,339.7029,74.9973
443.6598,267.0100,358.0221,313.1258,254.1887,120.3056,339.8264,74.1898
444.7085,260.5509,358.3360,308.3153,252.3540,116.6677,338.7265,68.9033
452.4084,256.8895,366.4582,310.7675,248.9624,123.3296,334.9127,69.4516
441.0969,253.8248,353.5738,302.4331,250.0131,115.9639,337.5362,67.3556
444.1896,251.6975,356.1034,303.8170,243.6850,113.8210,331.7712,61.7014
442.7099,252.9610,353.1530,304.2583,244.2684,114.1630,333.8253,62.8658
436.0949,253.1972,347.2135,300.9553,243.5319,107.9959,332.4132,60.2379
412.0949,261.9567,318.3672,295.2650,245.7928,91.0444,339.5205,57.7362
408.4912,261.5112,316.7813,292.6116,247.6591,88.7821,339.3690,57.6816
402.5247,264.5592,313.3227,293.0465,245.9834,82.1872,335.1855,53.6999
389.0616,264.5898,310.5262,287.2991,248.3037,72.1146,326.8391,49.4054
390.0131,265.3703,312.0230,287.8469,249.7144,71.6464,327.7046,49.1698
384.8275,276.2817,305.5221,296.0880,248.8227,69.0612,328.1280,49.2549
378.2129,281.4451,296.4894,300.1644,242.6804,65.2483,324.4038,46.5290
378.6018,278.5020,295.0674,297.7148,241.4964,64.7961,325.0308,45.5833
376.7711,283.8390,292.0843,302.5276,239.2883,63.2838,323.9750,44.5952
370.6401,284.1626,280.3111,300.1165,238.9164,65.7439,329.2453,49.7901
369.8193,283.6794,279.9359,299.4373,238.6652,64.0276,328.5486,48.2697
368.3707,281.8761,277.1872,296.6636,239.8883,66.6684,331.0718,51.8809
362.7940,281.0947,270.7452,294.1251,238.5079,66.3955,330.5567,53.3651
360.1909,277.9406,269.4673,290.1094,239.5557,67.1065,330.2793,54.9377
357.2930,277.5502,266.4401,287.5451,241.9454,64.8884,332.7982,54.8935
346.5395,278.2339,257.6272,282.6833,246.7817,65.9545,335.6940,61.5051
351.0347,282.4661,263.4565,288.4046,248.2347,63.9201,335.8129,57.9816
348.5219,281.0440,256.2061,284.9330,246.9463,65.1280,339.2621,61.2390
331.1858,278.3658,253.3868,283.4933,239.9048,78.9372,317.7039,73.8096
326.2515,279.9008,258.5025,286.8823,237.1811,79.9780,304.9301,72.9965
248.0872,77.6436,313.4490,80.5608,305.3177,262.7453,239.9559,259.8280
249.7745,78.3897,319.2718,84.2663,303.9489,265.4789,234.4515,259.6024
250.7090,76.8680,316.9449,81.6791,303.6739,264.3815,237.4380,259.5703
251.6851,75.5595,318.4035,81.1257,303.1848,263.5415,236.4664,257.9753
262.0321,71.6993,323.8789,76.9754,307.5149,268.7975,245.6680,263.5215
264.9063,71.6548,322.8824,77.2411,304.3008,270.0867,246.3247,264.5004
264.7168,68.0724,328.5964,75.1348,306.9435,270.9839,243.0639,263.9215
266.3145,62.8542,330.4865,67.7123,315.0874,271.1236,250.9154,266.2655
267.9488,63.4679,332.7937,69.4047,314.0877,273.7208,249.2427,267.7839
265.7504,57.7313,334.6220,62.8551,318.9191,273.9241,250.0475,268.8003
266.3524,58.8676,337.6812,63.6313,323.0802,282.2569,251.7514,277.4932
267.0345,58.9925,337.5710,63.5144,323.5929,281.5560,253.0564,277.0341
265.7426,58.2602,339.9238,62.0783,328.4880,284.2619,254.3068,280.4438
339.0715,275.0951,268.6418,275.8728,266.2899,62.8858,336.7196,62.1080
340.6831,273.0862,270.3179,274.9995,264.5826,64.0775,334.9478,62.1641
345.7589,275.7105,273.9621,278.3546,266.1230,65.4989,337.9199,62.8548
349.9747,260.4828,277.1142,265.5536,263.9231,76.0120,336.7836,70.9413
349.8869,274.6151,281.4920,279.0816,268.1982,75.5153,336.5930,71.0488
351.8687,276.4544,284.6367,281.8291,268.3802,78.4779,335.6122,73.1032
356.5390,282.6568,286.4200,288.0853,270.6736,84.6939,340.7926,79.2654
360.6435,281.1292,287.5519,287.5386,269.9062,86.3108,342.9978,79.9014
368.4876,281.1283,296.5136,290.6519,269.8847,89.4060,341.8587,79.8824
376.4164,288.9468,299.5201,297.5850,276.0770,88.8977,352.9733,80.2594
377.9211,290.1443,309.2759,302.5605,271.7209,94.9295,340.3660,82.5134
377.2066,292.7185,299.5791,299.8468,278.8219,73.7978,356.4493,66.6696
379.4997,294.2881,309.6241,302.9851,282.9458,88.6390,352.8213,79.9420
382.6824,295.0649,308.8927,303.3066,283.2513,73.7341,357.0411,65.4924
382.5558,299.2917,310.4406,307.8148,282.6238,72.4529,354.7390,63.9298
379.0435,293.8176,309.8488,301.0715,285.3474,67.3522,354.5422,60.0984
378.1159,292.8107,299.6500,295.2952,292.1809,59.4135,370.6468,56.9289
378.7036,291.3136,292.2115,291.3542,292.0998,53.3542,378.5919,53.3137
292.6744,46.3102,383.0990,49.8870,373.1904,300.3860,282.7658,296.8092
292.2874,43.1649,382.1292,47.0628,371.0312,302.8579,281.1894,298.9600
372.0324,295.1053,287.4841,297.5339,280.5642,56.6333,365.1126,54.2047
282.2168,55.5618,362.9184,58.6186,354.5371,279.8904,273.8356,276.8336
285.2266,53.6332,373.8845,61.1620,355.1197,282.1348,266.4618,274.6060
279.4004,59.7070,355.8636,64.8481,341.2150,282.7161,264.7518,277.5750
289.6083,54.9454,373.4906,71.2285,331.4839,287.6256,247.6016,271.3425
290.6317,56.2537,377.1677,74.2907,332.8921,286.7118,246.3560,268.6748
292.2702,56.4485,373.2175,75.5212,322.4924,290.8058,241.5452,271.7331
294.8108,56.5973,369.8141,71.1291,329.2962,280.2546,254.2929,265.7228
300.5451,45.0671,374.1236,59.0150,331.9094,281.7049,258.3310,267.7570
289.8489,46.2559,377.5873,54.9102,354.1926,292.0889,266.4542,283.4346
283.2885,43.9699,370.1917,46.1302,363.9539,297.0527,277.0506,294.8923
281.9982,41.0542,370.6969,43.0249,365.0772,295.9625,276.3785,293.9918
285.0620,33.8181,369.0100,36.3255,361.2477,296.2096,277.2996,293.7022
288.0972,30.0838,374.9080,36.6032,356.8921,276.5007,270.0813,269.9814
288.9255,30.4620,374.4428,36.1021,358.7527,274.0020,273.2354,268.3619
290.7314,29.4824,375.6067,37.6945,352.4628,276.8944,267.5875,268.6823
292.1109,33.1351,374.3454,42.3224,348.2229,276.1418,265.9885,266.9545
292.8837,33.2803,374.7364,42.1087,349.2458,278.4469,267.3931,269.6186
293.1069,35.4414,375.9090,43.7633,352.0596,281.0604,269.2576,272.7384
294.9598,45.5097,381.4156,53.5154,360.0242,284.5272,273.5684,276.5215
296.3953,44.3898,382.8561,52.7081,360.5423,284.6372,274.0816,276.3188
295.8645,50.9955,381.6223,57.6935,364.1384,281.5503,278.3805,274.8524
296.3998,57.7202,381.2158,62.6841,368.5050,279.8670,283.6890,274.9031
297.2108,56.8539,380.4173,61.5301,368.1048,280.6145,284.8983,275.9383
295.7110,57.9751,381.4229,62.3304,370.0985,285.1914,284.3866,280.8360
297.1811,65.0796,383.6811,69.2064,373.6736,278.9678,287.1736,274.8410
296.3435,65.0050,383.7269,69.3009,373.5136,277.0500,286.1302,272.7542
297.6689,67.7576,387.9329,72.5800,376.9963,277.2881,286.7323,272.4657
299.0612,75.1391,385.6968,76.9077,381.7168,271.8671,295.0812,270.0985
298.6917,77.8390,387.1831,80.2425,381.9972,271.1721,293.5059,268.7686
300.8001,72.6870,382.3438,73.3232,380.8146,269.3172,299.2711,268.6810
306.5242,57.7990,383.9332,58.2085,382.8276,267.2056,305.4186,266.7961
307.7374,52.3328,387.9094,53.7118,384.2463,266.6803,304.0743,265.3013
385.7763,268.4262,307.5729,269.4718,304.6183,48.4915,382.8218,47.4459
390.9344,268.3202,319.0442,273.9840,301.2939,48.6822,373.1842,43.0183
390.5232,269.3612,319.3231,275.4151,299.5831,43.2528,370.7833,37.1989
388.7027,268.2258,319.3175,273.2755,302.1870,37.8981,371.5722,32.8483
388.0642,262.7842,312.2620,263.6677,309.4999,26.6838,385.3021,25.8003
387.9934,264.1428,310.3367,264.8752,308.1016,27.8857,385.7583,27.1533
396.6003,260.2875,312.7025,262.7920,305.7203,28.8962,389.6181,26.3917
404.9317,253.5840,330.4382,259.9853,311.6027,40.7931,386.0962,34.3918
406.1156,251.4411,331.4309,258.3108,311.4630,41.2272,386.1477,34.3575
406.7042,250.3573,332.7640,256.3024,315.4524,40.9973,389.3926,35.0521
411.1980,239.3734,333.3020,246.2432,316.2042,52.3717,394.1001,45.5019
414.2765,243.3005,332.7049,249.3203,318.3851,55.2788,399.9567,49.2590
418.4661,242.2774,329.9899,249.6544,314.0210,58.1300,402.4971,50.7530
409.0010,245.3489,329.6126,248.8313,320.8478,49.0235,400.2363,45.5410
408.7786,247.9811,330.1429,251.1101,322.1114,49.2698,400.7471,46.1408
408.3441,246.9870,328.3864,248.8444,323.7418,48.8983,403.6995,47.0409
327.5513,48.2101,411.8567,52.0008,402.8118,253.1633,318.5063,249.3726
327.0615,48.0079,412.0519,52.2639,401.9953,253.0932,317.0049,248.8373
328.9146,46.3022,414.7900,52.1960,401.1006,251.6556,315.2252,245.7617
337.4594,44.7769,418.1147,54.8332,393.7419,250.3118,313.0865,240.2555
335.7523,44.3424,414.7759,52.8002,393.6279,250.3902,314.6043,241.9323
335.5726,53.9634,408.8321,60.9975,390.0194,256.9299,316.7599,249.8958
325.8401,60.2255,407.6283,66.1155,394.1198,253.6929,312.3316,247.8029
326.0495,59.1938,406.8315,65.1332,392.9066,254.5270,312.1247,248.5877
323.4307,62.5159,405.3742,65.5591,398.5399,249.5885,316.5963,246.5454
409.3830,236.9391,328.6970,240.4885,320.8492,62.0924,401.5353,58.5430
408.1258,246.1166,332.6224,248.7751,325.9546,59.4077,401.4580,56.7492
411.2634,237.1859,336.4989,242.8231,322.6850,59.6149,397.4495,53.9777
416.2378,238.4648,336.6484,244.5190,322.6478,60.4653,402.2372,54.4111
413.3356,240.7014,333.9467,244.9240,324.1622,60.9666,403.5511,56.7440
412.8416,241.0987,332.8397,244.9790,323.8579,59.7935,403.8599,55.9133
328.8906,54.6371,408.5288,55.3781,406.7445,247.1521,327.1063,246.4111
334.7057,51.6345,413.0513,54.5280,405.6852,253.9787,327.3395,251.0852
333.9565,52.4775,413.8522,55.6840,405.9673,252.1512,326.0716,248.9447
333.6979,52.2072,414.5235,56.0343,405.1741,253.4869,324.3485,249.6598
330.6849,58.7257,412.6127,63.6291,401.3355,252.0517,319.4077,247.1483
332.0900,57.6848,412.5916,62.7430,400.5536,254.3274,320.0521,249.2691
333.8291,67.3232,421.1130,83.7075,388.8415,255.6270,301.5576,239.2427
322.1820,70.6134,415.4479,85.6109,388.7755,251.4801,295.5095,236.4825
343.7151,63.5404,417.4927,88.5423,360.0422,258.0723,286.2646,233.0705
331.4131,66.1995,427.5204,95.7121,377.0298,260.1344,280.9223,230.6218
344.5797,67.6376,416.9181,98.8659,349.5399,254.9434,277.2015,223.7151
342.0607,65.8195,415.1482,95.3021,352.6740,250.1762,279.5864,220.6936
332.0790,76.1043,412.5355,106.7894,358.3704,248.8110,277.9138,218.1259
328.0601,85.2769,384.6956,89.0989,374.6629,237.7677,318.0274,233.9458
328.0133,86.2638,384.1252,90.0999,374.2203,234.9803,318.1084,231.1442
327.3378,84.2498,382.9938,88.1327,372.4417,239.3836,316.7857,235.5008
376.7935,243.3258,315.2138,243.9135,313.6752,82.6926,375.2549,82.1049
315.1287,81.9547,371.7085,82.0456,371.4509,242.3544,314.8712,242.2635
314.6220,76.2724,371.7190,80.1612,360.5856,243.6243,303.4886,239.7354
308.3391,75.9808,383.6738,95.9025,343.0247,249.6187,267.6900,229.6969
314.1276,74.1963,389.0855,97.9817,340.6928,250.4879,265.7349,226.7025
318.5128,69.3880,386.4667,92.5154,332.9828,249.6634,265.0290,226.5359
311.2068,71.4748,370.0739,85.3422,331.5521,248.8661,272.6851,234.9987
312.4445,70.8526,373.6566,88.1346,328.5530,247.8897,267.3409,230.6077
309.4937,68.9815,369.5742,85.9286,323.6941,248.5817,263.6136,231.6346
304.1894,59.2332,351.5468,67.9611,317.6539,251.8640,270.2965,243.1361
304.2988,62.0031,352.8470,71.6616,317.9198,247.2210,269.3716,237.5624
299.1327,58.2820,348.3364,65.6759,320.8683,248.4646,271.6646,241.0707
290.1570,60.8338,339.0892,66.1752,320.8008,233.7146,271.8686,228.3732
290.3534,57.7558,340.2441,63.2754,321.6163,231.6470,271.7256,226.1273
288.4060,57.8226,337.2210,63.1936,318.3651,234.5679,269.5501,229.1969
278.6393,65.6967,330.3471,68.5834,321.1214,233.8424,269.4137,230.9558
279.4145,63.4989,331.8302,66.8787,321.0179,234.5623,268.6022,231.1825
278.2879,65.3440,329.1253,66.7462,324.5332,233.2287,273.6959,231.8265
327.4265,232.3789,275.5432,232.9207,273.8427,70.0916,325.7260,69.5498
327.7216,231.5043,275.6820,232.0333,274.0354,70.0417,326.0750,69.5127
327.9913,230.7288,272.9386,231.0895,271.9088,73.8979,326.9615,73.5372
328.4079,231.5199,273.1906,232.2652,271.0829,76.1143,326.3002,75.3689
329.0746,231.7076,273.6040,232.3307,271.8382,75.1112,327.3088,74.4882
274.2304,73.9255,327.3807,74.0799,326.9186,233.1562,273.7683,233.0019
275.8940,66.4680,325.1362,67.5880,321.3537,233.8864,272.1115,232.7664
276.0071,66.4388,325.0026,67.6189,320.9861,234.3729,271.9906,233.1927
278.8854,62.0021,326.1271,64.2202,318.1789,233.5051,270.9372,231.2870
282.0593,53.3026,324.0806,54.8279,317.7982,227.8991,275.7768,226.3737
281.3591,56.4423,323.0591,57.6506,318.1485,227.1309,276.4485,225.9227
281.6122,51.3896,324.5221,52.7003,319.2218,226.2181,276.3120,224.9073
282.3475,56.7284,330.1033,59.6270,319.4792,234.6610,271.7234,231.7624
282.3027,58.7042,330.6003,61.6355,320.0274,235.8384,271.7297,232.9070
283.6377,61.3249,334.4037,65.2249,321.2663,236.2339,270.5002,232.3339
285.6914,65.9092,339.4116,70.8626,324.1749,236.1047,270.4547,231.1513
285.6025,65.0183,338.2569,69.7033,323.2418,238.4550,270.5875,233.7700
287.6874,64.9775,340.5031,69.7176,325.3291,238.7907,272.5134,234.0506
288.6354,73.1630,342.5359,77.4246,329.4520,242.9082,275.5515,238.6465
289.2400,71.9813,343.0096,76.6428,328.6811,241.9218,274.9114,237.2603
285.7618,75.5073,343.6630,78.7618,334.4032,243.5018,276.5020,240.2472
287.6945,79.7047,346.6404,84.9897,332.2630,245.3465,273.3172,240.0615
287.2943,79.7693,346.4762,84.8677,332.6576,245.2736,273.4756,240.1752
288.7180,80.4207,347.6981,86.5281,331.2181,245.6772,272.2380,239.5697
294.5236,81.9611,350.9386,89.6331,329.9174,244.2103,273.5024,236.5383
295.3635,81.1219,350.7177,88.4825,330.1549,243.1213,274.8007,235.7607
303.0958,78.5076,352.9149,89.1572,319.6407,244.8148,269.8216,234.1652
309.8836,76.5270,356.2209,89.4849,313.9566,240.6212,267.6193,227.6632
308.8387,76.3346,355.8697,89.4778,313.8328,239.9005,266.8018,226.7572
306.4870,79.5575,360.1583,93.5039,320.9371,244.4432,267.2658,230.4969
312.4678,80.1459,366.2846,96.9945,319.6794,245.8578,265.8626,229.0092
305.0917,81.4001,364.6192,94.6400,331.1840,244.9666,271.6565,231.7267
304.4088,80.4613,368.2831,92.8181,338.8434,244.9966,274.9692,232.6399
309.8210,82.1427,373.7193,95.9878,341.3200,245.5180,277.4218,231.6729
309.2229,82.7681,375.8921,97.2703,343.5838,245.7970,276.9147,231.2947
309.1132,82.9324,378.0420,96.3303,349.2310,244.5562,280.3022,231.1584
311.1113,86.1905,380.4968,95.5095,360.1306,247.1480,290.7451,237.8289
310.6627,85.3808,378.7159,94.1294,359.4623,243.8969,291.4091,235.1483
309.3705,87.4929,378.8748,93.1698,366.5010,244.6654,296.9968,238.9884
306.8548,91.2164,377.3972,92.8303,373.9435,243.7908,303.4010,242.1769
307.7213,91.8023,380.5674,94.3023,375.4568,243.2147,302.6107,240.7146
317.3797,87.7658,370.7570,93.0011,356.5057,238.3039,303.1284,233.0686
318.9557,81.7761,374.2200,89.7639,352.7610,238.2310,297.4966,230.2432
317.2721,83.8152,366.1621,89.0635,349.9384,240.1952,301.0485,234.9470
316.4833,80.0583,364.5758,84.7563,349.7488,236.5356,301.6563,231.8375
310.8690,67.3532,357.9016,71.2619,344.2677,235.3165,297.2351,231.4079
309.3026,67.5283,354.9241,70.9799,342.4030,236.4749,296.7815,233.0233
345.2156,237.9477,301.4961,239.9713,294.0058,78.1445,337.7254,76.1210
345.7204,233.3113,294.7045,236.4773,284.6084,73.7903,335.6243,70.6243
346.5393,232.0390,294.3774,235.4291,284.0008,75.7659,336.1627,72.3759
345.9583,231.6059,292.0574,234.4450,283.4836,71.6706,337.3846,68.8316
340.6121,237.5450,292.1453,238.2105,289.9151,75.7996,338.3819,75.1341
340.5832,237.8419,290.6155,238.2234,289.3861,77.1925,339.3538,76.8110
288.5927,80.8127,339.0539,81.1928,337.8694,238.4587,287.4081,238.0786
290.7174,79.1891,343.3659,83.2624,332.0535,229.4785,279.4050,225.4052
289.8231,78.1818,342.4524,82.2763,330.9122,230.6074,278.2830,226.5129
284.6210,77.4384,339.4694,78.6171,336.2202,229.8097,281.3718,228.6310
284.3017,72.9019,339.1836,75.2572,332.6140,228.3388,277.7322,225.9835
282.0891,72.6360,335.3128,73.3904,333.1368,226.9269,279.9130,226.1726
282.4389,74.5498,337.9779,77.7534,329.1373,231.0170,273.5983,227.8134
276.8792,82.8418,340.5810,85.2951,334.8623,233.7819,271.1606,231.3286
276.3280,84.4565,337.5580,85.5686,334.9099,231.3610,273.6798,230.2488
274.0634,83.2587,341.7032,86.9687,333.6665,233.4911,266.0266,229.7811
277.9018,77.0502,342.9006,83.7501,327.3521,234.5931,262.3533,227.8932
276.8914,77.4518,340.8535,83.2370,327.2784,233.3244,263.3163,227.5392
273.0667,79.9732,334.0328,80.0273,333.8991,230.4825,272.9331,230.4284
286.3979,71.4287,346.6046,74.8682,337.5275,233.7601,277.3208,230.3206
286.5249,71.4093,345.0562,74.8661,335.6103,234.8093,277.0790,231.3526
287.4012,72.1583,347.7008,73.9331,342.8445,238.9271,282.5449,237.1523
297.2499,73.6597,352.3594,76.6199,343.4955,241.6342,288.3860,238.6739
297.8216,77.2750,357.1420,81.0679,347.0240,239.3114,287.7037,235.5186
293.0491,76.9777,361.0837,77.0226,360.9805,233.3797,292.9460,233.3348
370.8593,237.8114,303.5457,242.3799,293.1179,88.7333,360.4316,84.1648
361.8305,234.1831,296.1829,234.6481,295.1132,83.6519,360.7608,83.1869
375.1453,244.0163,307.9413,250.7081,291.3942,84.5299,358.5982,77.8381
304.1952,82.7544,379.3690,87.6263,369.1215,245.7445,293.9477,240.8726
305.0913,82.7971,379.6682,87.5688,369.5825,245.1978,295.0056,240.4261
309.1002,80.3315,384.6083,88.7524,366.8586,247.9101,291.3505,239.4893
308.0274,87.9460,379.5014,92.3883,369.5235,252.9301,298.0495,248.4879
308.4798,86.7828,380.1645,91.6258,369.3442,251.7842,297.6595,246.9411
375.8467,253.7500,302.5868,254.4279,301.0831,91.9227,374.3430,91.2448
385.9447,239.7522,319.2307,250.4621,295.6512,103.5806,362.3652,92.8708
386.6878,240.1041,319.4392,250.9970,295.7388,104.6790,362.9874,93.7861
391.9885,238.7305,326.8770,253.4626,292.4602,101.3500,357.5717,86.6179
396.2165,237.2633,331.0697,255.8089,287.4191,102.4745,352.5659,83.9288
398.3061,236.5912,331.4637,256.4498,287.8905,109.7856,354.7328,89.9271
400.4359,232.0590,331.3903,253.9680,286.0226,110.9933,355.0682,89.0843
298.2863,92.8329,378.8652,93.1699,378.2903,230.6213,297.7114,230.2842
369.8600,226.9252,302.8146,230.1109,296.1224,89.2699,363.1677,86.0841
298.3002,85.8686,364.0295,86.1361,363.4282,233.8469,297.6989,233.5794
304.2649,83.8627,374.1852,96.7818,346.6625,245.7383,276.7423,232.8192
303.4111,84.0185,372.7471,96.6651,344.8904,249.3917,275.5544,236.7451
305.7453,82.3621,383.3442,108.2395,335.5753,251.4845,257.9765,225.6072
394.0019,237.6620,295.2853,242.4182,288.4635,100.8293,387.1801,96.0731
291.5504,93.7944,380.8174,100.6357,369.9398,242.5692,280.6729,235.7279
419.3196,244.1499,372.6740,260.5528,324.2405,122.8204,370.8861,106.4175
414.8072,255.8131,372.3820,267.4024,332.3275,120.7749,374.7527,109.1855
413.0474,259.3609,371.3925,269.5690,334.7375,119.9949,376.3924,109.7868
414.2848,257.6000,368.1782,268.9313,331.9776,121.6330,378.0842,110.3016
412.9422,256.0816,358.1901,268.8759,325.6996,129.8354,380.4516,117.0411
413.2968,254.6642,358.8582,267.7888,325.0504,127.5605,379.4891,114.4358
405.6671,252.8004,343.3373,263.6336,319.8357,128.4152,382.1655,117.5820
403.2161,251.6932,331.4826,262.8242,311.4813,133.9262,383.2148,122.7952
401.7113,250.9995,329.2585,260.4033,312.6103,132.1348,385.0630,122.7310
399.1272,253.1468,322.8639,261.5347,308.5414,131.3139,384.8047,122.9260
395.4928,251.7248,312.8829,257.3502,304.1649,129.3252,386.7748,123.6998
392.9751,253.2332,308.2688,256.5004,303.3042,127.7876,388.0105,124.5204
393.8897,250.3757,309.2317,256.3012,300.2662,128.2123,384.9242,122.2868
313.7514,120.4095,397.4547,131.3635,380.4958,260.9515,296.7925,249.9975
308.9492,119.0823,395.2666,127.9898,381.7236,259.2272,295.4062,250.3197
313.5941,114.2855,395.8662,125.5013,377.3204,261.5414,295.0484,250.3256
311.7605,108.2387,391.3769,119.1551,372.5306,256.6065,292.9142,245.6901
312.0128,105.8271,391.4174,117.8653,370.2365,257.5774,290.8318,245.5393
308.5538,102.9000,385.2667,112.1454,368.6363,250.1337,291.9234,240.8883
347.3213,257.8361,285.1360,266.1079,264.3026,109.4874,326.4879,101.2156
264.2902,109.2766,329.5612,115.5228,315.2721,264.8406,250.0011,258.5945
261.5587,107.4033,337.2909,113.1466,325.7212,265.7085,249.9890,259.9653
265.8452,110.9548,342.9817,117.7759,329.6808,268.1890,252.5443,261.3678
266.7834,111.5203,343.8094,119.3562,328.5269,269.5808,251.5009,261.7449
275.6753,109.4746,353.9428,122.9765,327.9330,273.7495,249.6655,260.2476
301.6590,104.4872,379.2469,135.3670,318.6019,287.7422,241.0139,256.8623
302.1975,104.7735,379.5445,134.9916,319.8654,287.7476,242.5184,257.5295
308.5128,101.3547,381.5781,134.3822,311.5550,289.2911,238.4897,256.2636
302.2347,105.1682,375.6501,136.3941,312.2436,285.4699,238.8281,254.2440
304.6936,102.5962,377.0827,132.9213,314.4885,282.3401,242.0994,252.0150
298.6441,103.9990,373.5461,132.7798,317.5922,278.3997,242.6903,249.6190
297.1394,99.5583,367.0224,118.8569,324.6978,272.1202,254.8148,252.8216
297.6367,98.6087,367.1071,117.4990,325.3869,270.9279,255.9165,252.0376
295.6569,96.5016,367.0198,114.8313,326.2205,273.6753,254.8576,255.3456
277.9146,101.8852,343.3253,106.5486,331.9471,266.1436,266.5364,261.4801
278.6649,101.0524,341.1432,105.3997,330.1067,264.0162,267.6283,259.6689
277.1585,97.9480,341.4218,102.5180,329.7886,266.1049,265.5253,261.5349
275.1230,96.0563,338.1805,100.3589,327.0846,262.9807,264.0270,258.6782
274.9995,94.5013,335.6303,97.8168,326.6210,262.5706,265.9901,259.2551
276.2271,88.1450,337.1070,92.3126,325.6330,259.9203,264.7531,255.7527
272.7964,85.4737,328.7009,86.5780,325.3240,257.5446,269.4195,256.4404
273.5002,83.5641,329.0089,84.4715,326.1814,257.4484,270.6726,256.5410
328.5595,256.2327,274.2561,256.8156,272.3778,81.8256,326.6811,81.2427
337.7468,244.9348,280.7760,248.0070,271.9986,85.2436,328.9693,82.1713
342.5507,250.3136,282.0811,254.4061,270.6694,85.7918,331.1390,81.6993
279.6545,76.7221,350.4793,77.2905,349.0919,250.1532,278.2671,249.5848
369.0646,246.2906,292.6518,255.4472,273.0202,91.6192,349.4330,82.4626
369.3414,250.6233,292.9573,258.7914,274.9878,90.7495,351.3719,82.5814
373.1167,248.9716,296.4161,258.0177,276.9728,93.1603,353.6733,84.1142
368.4444,254.8174,298.9432,264.3464,276.6661,101.8665,346.1673,92.3374
368.4106,256.3789,298.4716,265.4423,277.1382,100.8188,347.0772,91.7555
369.3234,258.2251,299.1025,268.5920,275.1681,106.4711,345.3890,96.1042
372.9345,259.8388,297.0789,273.0646,270.8488,122.6239,346.7044,109.3981
372.0011,260.9157,298.1090,273.3954,272.1561,119.7281,346.0482,107.2484
378.0451,253.1140,292.5110,270.4723,263.0729,125.4143,348.6070,108.0560
380.5797,257.7411,285.4439,280.0811,249.8821,128.6398,345.0179,106.2998
380.8645,259.4331,284.9287,281.5170,250.0100,129.8246,345.9457,107.7407
382.9772,262.8463,285.3124,288.5988,243.5831,130.3426,341.2479,104.5901
382.5367,262.8249,284.2984,297.6368,225.4696,131.6236,323.7079,96.8116
391.8795,252.4382,283.1971,293.7419,224.2158,138.5444,332.8983,97.2407
396.3365,243.2329,289.4041,295.9137,215.6079,146.1207,322.5403,93.4400
372.1621,253.0979,250.6846,278.5063,219.4248,129.0528,340.9023,103.6445
372.7700,251.6250,253.4134,278.8770,219.3038,129.4861,338.6605,102.2341
378.7638,242.3941,254.9005,281.6159,209.4556,138.1001,333.3190,98.8783
229.0000,106.0000,373.0000,106.0000,373.0000,267.0000,229.0000,267.0000
233.8991,103.6388,363.1572,121.8114,342.5638,268.2884,213.3057,250.1158
235.1224,101.6396,356.3057,120.2319,333.4083,269.4755,212.2250,250.8831
232.6537,103.2918,331.3681,109.0024,322.1829,267.7772,223.4685,262.0666
237.2896,100.3730,337.5069,110.5090,321.4019,269.7437,221.1846,259.6077
238.9493,98.1772,336.5375,108.8469,319.1497,267.8828,221.5614,257.2132
248.1230,91.0311,335.8563,102.3696,314.3213,269.0000,226.5880,257.6615
245.9242,94.0141,331.7614,102.9875,314.3427,269.6091,228.5054,260.6356
258.2888,89.3129,344.3266,102.9787,316.7343,276.6962,230.6965,263.0304
264.6797,91.4937,351.1567,110.3387,315.8159,272.5118,229.3389,253.6668
265.8666,91.4291,352.6656,110.5956,316.9562,272.3116,230.1572,253.1451
266.4646,97.3996,368.1107,123.9238,328.5009,275.7172,226.8547,249.1930
278.6913,97.9503,371.8965,132.5707,314.7921,286.3077,221.5869,251.6874
277.9201,98.9083,371.3138,132.9933,315.4308,286.1144,222.0371,252.0295
287.1066,104.8108,356.0691,124.8119,312.0089,276.7287,243.0463,256.7276
297.9566,102.4533,377.8622,144.5963,302.7678,286.9797,222.8623,244.8368
299.1502,100.7573,378.8397,142.2897,303.1641,287.4909,223.4746,245.9585
300.6054,102.0547,379.1949,142.8065,304.7321,286.4073,226.1427,245.6555
298.3323,102.0788,375.2162,135.2797,311.2824,283.3320,234.3985,250.1310
297.3456,102.8630,375.1018,135.8045,312.8630,282.7149,235.1068,249.7734
296.2777,104.1230,371.1013,132.6360,313.4048,284.0427,238.5812,255.5297
293.5477,104.2339,358.5508,122.0381,314.6987,282.1412,249.6956,264.3370
294.9182,102.9983,361.0221,121.2614,316.5495,282.2310,250.4456,263.9678
299.2587,94.2661,359.9477,108.9726,318.4981,280.0221,257.8091,265.3156
333.9918,269.2197,268.2554,269.5268,267.3612,78.1008,333.0976,77.7937
293.2854,86.1185,351.5099,93.5429,328.2359,276.0650,270.0113,268.6406
292.5738,94.9040,349.6180,102.7039,326.9188,268.7122,269.8747,260.9123
344.9410,271.0368,284.6216,271.3690,283.6448,94.0008,343.9642,93.6686
346.7085,270.9547,285.1956,271.4163,283.8226,88.4473,345.3356,87.9857
354.0579,268.4846,286.5262,270.8256,280.3262,91.9698,347.8579,89.6289
359.0250,267.2968,290.5521,272.3410,277.3534,93.1724,345.8263,88.1282
360.9497,266.1393,292.3935,272.2141,276.3856,91.5602,344.9418,85.4853
358.4382,266.6628,297.6324,273.3449,276.7230,83.0756,337.5289,76.3934
352.3269,268.8676,306.6290,274.5208,282.9339,82.9809,328.6318,77.3277
353.7668,269.2056,306.4636,275.1507,282.8954,87.6259,330.1987,81.6808
357.3734,267.8750,310.1346,274.6509,282.5893,82.6164,329.8281,75.8405
364.9929,267.8206,316.3009,276.9954,281.6745,93.2292,330.3664,84.0544
367.4879,267.9793,318.0187,277.8059,280.2210,87.5236,329.6902,77.6971
372.7305,266.5383,319.1509,277.8135,281.2600,97.7572,334.8396,86.4820
375.7741,264.9226,321.6804,277.3410,279.3900,93.1268,333.4837,80.7084
376.6703,262.3090,321.2195,275.1749,279.4457,95.1348,334.8965,82.2688
375.0322,267.8959,320.7539,279.3506,280.6751,89.4360,334.9535,77.9813
379.8010,263.0901,318.3989,275.9929,281.4603,100.2103,342.8624,87.3074
383.8528,260.1740,319.6671,275.2110,280.5849,108.3881,344.7706,93.3511
385.4832,258.7621,320.2545,275.1544,279.8050,114.1962,345.0337,97.8039
390.0642,256.5597,323.8376,279.0903,271.9112,126.4576,338.1377,103.9270
386.0105,258.4866,319.7124,277.9073,273.4414,119.9472,339.7394,100.5266
387.4036,257.0956,319.8045,278.8958,270.4571,125.8771,338.0561,104.0769
377.4540,263.6011,315.3183,282.0335,267.2646,120.0443,329.4003,101.6119
375.6602,263.2021,316.3712,281.3885,267.2916,121.3856,326.5806,103.1992
375.6126,265.4504,318.0273,285.2520,264.0480,128.2735,321.6334,108.4720
362.0767,269.2024,308.6889,282.9039,264.1921,109.5227,317.5799,95.8212
362.2874,271.9047,307.4962,284.7700,266.3502,109.5359,321.1414,96.6706
355.3430,281.5147,295.0391,290.7808,267.0513,108.6358,327.3552,99.3697
347.9919,288.5230,275.9991,293.1321,264.2603,109.7762,336.2531,105.1671
261.3907,105.8397,350.6683,112.8861,336.4268,293.3250,247.1492,286.2786
262.6699,104.7939,350.5569,111.9261,335.7547,294.3265,247.8677,287.1943
266.6683,104.0597,356.3945,115.8498,332.5529,297.2901,242.8267,285.4999
260.6667,111.7817,363.0111,135.3083,325.1494,300.0126,222.8049,276.4860
261.5513,115.2414,363.2813,140.7959,323.5697,298.8845,221.8396,273.3300
285.4906,96.7015,366.4137,104.1289,349.7150,286.0656,268.7919,278.6383
285.9480,103.3262,366.1842,117.7334,333.4986,299.7666,253.2623,285.3595
288.4668,102.9079,370.2989,121.7685,329.3090,299.6147,247.4769,280.7541
278.8761,101.9208,382.4091,154.3965,294.7027,327.4387,191.1697,274.9630
280.3110,103.9492,384.0508,163.6133,284.8380,336.1178,181.0981,276.4538
261.7082,124.9305,368.4157,182.7267,286.0227,334.8464,179.3152,277.0502
293.4291,98.1007,393.3518,162.3989,280.8044,337.3033,180.8817,273.0051
289.1722,97.5657,389.7582,155.5270,286.9073,334.0142,186.3214,276.0529
286.0929,97.8656,389.0665,154.7293,290.9347,332.4345,187.9611,275.5708
271.4670,89.2642,384.3920,138.4678,303.3040,324.5692,190.3790,275.3656
259.3597,92.2003,354.6071,106.0758,326.0641,302.0077,230.8167,288.1322
256.3356,99.3787,351.3535,112.6220,325.1253,300.8030,230.1074,287.5596
236.8903,99.4487,351.1880,119.7684,318.6316,302.8970,204.3338,282.5772
222.0220,85.1183,324.1548,86.9349,320.4381,295.9018,218.3054,294.0853
218.9921,75.5680,323.4947,76.4414,321.6560,296.4338,217.1534,295.5603
319.4040,294.9760,220.1302,297.4620,214.5248,73.6111,313.7986,71.1251
236.1069,58.9829,297.1236,61.1943,288.6824,294.1004,227.6657,291.8889
235.1554,55.9764,296.9272,58.1845,288.5037,293.8367,226.7319,291.6287
239.9987,58.3268,305.7444,62.0097,293.0002,289.5099,227.2546,285.8269
240.5049,57.5750,301.8583,58.4513,298.5290,291.5356,237.1755,290.6593
240.6604,53.8254,300.4568,54.1822,299.0320,292.9579,239.2356,292.6011
239.0155,54.9955,305.1166,55.0047,305.0833,294.6272,238.9822,294.6180
333.0498,293.8843,240.4857,296.9890,232.8428,69.1171,325.4068,66.0124
331.0747,293.0085,237.8829,293.9727,235.5447,67.9848,328.7364,67.0206
344.0238,300.6249,236.6933,304.5581,228.2704,74.7124,335.6009,70.7792
240.3278,74.4359,345.2791,77.6361,338.4824,300.5325,233.5312,297.3323
240.6924,74.2699,347.6329,77.8386,340.1286,302.7134,233.1881,299.1447
247.2157,75.8983,355.0697,82.6034,341.3571,303.1775,233.5030,296.4724
260.4108,75.1129,364.6159,89.1007,335.7464,304.1717,231.5412,290.1840
260.9055,74.8736,365.7432,89.4512,335.9948,303.3929,231.1571,288.8153
264.3100,76.5396,368.9801,92.1124,337.1937,305.7607,232.5235,290.1880
265.1552,89.3524,376.0437,104.8494,347.3933,309.8571,236.5048,294.3601
266.8523,89.0719,379.1407,105.3600,349.2817,311.2056,236.9933,294.9176
269.4753,91.5505,384.6956,109.1057,353.3658,314.7327,238.1456,297.1774
276.2167,86.1262,394.9501,104.7814,361.7343,316.1879,243.0010,297.5327
278.3222,86.0860,393.1086,102.3464,363.2338,313.2409,248.4474,296.9805
278.6987,84.7730,396.0257,99.0286,369.9725,313.4517,252.6456,299.1960
279.4143,76.0509,401.9204,91.9058,373.2982,313.0613,250.7921,297.2065
279.6849,73.5795,399.5277,88.2325,372.2206,311.5693,252.3778,296.9163
281.9045,66.9902,400.4214,80.6644,373.9450,310.1420,255.4280,296.4679
295.9286,61.3843,396.0477,81.1980,350.0857,313.4452,249.9666,293.6315
294.0970,63.1955,392.6652,80.4151,351.8646,313.9652,253.2964,296.7456
285.4044,69.9441,382.0507,79.1878,359.9619,310.1339,263.3156,300.8901
271.9144,78.6189,367.9010,79.3936,366.0933,303.3863,270.1067,302.6116
287.8961,65.3663,374.3543,79.5337,339.6321,291.4312,253.1739,277.2639
287.6471,61.4967,356.2238,70.3752,327.3802,293.1609,258.8036,284.2824
279.2272,72.4275,358.6077,80.7527,336.5486,291.0865,257.1681,282.7613
363.5723,298.6430,279.2287,306.1347,259.5159,84.2014,343.8594,76.7097
277.8258,73.5336,357.1134,81.5925,335.8614,290.6822,256.5738,282.6234
356.6385,300.9016,268.6734,304.5924,259.5668,87.5515,347.5319,83.8607
274.6356,79.3772,356.5902,94.1962,318.5771,304.4231,236.6225,289.6041
280.8133,74.7782,361.5930,92.6225,313.7371,309.2624,232.9574,291.4181
273.4001,76.5486,365.5437,97.0687,318.3739,308.8800,226.2303,288.3599
276.2853,76.1619,357.2321,92.7896,313.1660,307.3105,232.2193,290.6827
257.9946,85.9141,359.2454,90.3377,349.9922,302.1356,248.7413,297.7121
270.6965,69.7871,344.4839,72.3746,336.4937,300.2345,262.7062,297.6470
352.6503,296.3012,254.7802,301.9860,241.6400,75.7616,339.5100,70.0768
375.5019,292.9843,271.9396,298.7830,259.4096,74.9998,362.9719,69.2012
409.6348,268.8467,281.0741,303.0387,225.8137,95.2617,354.3744,61.0697
402.4135,273.2758,277.1016,299.3037,232.9716,86.8383,358.2834,60.8104
406.0229,278.6364,278.1644,297.0860,246.7446,79.3412,374.6030,60.8916
396.3248,286.4156,293.0162,296.6614,270.1195,65.7941,373.4280,55.5482
396.8110,289.8257,293.3036,298.3091,273.3721,55.1246,376.8795,46.6411
401.2055,290.1046,293.0508,298.4515,274.1357,53.3614,382.2904,45.0145
406.3244,284.1181,283.5853,291.0522,270.7813,64.4137,393.5204,57.4795
404.6594,285.2983,282.1749,291.9519,269.5365,59.2949,392.0211,52.6413
392.9765,289.3387,276.4711,290.7072,273.7578,59.7231,390.2632,58.3546
280.2178,47.1088,358.3696,51.1621,346.9641,271.0717,268.8123,267.0184
278.7566,44.7211,354.4321,47.4394,346.4511,269.6226,270.7756,266.9043
272.6881,29.4649,351.6909,30.5604,348.2751,276.8802,269.2723,275.7847
265.8718,33.8362,362.6584,38.4435,350.9899,283.5648,254.2032,278.9574
263.5533,34.6588,359.5575,37.4450,352.4902,280.9572,256.4860,278.1709
2
0
0
0
0
1
476.1786,269.5910,387.4463,277.0007,368.9722,55.7707,457.7045,48.3610
479.6801,275.2512,377.1875,280.2271,366.6289,62.7434,469.1215,57.7675
485.7075,280.0111,379.6690,285.5946,367.9360,62.7706,473.9745,57.1871
501.0359,265.0192,394.3801,275.2458,375.2488,75.7225,481.9046,65.4958
493.8945,272.3100,419.9594,279.4400,399.3213,65.4328,473.2564,58.3028
498.6590,270.2086,412.4473,278.4244,392.5250,69.3715,478.7367,61.1557
517.3655,267.9002,435.7188,289.9220,381.9365,90.5215,463.5832,68.4998
517.2034,267.5341,437.1794,289.3386,383.0014,90.5017,463.0254,68.6972
516.7012,265.2821,431.6972,286.5347,384.1625,96.4108,469.1665,75.1582
519.1689,273.0573,421.9414,293.1827,382.7227,103.7145,479.9501,83.5890
530.1367,288.7981,432.8781,314.6144,378.0609,108.0993,475.3195,82.2830
529.1483,266.6978,424.0855,303.3568,359.3948,117.9564,464.4576,81.2974
503.2356,274.6139,409.6493,290.9421,377.3755,105.9620,470.9617,89.6338
501.2549,279.0985,407.1895,292.3914,380.4855,103.4245,474.5509,90.1316
493.6893,275.8763,409.5454,287.9100,382.9550,101.9807,467.0989,89.9470
490.5082,278.6128,415.9353,295.2728,373.5282,105.4511,448.1011,88.7911
473.9831,274.8721,409.7030,284.5190,381.4286,96.1198,445.7087,86.4728
475.4330,283.8027,414.5759,294.7314,378.7687,95.3382,439.6257,84.4095
478.5871,281.4644,415.7105,292.8513,378.8840,89.5000,441.7606,78.1132
485.1453,279.3131,416.5876,293.4497,375.8919,96.0890,444.4496,81.9524
479.7909,281.0631,414.7033,292.1958,379.3027,85.2250,444.3902,74.0923
469.0404,279.7804,402.3535,285.4187,383.7347,65.2044,450.4216,59.5661
469.7166,276.1279,406.9099,283.5979,381.3892,69.0231,444.1958,61.5531
463.0686,277.2552,400.9761,282.2398,383.6118,65.9356,445.7043,60.9510
454.6512,270.5202,396.7870,272.2084,390.7502,65.2965,448.6145,63.6083
454.3513,269.1806,396.6708,270.8813,390.6292,65.9703,448.3097,64.2696
454.4615,273.5442,395.4325,274.5776,391.8440,69.6090,450.8730,68.5756
399.0416,74.8412,460.2564,77.3473,451.9121,281.1674,390.6973,278.6613
396.5946,73.9502,459.1404,76.1872,451.7918,281.6516,389.2460,279.4146
398.6593,76.4215,462.3515,79.9379,450.9950,285.6342,387.3028,282.1177
396.9044,82.5892,465.5898,88.0274,449.9852,285.1175,381.2997,279.6794
398.7764,82.3724,467.7761,88.4268,450.4121,286.3188,381.4124,280.2645
395.8578,83.6017,464.4355,89.0419,448.8958,284.9322,380.3182,279.4921
391.6553,82.5855,458.6695,85.6478,449.4207,288.0469,382.4065,284.9847
393.1123,83.4761,458.8431,86.8110,448.6625,287.4675,382.9318,284.1325
392.0602,77.8889,452.8744,80.2925,444.7790,285.1182,383.9648,282.7146
393.3937,69.7306,445.0376,72.5637,433.4877,283.1016,381.8438,280.2685
393.5200,70.6941,444.7640,73.6426,432.8610,280.5103,381.6169,277.5617
392.2937,68.6965,446.2827,71.6216,435.1197,277.6645,381.1307,274.7395
385.6988,74.3520,450.0266,78.0076,438.6546,278.1227,374.3268,274.4671
386.4136,74.1527,450.9565,78.2506,438.1335,280.2112,373.5906,276.1133
384.1542,75.1195,452.8343,79.2726,440.6026,281.5459,371.9225,277.3928
381.6106,85.1187,450.4928,86.9745,445.2778,280.5404,376.3956,278.6846
381.5235,84.8183,451.1265,87.3083,444.0935,283.9028,374.4905,281.4128
378.9565,87.9731,450.0485,90.1170,444.1581,285.4457,373.0660,283.3018
446.1279,280.3989,375.8700,280.9688,374.3331,91.4990,444.5910,90.9291
378.1126,91.6107,447.6857,92.4123,445.4638,285.2420,375.8907,284.4403
448.3906,280.0263,376.5323,281.9078,371.7123,97.8229,443.5706,95.9414
445.1049,286.4366,373.2965,288.4628,367.9215,97.9653,439.7299,95.9392
445.7336,284.7453,374.6892,287.4643,367.3996,96.9975,438.4440,94.2785
442.2797,288.8765,369.2805,289.2106,368.4011,97.1040,441.4004,96.7698
374.6049,92.6458,440.7514,95.7261,431.7271,289.5161,365.5806,286.4359
374.7385,92.6297,440.0260,95.7346,430.8103,289.5156,365.5227,286.4107
374.6327,97.3155,444.2114,103.6556,427.2420,289.8841,357.6632,283.5440
372.7547,90.3191,441.3924,96.6256,423.1848,294.7909,354.5471,288.4844
373.5703,89.1790,441.3024,95.8555,421.7814,293.8957,354.0492,287.2192
369.3598,89.0521,437.3890,93.4169,424.6475,292.0085,356.6182,287.6438
361.3835,91.8897,430.9023,92.1134,430.2714,288.1124,360.7526,287.8886
362.8132,83.7864,430.4144,84.2244,429.0992,287.2201,361.4979,286.7821
432.8003,287.5186,360.5458,289.0053,356.4123,88.1262,428.6668,86.6394
438.8303,283.8084,358.9376,288.6252,347.8574,104.8448,427.7502,100.0281
443.2923,283.2965,360.1945,290.0857,345.1278,105.6708,428.2255,98.8817
435.0247,282.8990,360.8329,289.6712,344.2628,108.1375,418.4545,101.3653
432.4637,281.8914,360.7985,289.6143,341.8971,114.2163,413.5623,106.4935
431.3390,279.9738,359.9881,287.3265,342.1199,113.9333,413.4708,106.5806
430.4665,285.3848,361.0669,292.8943,342.0969,117.5810,411.4964,110.0715
413.0577,284.7794,346.0070,285.5167,344.1796,119.3339,411.2303,118.5966
414.1685,285.6123,346.6927,287.5476,341.8779,119.6760,409.3537,117.7407
408.8772,286.9592,340.8726,287.5629,339.3760,118.9749,407.3806,118.3712
350.3594,119.9683,412.6167,130.1831,386.6703,288.3219,324.4131,278.1071
349.2513,119.9132,412.6446,130.2187,386.8713,288.7603,323.4781,278.4548
340.4740,118.3475,408.3824,127.1714,387.2502,289.8042,319.3417,280.9803
337.9768,118.1645,406.0938,130.4341,377.2296,290.6778,309.1126,278.4081
339.2733,117.1323,406.4986,130.2171,374.7833,293.1592,307.5580,280.0744
339.0938,117.3675,407.5963,132.8552,371.0166,294.6473,302.5141,279.1595
339.1113,116.0365,404.6361,134.1101,360.7399,293.2527,295.2151,275.1791
337.9753,116.7465,404.3024,135.8031,358.9128,293.7836,292.5856,274.7271
336.9545,115.2389,405.9948,135.8361,358.7863,294.0760,289.7460,273.4789
336.2166,111.6641,403.8491,130.9960,358.0520,291.2167,290.4196,271.8849
330.5214,112.7686,404.9342,133.0122,362.4230,289.2775,288.0102,269.0339
327.1412,106.4022,382.9040,116.3875,351.4782,291.8843,295.7153,281.8990
329.1330,105.7318,379.8844,115.1684,348.4560,284.1945,297.7046,274.7580
329.6264,106.7286,379.4156,116.7167,345.0824,287.8641,295.2932,277.8760
327.4387,103.0468,377.7818,111.8976,345.5648,295.1472,295.2216,286.2964
324.3052,97.0029,378.9228,105.1125,350.7979,294.5314,296.1802,286.4218
322.1891,97.4377,375.5891,103.9985,352.6848,290.4232,299.2849,283.8625
326.2559,95.9824,384.2161,103.6450,360.1180,285.9234,302.1579,278.2608
327.3950,84.6837,376.7668,90.9895,351.9191,285.5361,302.5473,279.2303
322.5324,87.9581,372.8694,92.9372,354.1313,282.3715,303.7942,277.3923
319.8492,84.8761,373.7563,89.9932,354.7911,289.7856,300.8839,284.6685
314.8304,84.4146,377.8244,90.4665,359.1090,285.2760,296.1151,279.2242
314.6767,81.0061,379.0869,88.2533,356.8208,286.1473,292.4106,278.9002
318.1091,83.4826,381.2940,89.4220,362.4517,289.8725,299.2668,283.9332
320.8350,89.3412,382.9992,93.0179,371.0156,295.6318,308.8513,291.9551
323.1808,84.3741,383.4574,88.0247,370.9486,294.5626,310.6720,290.9120
322.6066,90.1978,385.9871,94.2773,372.7350,300.1694,309.3546,296.0900
326.6031,98.3605,390.2510,104.6131,371.3125,297.3963,307.6646,291.1436
327.4651,98.4356,390.5584,104.5614,371.8622,297.1249,308.7689,290.9991
326.6001,103.2784,391.4614,109.7327,372.4846,300.4366,307.6234,293.9823
329.5750,106.2527,394.9270,112.6935,376.0882,303.8414,310.7362,297.4005
330.7421,107.1982,396.2431,113.8432,377.0166,303.3622,311.5155,296.7171
334.3845,104.2533,397.8456,110.9825,377.4187,303.6197,313.9577,296.8904
341.3490,96.4338,401.1940,102.8611,378.7419,311.9111,318.8969,305.4837
341.6805,97.4123,401.2668,104.0148,378.1806,312.3647,318.5942,305.7622
