1
49.4841,574.7612,50.5170,43.2580
71.3946,591.0873,57.0766,38.1247
92.5062,596.8298,56.8442,39.3281
117.7101,604.9795,57.1403,40.5471
145.4336,620.8358,62.9224,36.9617
167.4983,629.4287,66.1757,34.9340
191.3400,636.3690,66.0210,34.1838
220.0782,643.2874,65.6349,34.1109
245.5584,650.0154,64.1668,34.0639
277.9178,656.9642,62.0050,34.2805
316.3941,662.9584,60.3627,34.5819
350.1706,660.7694,54.2593,40.9994
382.9430,663.5353,50.5495,45.1970
415.7452,662.2766,47.3053,49.4602
451.7773,661.8308,45.8294,52.7241
483.3591,660.1905,44.9315,54.8253
514.0061,656.8417,44.7870,56.4510
548.6460,653.5309,45.6031,57.7286
578.7504,647.6427,46.1201,58.8027
609.4136,641.0938,47.9769,59.4247
636.0656,634.7446,47.7105,60.8031
661.1938,627.7798,49.0449,61.1148
687.2421,620.8705,50.2458,61.9587
706.1651,614.8682,51.5791,62.1777
726.0586,609.4752,51.9415,62.3279
745.2062,605.0848,52.5477,62.3442
765.8090,600.7252,53.0853,62.3732
785.5249,596.8790,54.7288,61.9435
802.9111,592.6443,54.6250,61.7929
819.8505,589.8013,54.6831,60.2471
828.5542,587.5939,58.7820,57.7409
852.8091,585.3912,56.8109,57.2260
868.7551,582.8134,55.4574,57.0284
889.0305,578.4412,54.2680,56.1210
902.2868,575.2050,53.8367,54.5437
916.6800,575.9166,52.8770,54.6072
929.1177,571.5020,52.2485,53.2476
941.7648,570.9029,51.1845,52.4843
959.0868,569.1679,50.4551,52.1326
969.4346,568.5452,48.9734,52.6050
980.2726,566.9269,48.6833,51.1461
988.6331,563.1367,47.4017,49.9684
996.3193,559.7094,46.6951,48.4069
1002.9490,555.2276,48.0905,45.8424
1014.8104,550.6325,47.8454,43.8672
1020.9575,545.0833,47.1197,41.5736
1027.5973,539.6013,46.3276,39.6951
1032.9637,532.1876,48.8005,35.2142
1043.7374,523.7353,49.1595,31.7945
1052.6058,515.0894,49.7970,29.0039
1058.6356,506.0312,51.7049,27.0234
1061.1456,498.6173,48.9431,28.5667
1061.8588,490.3604,46.0944,29.7542
1065.8634,479.1416,42.5757,31.4954
1066.8025,471.3315,39.6006,33.4720
1065.4187,465.1184,38.6442,34.5934
1069.6425,455.2941,37.8120,35.5096
1071.8295,449.6859,36.3397,38.0478
1064.8884,438.6250,36.5737,37.5753
1059.2632,427.6188,41.4262,31.8099
1058.7573,424.4474,44.0170,27.7981
1065.0139,419.4034,41.4679,27.9786
1060.9573,412.4376,43.0425,24.4976
1062.8961,405.5840,43.3357,22.1101
1062.4865,401.8445,42.5942,20.5094
1064.0366,394.0905,41.1358,19.6977
1063.2230,389.8081,40.1629,18.8341
1064.8571,382.7650,38.9163,18.1777
1063.9086,375.4408,37.6634,17.6113
1064.5065,368.5456,36.4883,17.1518
1064.4824,361.6390,35.5735,16.7476
1063.5514,355.3716,34.6611,16.4124
1061.2552,351.7237,33.9871,15.9803
1060.6648,348.2651,33.1852,15.7228
1059.1001,345.5792,32.4558,15.5175
1058.3142,342.8282,31.5623,15.4826
1057.6011,339.5054,31.1756,15.2623
1057.0627,336.3557,30.8395,14.9705
1057.8199,333.7228,30.4612,14.7140
1058.0090,333.1956,29.9637,14.6159
1058.9573,332.5535,29.5872,14.5720
1060.1334,332.5435,29.0074,14.5955
1062.3186,332.9392,28.3417,14.8265
1064.4846,333.6220,27.6637,14.9612
1067.0767,336.3229,27.5519,15.0857
1069.6804,337.4019,27.0636,15.4658
1074.8446,339.1989,25.6361,16.7703
1079.5938,340.0317,24.6341,17.2815
1085.0161,339.7101,24.2800,17.4436
1089.9749,340.0561,23.9197,17.5538
1094.4799,340.5794,23.4665,17.7163
1098.5718,340.7664,23.3359,17.5437
1103.2246,338.0972,23.2005,17.5176
1108.2233,335.0520,23.1977,17.3603
1112.1610,331.6565,23.3086,17.1616
1116.0496,329.1508,24.2232,15.8188
1118.7815,324.1813,24.5361,14.9266
1121.2717,321.8934,24.7683,14.1952
1122.6036,321.5529,25.1386,13.6558
1123.2327,319.1486,25.3491,13.0138
1123.0903,316.5635,25.3616,12.7595
1120.9703,314.2350,25.4286,12.4187
1119.2340,314.7017,25.7191,11.9847
1116.7493,315.2351,25.8287,11.6607
1114.8208,315.7066,25.8869,11.2923
1111.5006,316.6342,26.0104,10.7786
1109.3726,316.5800,25.7781,10.5492
1107.2269,316.5860,25.5242,10.3180
1105.2461,316.5001,25.4572,10.0000
1103.2081,314.4826,25.3203,10.0000
1101.6868,314.9003,25.4747,10.0000
1100.8687,313.0310,25.4089,10.0000
1100.0225,313.1420,25.2298,10.0000
1100.1450,313.4151,25.1563,10.0000
1100.0028,313.9099,25.2255,10.0000
1100.1007,314.4464,25.1074,10.0000
1101.4718,315.0834,25.1074,10.0000
1103.8020,315.3945,24.9552,10.0000
1105.9351,317.5900,24.6484,10.0000
1107.8280,320.4900,24.5221,10.0000
1110.2703,323.2524,24.2312,10.0129
1112.8461,323.3363,23.9389,10.0343
1115.9059,321.5442,23.2731,10.1583
1119.4886,319.3731,23.0167,10.3148
1121.7233,317.2101,22.9583,10.4072
1123.0333,314.8323,23.1644,10.5754
1125.1268,312.6059,23.2702,10.7075
1125.7367,309.9994,23.2877,10.9391
1126.5150,307.6360,23.2927,11.2772
1127.0127,305.0727,23.2328,11.6401
1126.2472,302.7485,23.5670,11.9500
1125.2097,302.7550,23.9424,12.3908
1123.8937,302.7299,24.2096,12.5600
1122.0841,303.3297,24.5468,12.5472
1120.0876,302.1454,24.7014,12.4441
1116.8754,303.5522,24.8027,12.1839
1115.3584,303.7311,24.8044,12.3524
1112.2482,302.3057,24.8254,12.3905
1110.3021,300.9641,25.2253,12.1127
1107.1915,301.6811,25.4258,12.0413
1104.6079,302.8454,25.3337,12.0308
1101.3707,303.1347,25.1048,12.0764
1099.7789,299.1347,25.2514,11.8352
1096.6510,297.0919,25.0651,11.8299
1094.1683,295.4205,24.9084,11.6449
1090.8762,294.0057,24.9430,11.4657
