1
642.2323,214.2025,634.4371,239.7254,580.8875,223.3702,588.6827,197.8473
642.1494,213.9081,631.6943,242.7461,578.8959,223.6042,589.3510,194.7663
639.1796,211.5662,629.5184,239.8353,576.8264,221.8273,586.4876,193.5583
639.5373,212.6925,628.9436,239.2511,575.1219,217.7825,585.7156,191.2240
634.4603,210.6918,624.3456,236.2223,573.4538,216.0599,583.5685,190.5294
634.4021,212.7593,622.1586,238.5988,571.8059,214.7403,584.0494,188.9008
633.9661,215.7040,619.6694,240.2662,572.1359,212.5988,586.4326,188.0366
629.5233,227.2729,609.8427,243.6095,577.9200,205.1525,597.6006,188.8158
615.7481,244.7512,598.7535,248.5323,586.8347,194.9622,603.8293,191.1811
607.7545,256.1849,590.6780,256.8304,588.2721,193.1758,605.3485,192.5304
588.6370,191.9015,609.0073,193.1271,605.4459,252.3221,585.0756,251.0965
587.0035,189.0971,609.5168,191.5695,603.2634,248.5126,580.7502,246.0403
587.1342,187.6273,609.6503,191.3031,601.2601,242.6964,578.7440,239.0206
585.6348,184.8941,608.5483,190.7492,595.5607,241.5758,572.6471,235.7207
584.6145,184.0733,607.8679,189.2607,596.7747,238.9879,573.5212,233.8005
584.5184,182.9801,606.6164,188.7853,593.8594,237.3459,571.7614,231.5407
581.8591,182.9968,605.3130,188.5197,593.6185,238.1836,570.1645,232.6608
582.1935,182.1040,604.1293,187.5563,591.8834,236.8236,569.9477,231.3712
582.1535,181.8279,603.7888,188.2491,589.8233,235.3035,568.1880,228.8823
580.8559,182.4630,603.1653,189.2846,589.5266,233.8888,567.2172,227.0672
580.6536,181.6573,602.5743,188.1302,589.2220,233.3475,567.3013,226.8745
580.0448,180.6452,601.4819,187.2949,587.5869,232.0894,566.1498,225.4397
579.9646,180.2805,601.6469,187.4330,588.2759,227.9665,566.5936,220.8141
577.7830,180.1305,599.7606,185.2887,588.2369,234.3881,566.2594,229.2299
579.1923,180.3088,600.7077,187.6063,586.8804,228.3738,565.3650,221.0763
576.9371,181.8810,598.7875,187.5561,586.7429,233.9312,564.8924,228.2562
578.2526,180.6339,599.2910,187.5763,585.0563,230.7130,564.0179,223.7706
575.6440,181.9416,597.6228,187.3675,586.1723,233.7505,564.1936,228.3247
577.2962,180.5691,597.8063,187.2934,583.5781,230.6914,563.0681,223.9671
575.4749,181.3179,596.0089,186.0123,584.9923,234.2001,564.4584,229.5057
574.4419,181.0978,595.0643,186.0471,584.1512,231.5190,563.5289,226.5697
574.7850,180.0746,594.9542,185.1972,583.4849,230.3548,563.3157,225.2322
574.7629,180.6047,593.0032,184.4050,583.6135,229.4715,565.3733,225.6711
571.3938,180.6900,588.2974,181.5949,585.5782,232.3925,568.6746,231.4876
589.7048,225.2820,572.2474,227.8140,565.4948,181.2560,582.9521,178.7241
597.1968,206.7094,580.5740,222.1966,553.4005,193.0307,570.0232,177.5435
602.4558,204.7374,587.9132,226.0280,545.8814,197.3180,560.4240,176.0274
601.3514,216.9558,581.9684,230.8826,554.9234,193.2420,574.3063,179.3152
601.9717,214.0269,581.9059,230.4517,552.8661,194.9743,572.9318,178.5496
600.0801,201.4545,588.3117,225.4412,541.6412,202.5437,553.4096,178.5569
600.6317,204.1571,586.1202,229.1791,542.4685,203.8634,556.9800,178.8414
597.6368,201.5937,586.9827,225.2346,538.8252,203.5318,549.4793,179.8908
597.1457,202.1854,585.7292,225.5263,539.2281,202.7818,550.6445,179.4409
595.9573,201.7552,586.0845,224.2346,538.6886,203.4186,548.5615,180.9392
597.0347,202.6385,586.5758,225.9643,538.2878,204.3127,548.7467,180.9869
595.5162,202.9373,584.7219,226.1345,537.7017,204.2547,548.4959,181.0575
595.5576,203.6913,583.6028,226.6431,537.6918,202.7297,549.6466,179.7779
596.1087,205.0903,585.2854,227.3831,537.6796,204.2701,548.5029,181.9773
595.6123,205.8851,584.3174,228.0351,537.2603,204.0394,548.5552,181.8893
595.4016,204.5948,584.1894,227.7148,537.5255,205.0849,548.7377,181.9650
597.4646,206.3159,585.7261,228.9476,538.8361,204.6271,550.5745,181.9954
597.7990,207.5079,585.1877,230.0061,540.0325,204.6945,552.6437,182.1963
597.3602,206.8916,586.0296,228.9209,540.8332,205.6745,552.1638,183.6452
599.5612,209.2696,587.8099,231.0391,542.1729,206.4040,553.9243,184.6345
600.2929,210.9163,587.1601,231.9979,544.7714,205.5918,557.9042,184.5103
599.9736,218.5652,582.1478,233.9230,551.4441,198.2854,569.2698,182.9276
589.1044,245.7287,571.4019,247.3039,566.2612,189.5321,583.9639,187.9569
578.0264,185.5799,600.2017,197.0092,581.0415,234.1841,558.8663,222.7549
597.3731,185.7929,608.7675,209.1119,568.1768,228.9456,556.7825,205.6266
610.2369,188.6273,616.0349,212.6029,566.6761,224.5394,560.8781,200.5638
614.7101,188.5975,620.1316,212.5930,565.7979,224.8690,560.3765,200.8735
617.5507,189.9110,622.3834,212.2790,569.2117,223.7670,564.3790,201.3990
618.5228,189.6824,624.4611,213.6998,572.2385,226.6116,566.3003,202.5942
620.7450,191.6903,625.6856,213.1133,574.0484,225.0218,569.1078,203.5988
621.6351,191.5157,626.7108,213.6766,576.3981,225.2000,571.3225,203.0390
624.7990,192.5302,629.5771,214.7806,578.6746,225.7116,573.8964,203.4612
626.1094,193.4169,630.7811,215.8513,580.7607,226.2675,576.0889,203.8331
627.5214,193.1354,632.6832,215.1704,582.6696,226.8863,577.5078,204.8513
630.3287,193.8468,635.0150,215.0946,584.7593,226.1786,580.0731,204.9308
632.5331,194.9651,636.4720,215.4247,586.5354,225.0386,582.5964,204.5790
633.1852,194.8024,638.0439,216.9780,588.5339,227.8257,583.6752,205.6500
636.9017,195.8178,641.3304,218.3307,589.2678,228.5724,584.8391,206.0595
638.0542,195.8504,642.8823,218.1996,592.4711,229.0900,587.6429,206.7409
640.5417,196.9990,643.8629,218.6142,592.8073,226.4586,589.4862,204.8435
642.0052,197.3491,646.0392,219.7904,594.0360,229.1383,590.0020,206.6970
644.6032,197.4502,649.1658,219.5873,596.9230,230.3550,592.3603,208.2179
645.1129,196.2300,650.6340,219.3728,597.5690,232.0325,592.0479,208.8896
648.4709,197.3635,652.5672,219.8851,599.7540,229.4909,595.6577,206.9693
649.8958,197.7059,654.4560,220.9884,601.6820,231.3248,597.1218,208.0424
651.5050,198.9839,655.9394,222.2457,603.2300,232.2936,598.7957,209.0318
653.1682,198.2477,658.0270,220.3869,604.5569,232.1221,599.6979,209.9828
654.7933,200.1540,658.7051,222.6441,606.2244,231.7723,602.3126,209.2822
656.3556,200.6021,660.4177,223.0100,607.3628,232.6280,603.3006,210.2200
656.4818,199.3006,662.2050,223.5580,609.0746,236.0933,603.3514,211.8360
658.7881,198.9718,664.8301,222.9570,610.8144,236.5639,604.7724,212.5786
660.9078,201.3737,665.5292,224.4551,611.5833,235.2561,606.9619,212.1747
662.5614,202.0055,667.2175,225.4157,612.1238,236.3734,607.4677,212.9631
663.6382,201.4855,669.0292,224.8204,613.9933,237.5354,608.6022,214.2006
665.5735,202.6136,670.5966,225.5987,615.2394,237.6962,610.2164,214.7111
668.0497,203.5545,672.4955,227.1210,615.8704,237.8034,611.4245,214.2370
671.7332,204.5297,675.6147,227.7898,615.2716,237.8594,611.3901,214.5993
677.2109,207.1299,678.4598,231.6269,618.3453,234.6918,617.0963,210.1948
678.7313,206.5275,681.5222,231.1729,616.2792,238.5612,613.4883,213.9158
678.2122,206.6449,681.3810,230.1213,615.7090,238.9857,612.5402,215.5093
680.2849,207.1628,683.4684,231.6145,615.4426,240.4712,612.2590,216.0195
678.3320,206.9309,682.1616,231.1886,615.7560,241.6721,611.9264,217.4144
678.3132,206.5890,682.4699,230.9833,614.8447,242.5066,610.6879,218.1123
678.2178,207.1536,682.9861,232.1693,617.5247,244.6471,612.7564,219.6314
677.5030,206.2367,683.1663,232.3203,618.0437,246.4600,612.3803,220.3764
677.6911,206.4385,683.8190,233.5237,618.8218,248.2291,612.6938,221.1440
675.1320,204.9160,682.4724,231.3436,619.2075,248.9160,611.8671,222.4884
665.1339,202.2744,677.1853,229.2646,622.5996,253.6378,610.5482,226.6476
642.3076,202.5496,664.4254,217.1781,635.8331,260.4087,613.7153,245.7802
632.2714,207.8621,649.8849,209.1228,645.0653,276.4595,627.4518,275.1988
655.5668,263.8637,631.7537,267.8498,622.2080,210.8232,646.0211,206.8371
661.6140,249.5391,638.8481,261.2015,615.2026,215.0440,637.9685,203.3815
661.9137,244.0449,640.3800,259.4740,611.2700,218.8464,632.8036,203.4173
661.0797,243.0083,640.9294,258.9891,609.2636,219.0617,629.4139,203.0808
659.3331,242.7734,638.9850,258.8903,607.9529,219.7112,628.3009,203.5943
657.8016,244.6570,636.3977,259.4110,608.0320,218.2602,629.4359,203.5063
655.0416,244.9309,633.1214,258.4823,606.8397,215.9702,628.7599,202.4188
651.6479,244.7817,630.0622,256.7814,606.2636,213.9713,627.8493,201.9715
650.6967,241.6434,630.2587,255.2017,603.1712,214.3695,623.6093,200.8112
649.8872,240.5083,629.3972,254.2199,602.6910,214.3112,623.1811,200.5997
644.7249,233.7001,625.0293,248.6195,599.8895,215.4317,619.5851,200.5123
644.8987,236.4991,626.4022,251.0766,597.8916,214.9010,616.3882,200.3235
640.5529,233.0455,622.9948,247.3440,596.2502,214.5026,613.8083,200.2041
640.0001,235.5613,621.8387,249.6224,594.2411,213.9773,612.4025,199.9161
635.3282,230.4669,616.0535,245.5634,591.5294,214.2517,610.8041,199.1552
637.0970,236.3963,616.4169,250.3914,590.6021,212.2454,611.2822,198.2504
634.3136,233.2048,615.6815,247.6653,589.2438,213.6009,607.8759,199.1404
631.5302,233.4249,611.5817,247.6188,586.5828,212.4849,606.5312,198.2910
629.3447,232.9751,609.7322,246.2577,584.9590,209.6787,604.5714,196.3962
630.0721,233.7609,610.3183,247.3311,584.7927,210.1740,604.5464,196.6038
627.7120,230.6747,608.3781,245.4315,582.2160,211.1550,601.5500,196.3981
623.3992,231.7043,602.6285,242.9656,583.2065,207.1432,603.9772,195.8818
622.7538,234.8675,600.9127,245.7770,583.0951,210.1057,604.9362,199.1962
595.7725,197.2225,614.4761,199.1490,609.1729,250.6371,590.4692,248.7106
607.3190,194.3672,626.7226,209.5446,602.9461,239.9417,583.5425,224.7642
627.2795,199.5452,627.8134,220.1379,589.5419,221.1303,589.0079,200.5376
633.0110,204.4247,626.9456,224.2934,596.6334,215.0397,602.6989,195.1710
621.5670,194.1740,631.0164,218.8986,594.7767,232.7488,585.3274,208.0242
628.1296,197.5773,630.4238,220.4362,590.2256,224.4707,587.9313,201.6118
630.0853,201.1371,629.0445,220.1025,588.5569,217.8807,589.5977,198.9153
629.3981,201.7492,626.8486,221.2991,586.6672,216.0593,589.2167,196.5093
631.0035,205.0207,626.4885,223.3165,590.4211,214.4158,594.9361,196.1200
626.1558,200.0286,625.2144,220.7812,587.9915,219.0926,588.9329,198.3400
628.1146,203.0088,624.9406,221.4287,587.2225,214.9292,590.3966,196.5093
627.7300,204.0461,624.3022,222.6801,586.7882,215.7793,590.2159,197.1453
623.1746,197.2489,624.7390,219.9600,591.9926,222.2156,590.4282,199.5045
626.8923,204.5639,622.6632,222.7867,589.1896,215.0184,593.4186,196.7956
626.7847,203.3284,623.0692,222.8518,587.1105,216.0084,590.8260,196.4850
627.0121,205.9730,620.2277,223.4277,591.1301,212.1178,597.9147,194.6630
627.0807,206.9929,620.3470,223.5550,591.2404,211.7209,597.9741,195.1589
627.3035,207.6838,619.9944,223.8925,591.5259,211.0550,598.8349,194.8463
628.5268,205.5155,622.0515,221.9516,592.0329,210.1252,598.5082,193.6891
629.3350,207.3410,620.8946,223.0308,594.1401,208.6383,602.5805,192.9485
629.9721,204.1715,624.4393,221.9900,591.8417,211.8680,597.3746,194.0496
630.5391,205.0973,624.2253,221.5686,594.2208,210.0672,600.5346,193.5958
630.5784,202.3703,625.7755,220.6104,594.6120,212.4043,599.4150,194.1643
631.9397,203.3405,626.1796,221.0472,596.2671,211.3164,602.0272,193.6097
633.6014,202.4989,628.3696,220.3854,597.8837,211.4682,603.1156,193.5817
636.5287,203.7158,631.8019,220.7107,599.3199,211.6764,604.0467,194.6815
638.2250,202.3360,633.8641,220.6623,601.1166,212.8698,605.4775,194.5435
641.6107,199.2501,640.5774,219.8171,604.3524,217.9972,605.3856,197.4302
649.3390,202.2726,646.9692,220.7549,606.1434,215.5203,608.5132,197.0380
653.8268,203.5391,651.2346,222.2687,609.4925,216.4913,612.0848,197.7617
657.4252,205.7086,653.3740,221.8772,613.2679,211.8282,617.3192,195.6596
661.5505,207.3779,656.7017,222.2894,615.3986,208.8586,620.2474,193.9472
660.8096,204.2885,656.8353,222.4794,614.8287,213.3017,618.8030,195.1108
662.3228,205.8027,658.2500,222.3076,617.2828,212.1985,621.3555,195.6935
662.2703,203.5795,658.9120,223.1409,617.2637,215.9908,620.6220,196.4294
665.2536,205.1901,661.3995,223.7231,619.1827,214.9437,623.0369,196.4106
666.0887,202.3665,663.6282,221.8675,618.9028,216.2243,621.3633,196.7233
667.3914,203.8056,663.9578,224.1476,621.4392,216.9707,624.8728,196.6288
668.3571,203.3585,665.1429,224.0513,622.5338,217.4330,625.7480,196.7402
670.7617,202.9081,668.0884,223.5266,623.3826,217.7300,626.0560,197.1116
670.7291,201.2025,667.2089,223.5923,623.6440,216.7428,627.1643,194.3530
673.0792,199.7693,668.6770,224.2474,625.2733,216.4417,629.6755,191.9636
669.7836,208.8368,663.4935,220.0932,632.4433,202.7423,638.7334,191.4859
660.1108,173.0964,662.0305,199.5773,619.9416,202.6283,618.0220,176.1474
2
0
0
0
0
1
674.0070,195.3890,677.5812,218.9278,610.0142,229.1873,606.4401,205.6485
675.1537,196.9510,677.6075,219.4346,611.2184,226.6802,608.7646,204.1966
674.4029,195.6825,677.5764,218.0493,611.4554,227.4308,608.2820,205.0639
674.7478,195.1009,679.1683,219.3547,612.0850,231.5814,607.6645,207.3276
674.6895,195.6709,678.4217,219.2392,610.4976,229.9955,606.7653,206.4271
671.8569,193.5155,677.8491,218.7445,611.0016,234.6215,605.0095,209.3926
672.3686,194.2203,677.8440,219.1938,611.6505,233.7066,606.1750,208.7331
669.3354,191.0095,677.2192,217.4901,611.8657,236.9471,603.9819,210.4666
660.4426,189.6012,671.9159,215.9786,613.7900,241.2614,602.3167,214.8840
642.4149,188.1043,663.4628,209.3486,624.7876,247.6661,603.7397,226.4218
624.5235,194.5403,645.1520,197.6124,635.5894,261.8224,614.9609,258.7502
623.1718,196.2263,644.0992,196.9529,641.4500,273.2548,620.5225,272.5281
649.3249,258.5716,622.8871,262.2428,613.8561,197.2068,640.2939,193.5356
652.0746,245.2766,625.7501,254.0354,607.8055,200.1023,634.1300,191.3436
651.9261,249.4755,625.6721,257.4800,607.6666,198.4238,633.9207,190.4193
651.4482,251.7236,624.6678,259.8233,606.5106,199.7890,633.2910,191.6893
649.3378,250.4207,623.6226,258.3474,605.4355,199.3470,631.1508,191.4202
648.2167,252.7688,622.6887,259.7439,605.8990,198.2964,631.4269,191.3213
647.5203,252.7499,620.7526,259.7974,604.5342,198.1966,631.3019,191.1491
646.3049,253.2119,619.2635,260.0382,603.9120,199.2260,630.9534,192.3996
645.0997,253.5310,618.3461,259.9673,603.4465,198.0343,630.2001,191.5980
644.5586,252.5651,618.8781,259.0969,603.4177,198.3123,629.0981,191.7805
643.5497,252.5072,617.5961,259.1911,601.9540,198.4529,627.9075,191.7690
643.2322,252.4608,617.6364,259.1877,601.6943,198.5276,627.2902,191.8007
642.5890,251.4379,616.6926,258.6667,600.0928,199.2001,625.9893,191.9713
642.1815,251.3439,617.2842,258.7317,599.7209,199.5425,624.6181,192.1547
641.6113,250.6906,615.7357,257.9123,599.4023,199.3888,625.2780,192.1671
639.7696,249.9712,614.1774,257.2849,597.4819,198.8636,623.0742,191.5499
641.0059,249.1346,616.4910,257.4197,597.3512,200.7865,621.8661,192.5014
640.5959,247.0086,616.3066,255.9480,595.7291,200.0367,620.0184,191.0973
639.3284,246.3899,613.5690,255.9328,593.4830,201.7137,619.2424,192.1709
637.5188,248.9419,612.0616,257.0931,593.8321,200.1604,619.2893,192.0092
636.4463,248.5935,611.8127,256.6596,593.2100,199.8477,617.8436,191.7816
635.8841,248.5852,610.6949,257.0596,591.6329,200.4002,616.8221,191.9258
636.1016,245.9226,611.1340,255.0128,591.4202,200.8659,616.3877,191.7757
634.6469,245.8815,610.3874,255.1727,589.7074,201.1775,613.9669,191.8862
634.2742,246.9396,608.2905,256.2844,588.4401,201.0897,614.4238,191.7449
632.6389,248.1626,607.3506,256.2267,589.5519,200.4115,614.8401,192.3474
632.5125,245.4404,607.5958,255.1063,587.0386,202.1140,611.9553,192.4481
631.7650,246.4705,606.8554,256.3039,585.6246,202.5228,610.5342,192.6894
631.0546,248.8658,605.9291,257.3756,586.9351,201.2952,612.0607,192.7854
630.5859,246.3829,605.4799,256.0337,584.7693,202.1564,609.8754,192.5056
630.5950,246.1090,604.8406,255.7962,584.5298,201.7977,610.2842,192.1105
630.4235,244.9044,605.4612,254.7330,584.7018,202.0090,609.6642,192.1804
630.9226,242.7715,606.5916,254.2070,583.2480,204.5392,607.5790,193.1038
632.0209,242.3342,608.0485,254.2025,583.3263,204.2670,607.2986,192.3987
632.3862,232.0475,609.6229,249.3381,579.0095,209.0352,601.7727,191.7446
630.4271,219.7425,616.8698,243.6161,574.2609,219.4196,587.8181,195.5459
629.4557,213.9234,622.0792,238.8293,567.0556,222.5327,574.4321,197.6267
626.2656,209.5442,622.6863,234.2178,560.6581,225.2194,564.2375,200.5458
619.4211,207.4851,618.3090,228.1250,556.7828,224.8098,557.8949,204.1699
615.0378,207.3292,614.6059,227.0725,554.6258,225.7604,555.0577,206.0171
610.8265,208.0506,611.0360,228.9287,552.8204,229.5129,552.6109,208.6348
607.4291,208.9857,607.6401,228.4723,550.8812,229.0869,550.6702,209.6003
600.5541,209.2371,600.8494,230.0118,548.4874,230.7563,548.1920,209.9816
601.6746,210.0149,601.8885,230.6785,545.2476,231.2647,545.0337,210.6011
597.2159,209.8359,597.9622,230.7081,542.6096,232.6875,541.8632,211.8153
595.4814,210.4069,596.1296,231.0661,539.6069,232.8398,538.9586,212.1807
593.0497,210.5854,593.7465,232.4113,534.7052,234.2961,534.0084,212.4702
589.9500,211.3055,590.3369,232.8692,531.9940,233.9157,531.6071,212.3521
587.2003,211.2939,587.5322,233.2479,527.2991,234.1584,526.9672,212.2045
584.3144,212.2495,584.6437,233.8445,523.3420,234.7791,523.0127,213.1841
581.1864,212.1907,581.2972,234.9751,518.6616,235.2796,518.5508,212.4953
577.1509,213.8221,576.7521,236.5199,513.8185,235.4142,514.2173,212.7165
574.2499,215.6930,574.0344,239.3704,509.6241,238.7843,509.8395,215.1069
569.0016,215.9485,569.3438,237.2566,507.1671,238.2550,506.8250,216.9469
566.7510,216.3086,567.3111,240.7721,505.4450,242.1885,504.8849,217.7250
564.5211,217.3573,564.5657,243.7327,500.9615,243.8400,500.9170,217.4647
565.2396,220.1491,564.0638,244.6164,495.1999,241.3073,496.3756,216.8400
563.4586,222.4330,561.1008,249.4466,491.0652,243.3339,493.4229,216.3203
560.3832,222.7123,557.2719,252.6597,486.1791,245.2736,489.2905,215.3261
554.5116,223.1264,551.1899,253.6857,480.3221,245.9828,483.6437,215.4235
551.7141,225.6517,547.3448,256.2778,475.2099,245.9869,479.5791,215.3607
547.6045,225.9621,542.8573,257.2570,470.6339,246.3014,475.3810,215.0065
542.1182,228.4135,537.3199,259.0392,465.4818,247.7839,470.2802,217.1582
537.5873,228.0691,532.2822,259.2235,461.5986,247.1870,466.9038,216.0326
533.5646,229.3143,528.1254,260.4996,456.9804,248.0908,462.4196,216.9056
530.1279,231.6327,524.2672,263.3018,452.9944,250.1119,458.8551,218.4429
524.1465,232.4551,518.4872,263.4649,448.7099,250.7305,454.3691,219.7207
521.3164,232.8498,514.8355,265.6304,444.6045,251.7453,451.0854,218.9648
516.9407,231.7306,510.2696,265.5551,442.0506,252.1004,448.7216,218.2760
513.3032,232.0740,506.6474,265.0884,438.6767,251.3855,445.3324,218.3711
509.7602,232.4210,502.9605,267.6892,435.7036,254.7221,442.5033,219.4539
507.7596,233.9125,498.3799,269.2724,433.8289,252.1494,443.2086,216.7895
503.6159,237.2603,494.0013,269.9872,432.7967,252.0062,442.4113,219.2793
504.9483,243.3788,486.9256,278.5613,431.7781,250.3112,449.8008,215.1288
502.8074,254.9489,477.8044,281.6537,434.9151,241.4978,459.9181,214.7929
497.8092,265.3221,466.4992,286.0437,435.6656,239.4547,466.9756,218.7330
493.7948,268.3504,462.8695,286.0910,435.2528,237.9496,466.1781,220.2090
491.0510,268.4857,457.0930,286.9621,431.8009,240.4773,465.7589,222.0010
490.3224,265.0591,460.6353,285.2407,430.9473,241.5696,460.6344,221.3881
488.5464,265.3520,460.1442,285.0658,430.0223,241.6684,458.4244,221.9546
487.4125,265.4885,458.7917,285.1966,429.4873,242.6396,458.1082,222.9315
485.5239,264.4027,459.1663,283.9511,428.4148,242.4881,454.7724,222.9397
484.8380,263.7522,459.4972,284.4273,427.3742,245.0552,452.7149,224.3801
484.2174,263.2688,457.8699,284.5261,427.1019,246.3904,453.4495,225.1331
482.4745,260.8546,458.3257,283.1995,425.2150,247.4156,449.3639,225.0708
482.7599,259.9185,459.7909,283.2352,425.6400,249.5937,448.6090,226.2769
480.8619,259.8604,457.9427,283.1957,425.0817,250.9207,448.0009,227.5854
479.5972,255.8941,459.9075,280.3933,425.0122,252.3483,444.7019,227.8492
481.0309,258.8208,460.4763,282.5871,425.3036,252.1674,445.8583,228.4011
479.7683,255.6485,462.4906,280.8312,425.3184,255.3276,442.5961,230.1449
478.8716,251.8988,465.3969,280.2376,424.6848,260.8795,438.1595,232.5407
480.5211,255.7594,463.1519,283.0435,424.4343,258.3956,441.8035,231.1116
477.6605,247.8108,467.7683,278.7683,422.1637,264.1958,432.0558,233.2383
476.0937,244.4029,472.3617,274.2228,417.3198,267.3344,421.0517,237.5145
478.9241,242.6358,476.8050,273.0881,411.8983,268.5715,414.0174,238.1192
476.7679,243.2497,475.7902,270.4892,408.5020,268.0741,409.4796,240.8346
476.9641,242.7512,475.2950,272.3316,406.8449,268.4692,408.5140,238.8887
470.1502,242.1397,470.2456,270.3311,407.6674,270.5429,407.5720,242.3515
471.5065,245.3159,469.9722,274.0113,404.6436,270.5183,406.1779,241.8229
468.1142,245.4355,467.9949,269.1258,405.0427,268.8088,405.1619,245.1185
467.9721,247.1747,467.2974,271.9201,404.6220,270.2112,405.2967,245.4658
470.3702,249.2820,468.4827,276.9590,402.3554,272.4493,404.2429,244.7723
467.1517,250.8957,465.6206,278.6098,401.5490,275.0701,403.0801,247.3561
469.4058,253.6038,466.6042,282.2798,399.2774,275.7021,402.0790,247.0262
467.9090,254.5854,464.9971,282.6548,400.2122,275.9341,403.1241,247.8647
467.1406,254.2160,464.0271,283.9396,399.1108,277.1397,402.2243,247.4161
466.9983,256.4705,464.4262,283.9061,397.4721,277.6290,400.0443,250.1934
466.7307,257.2171,463.8145,284.9134,397.0967,277.8885,400.0129,250.1922
466.9677,260.2595,463.1165,287.4657,398.1666,278.2716,402.0178,251.0654
466.8192,260.5656,461.1244,289.5528,402.8143,278.0973,408.5090,249.1101
465.9545,264.1041,459.4001,292.5515,407.7413,280.6490,414.2957,252.2017
467.3362,269.2806,454.4872,297.8880,409.9188,277.8701,422.7679,249.2627
467.8268,273.1236,451.9438,300.7437,410.6969,277.0247,426.5799,249.4046
469.6549,274.7993,452.2025,302.5915,412.3658,277.5754,429.8183,249.7833
468.6340,273.1398,452.3536,301.4453,413.0039,278.8128,429.2843,250.5072
467.6508,270.8167,455.5998,299.0653,414.0458,281.3382,426.0968,253.0897
470.1926,271.9020,456.9569,300.6991,413.7378,280.8349,426.9735,252.0377
470.4981,272.2743,457.9337,299.9982,414.2839,280.2161,426.8484,252.4922
469.7497,270.6862,458.2872,299.2014,416.3698,282.3517,427.8323,253.8365
470.4806,270.2665,459.9375,299.1343,417.5019,283.6360,428.0450,254.7682
470.9103,269.6036,460.9202,298.6674,419.0716,284.2827,429.0618,255.2189
471.4412,268.7145,462.4407,298.0999,419.2443,284.8690,428.2448,255.4838
472.0782,268.4363,464.6062,297.2558,420.8749,285.9176,428.3470,257.0981
474.1437,268.6886,468.3087,295.5227,417.5587,284.4872,423.3936,257.6532
476.2821,265.3878,472.8527,292.9376,413.1752,285.5088,416.6047,257.9590
476.5283,265.5749,473.6849,292.2068,406.9599,285.0828,409.8033,258.4509
475.8662,265.6344,471.7424,291.8701,406.0565,281.5453,410.1804,255.3096
477.2514,266.2021,472.1336,293.4239,407.3326,281.2411,412.4504,254.0193
473.8815,266.3474,468.3836,292.4881,409.1861,280.0377,414.6841,253.8970
472.2274,265.7853,467.6256,291.1861,409.5659,280.6676,414.1676,255.2668
469.5757,262.7674,467.0828,285.2993,411.6161,279.1624,414.1090,256.6304
470.2732,263.5767,466.4169,289.0370,410.4217,280.5559,414.2779,255.0956
472.9491,263.6902,468.6216,289.8412,410.9224,280.2930,415.2499,254.1420
469.3623,262.0520,466.9558,283.4377,411.5522,277.2034,413.9586,255.8177
469.9377,262.6514,466.6670,285.2621,411.6863,277.3091,414.9569,254.6984
471.2223,262.3266,468.6357,283.7374,413.0771,277.0256,415.6637,255.6147
473.9663,263.7122,469.9003,289.0532,413.5047,280.0043,417.5707,254.6633
476.1131,265.6326,471.1115,290.8967,414.4271,279.6747,419.4287,254.4106
476.7016,265.2904,472.3170,289.5085,416.7101,279.4411,421.0947,255.2230
479.0435,265.8230,474.6590,289.9086,417.6124,279.5239,421.9969,255.4382
480.4368,264.7135,476.1310,289.2530,419.6616,279.3445,423.9674,254.8051
482.8349,264.6317,478.5172,289.0274,421.8722,279.0020,426.1899,254.6063
483.9299,264.2642,479.8485,288.4077,423.8073,278.9341,427.8887,254.7906
485.9809,263.2053,481.7382,289.8231,426.2859,280.9843,430.5286,254.3666
487.5636,263.8342,483.2414,288.0343,429.2316,278.3879,433.5538,254.1878
489.6851,261.8411,485.6071,287.0415,433.0042,278.5293,437.0821,253.3289
494.0959,264.1270,488.4236,288.0686,438.4690,276.2333,444.1413,252.2918
497.6598,270.8866,484.6970,294.3101,445.3211,272.5191,458.2839,249.0956
501.5515,282.9556,483.4445,296.9407,456.8314,262.4838,474.9384,248.4987
501.3505,299.9590,480.4784,306.0570,465.3629,254.3199,486.2350,248.2219
502.1625,305.2891,483.0858,308.9530,472.0359,251.4201,491.1126,247.7562
506.2953,303.9238,487.0960,307.7701,475.5458,250.1157,494.7450,246.2694
509.9600,298.1956,490.4474,302.5682,478.6613,249.9726,498.1739,245.6001
513.1631,299.3148,494.0211,303.3629,482.4638,248.7115,501.6059,244.6635
517.1085,297.1821,498.4447,301.6836,485.1178,246.4280,503.7816,241.9265
520.2609,294.8871,500.7684,299.5981,487.6824,245.4539,507.1749,240.7428
523.7997,291.1026,504.7624,295.9816,491.3811,243.7690,510.4184,238.8901
526.4545,291.2708,507.7232,296.2091,493.9827,244.0899,512.7141,239.1516
530.3585,286.7892,511.2619,291.9561,497.9525,242.7648,517.0491,237.5980
533.5764,287.8394,513.9867,292.9001,500.7502,241.6622,520.3400,236.6015
536.6628,287.7162,516.6928,292.5569,504.2261,241.1263,524.1962,236.2856
539.7250,291.9430,520.4357,295.8904,508.8435,239.2443,528.1328,235.2969
543.2139,288.0168,522.9081,292.2432,511.7250,238.5147,532.0308,234.2883
546.7425,284.2881,527.1685,289.1121,514.5051,237.7296,534.0791,232.9055
550.3484,283.0935,530.3776,287.9390,518.1308,237.4635,538.1016,232.6180
554.3772,286.9696,533.2683,291.2635,521.9382,235.5642,543.0471,231.2703
557.9161,280.6874,537.6601,285.6768,525.0032,234.2927,545.2593,229.3033
560.8430,278.9640,540.7484,283.8960,528.3677,233.4531,548.4623,228.5211
564.0656,278.1357,544.7573,283.2075,531.3126,232.0238,550.6209,226.9520
567.3885,278.2580,546.9050,282.7166,535.2328,229.0922,555.7162,224.6337
571.6443,273.7725,551.4985,279.2799,537.8019,229.1783,557.9478,223.6709
574.3637,273.5775,554.3743,278.7866,541.0296,227.5768,561.0190,222.3678
576.3155,267.5804,556.4905,273.7177,541.9999,226.9093,561.8248,220.7720
581.0532,271.0830,559.5810,277.0102,545.2389,225.0533,566.7111,219.1261
583.1424,268.3316,561.7474,274.7902,546.7371,225.0664,568.1321,218.6078
586.6302,258.0638,565.9488,267.4454,546.9580,225.5807,567.6394,216.1992
592.6544,250.5829,572.1653,265.8147,545.2121,229.5586,565.7011,214.3268
592.0875,233.4276,580.2778,257.4612,540.5422,237.9357,552.3520,213.9021
594.8052,228.2600,588.2285,253.2259,534.8237,239.1574,541.4005,214.1915
595.2197,225.5708,590.7598,250.0566,533.5098,239.6291,537.9697,215.1433
586.6827,218.8981,585.8300,238.5974,533.9199,236.3503,534.7726,216.6510
585.9555,217.5215,584.9911,239.0524,534.7520,236.8022,535.7163,215.2713
588.6640,215.7510,587.4127,236.2254,536.2294,233.0972,537.4807,212.6228
592.2943,214.9222,590.6503,234.5640,537.4829,230.1142,539.1268,210.4724
593.5296,213.6531,591.6741,234.2229,538.5170,229.4280,540.3724,208.8582
595.4327,212.4171,593.0060,234.1934,538.6060,228.1314,541.0326,206.3551
594.7471,210.6416,592.4860,230.9707,539.9648,225.1288,542.2260,204.7998
595.6963,208.2740,593.7810,230.9372,540.4759,226.4324,542.3912,203.7693
594.7922,207.6706,592.4321,227.2867,542.5641,221.2869,544.9243,201.6708
598.5358,206.3676,596.3076,226.6968,542.7198,220.8234,544.9480,200.4941
601.6396,206.1913,597.3851,231.7001,541.5071,222.3805,545.7617,196.8717
602.0644,203.8034,599.2722,227.1644,543.1585,220.4574,545.9507,197.0965
602.3938,204.0076,598.6110,228.5855,542.6824,219.9774,546.4653,195.3996
604.1370,203.1647,599.5410,228.7547,543.3880,218.6696,547.9840,193.0795
603.5593,201.3358,600.6546,223.7866,544.0447,216.4623,546.9494,194.0115
603.8159,199.4220,600.8874,221.7633,544.0654,214.3153,546.9938,191.9739
604.3151,200.8807,599.5534,225.8468,543.4950,215.1550,548.2567,190.1889
604.7515,198.7405,599.9576,224.0489,544.0136,213.4521,548.8075,188.1437
606.4405,198.3693,601.3601,223.6735,543.6808,212.0931,548.7612,186.7889
604.9362,196.2622,600.0005,221.5670,543.0601,210.4607,547.9958,185.1560
607.8979,194.9863,602.3075,221.0212,543.2458,208.3389,548.8362,182.3040
607.4330,193.5438,601.3215,219.6063,543.2250,205.9829,549.3365,179.9205
608.1038,193.2687,602.2145,217.9146,543.3255,203.8428,549.2148,179.1969
609.7179,190.5441,603.0287,217.7228,543.8171,203.1497,550.5063,175.9711
607.8467,188.6733,602.1699,213.3672,544.7341,200.1635,550.4109,175.4697
609.0009,186.9589,601.9810,212.7293,545.1923,197.2598,552.2123,171.4895
610.7870,186.3987,602.0200,212.5332,549.1377,194.7934,557.9047,168.6589
613.4422,198.0110,596.2405,218.6477,557.0961,186.0189,574.2978,165.3822
602.9627,225.9426,582.6019,229.7415,571.6375,170.9757,591.9982,167.1768
577.3125,167.6017,594.8573,167.7843,594.1784,233.0170,576.6336,232.8344
579.8615,163.4641,599.2729,165.8618,590.9105,233.5641,571.4991,231.1665
579.3140,161.8741,600.8689,165.7250,589.5326,229.1791,567.9777,225.3282
581.1626,160.5968,602.1795,165.2803,589.3873,222.6848,568.3704,218.0013
581.5208,158.5650,602.0801,163.4528,588.6996,219.7349,568.1403,214.8471
579.7544,157.6672,601.2235,161.9691,589.1612,222.1684,567.6920,217.8666
580.1743,156.4099,601.4875,161.2501,588.8466,216.9126,567.5334,212.0725
580.2186,154.4539,601.1121,159.2513,588.5273,214.0598,567.6338,209.2624
580.2722,153.4519,600.4532,158.1576,587.8662,212.1377,567.6852,207.4320
579.7485,152.4651,599.9942,156.9642,588.3015,209.5807,568.0557,205.0816
579.8347,151.5002,600.1076,156.0427,588.2327,209.0402,567.9598,204.4978
579.9890,150.5330,600.0558,155.1416,588.0418,207.4538,567.9750,202.8452
579.2133,149.3240,599.4871,154.2134,587.4427,204.1553,567.1689,199.2659
578.8134,148.4952,598.1186,152.8684,586.3633,204.7612,567.0581,200.3879
578.0221,148.2933,597.9957,153.2522,586.0322,201.4396,566.0586,196.4807
577.8926,145.4521,598.0667,150.0114,586.3414,201.8940,566.1673,197.3347
576.5027,145.3404,596.5853,149.8377,585.6154,198.8233,565.5328,194.3260
575.5546,145.1583,595.8157,149.9513,584.7983,196.5252,564.5371,191.7323
574.0418,143.3981,594.2740,147.4819,584.3118,196.8368,564.0797,192.7530
574.4397,141.8096,593.9304,145.1880,585.0733,196.2872,565.5826,192.9089
572.2739,141.7285,591.5882,145.0626,583.0410,194.5773,563.7267,191.2432
572.4239,139.7702,591.0364,142.9984,582.3274,193.2103,563.7150,189.9820
570.9266,139.7404,590.2815,142.8303,582.7114,190.2499,563.3564,187.1600
569.4596,138.8825,588.9337,141.6035,582.0504,190.8670,562.5763,188.1459
569.6179,137.8666,589.0123,140.6983,581.7949,190.1304,562.4006,187.2987
568.9256,137.5923,589.2339,140.9256,581.7736,186.3775,561.4654,183.0442
569.0018,135.7386,588.3639,138.7836,580.7515,187.1887,561.3895,184.1437
568.5098,137.6440,587.8795,140.6399,580.9739,185.2862,561.6042,182.2903
567.5449,135.7493,586.9333,138.6216,580.1835,184.1843,560.7951,181.3120
568.4430,134.8479,587.8501,137.5910,581.2665,184.1680,561.8595,181.4249
567.1399,135.0328,586.5936,137.4236,580.3845,187.9447,560.9308,185.5539
567.4781,134.8105,586.8712,137.6507,580.1968,183.2245,560.8037,180.3844
566.0862,134.8466,586.9048,137.5886,581.0184,182.2826,560.1997,179.5406
566.9370,134.0276,586.6619,136.4243,580.9880,183.1209,561.2631,180.7242
565.7507,133.0333,585.6288,135.2378,580.3359,182.9652,560.4578,180.7607
564.7468,133.0175,585.1409,135.3483,579.9108,181.1104,559.5167,178.7796
564.3622,133.1489,584.2089,135.0805,579.6562,181.8595,559.8094,179.9279
564.5527,133.8293,582.0894,134.2009,581.0098,185.1494,563.4731,184.7778
587.2724,180.2156,567.8728,184.3555,557.3289,134.9473,576.7284,130.8074
592.7059,153.4084,581.5102,172.8337,542.4528,150.3231,553.6484,130.8979
586.1079,143.6303,582.2206,162.9354,538.4862,154.1289,542.3735,134.8238
592.3372,147.2175,587.4213,167.7166,536.9133,155.6041,541.8293,135.1050
593.8418,148.5533,586.7482,170.1734,537.4712,154.0054,544.5648,132.3853
581.1252,144.3521,576.0469,165.4654,528.3168,153.9850,533.3951,132.8717
590.0977,147.0491,584.6285,170.1135,527.1113,156.4748,532.5804,133.4103
582.5598,144.9684,578.8207,166.4605,525.7920,157.2349,529.5311,135.7427
588.7963,146.1810,583.5461,171.3384,522.6476,158.6294,527.8977,133.4721
585.9011,145.1736,581.3710,170.5563,520.5212,159.6966,525.0513,134.3138
585.2291,144.1657,581.1028,169.8232,518.4326,159.7446,522.5588,134.0871
585.0499,143.4174,581.4687,169.7671,516.9116,160.9931,520.4928,134.6434
587.1841,146.2890,582.6701,170.6049,517.8865,158.5785,522.4005,134.2626
585.9377,145.4765,580.6385,172.2702,514.9794,159.2842,520.2786,132.4905
587.1304,145.8456,582.2857,170.9604,515.8157,158.1382,520.6604,133.0233
586.6605,146.1008,580.5115,173.1601,514.4807,158.1553,520.6296,131.0960
583.8817,143.7423,578.0280,171.7173,514.3893,158.4012,520.2430,130.4263
582.6716,143.5215,576.9271,170.7646,513.6858,157.4296,519.4302,130.1865
583.3373,143.3202,578.2634,169.5761,513.7203,157.1032,518.7942,130.8474
586.5146,144.5965,581.0086,170.6690,512.7389,156.2517,518.2449,130.1791
583.9867,143.9852,578.2092,170.8331,512.5150,156.6963,518.2925,129.8483
584.5201,144.9436,578.9667,171.0242,512.6918,156.9119,518.2452,130.8313
583.7274,145.7363,577.7778,171.4209,512.4559,156.2896,518.4055,130.6050
584.6603,145.3733,577.6461,173.0690,512.5209,156.5752,519.5352,128.8796
584.9936,145.4257,578.1613,172.1334,512.4897,155.3337,519.3220,128.6259
585.2185,145.4681,577.2783,172.5515,514.1371,154.0400,522.0772,126.9567
586.5968,149.1080,575.2131,175.3573,518.7733,150.8807,530.1570,124.6313
585.4944,165.6751,564.7802,183.7336,529.3607,143.1052,550.0750,125.0466
574.5166,197.9364,554.5683,201.0950,543.8398,133.3391,563.7881,130.1805
568.6232,209.1513,549.7685,210.0210,546.1562,131.7042,565.0108,130.8346
547.1333,130.5250,566.6001,130.6008,566.3020,207.1645,546.8352,207.0887
546.6634,129.2864,568.2098,129.7141,566.7610,202.7061,545.2146,202.2784
546.5240,130.9648,567.2911,131.2931,566.0939,207.0332,545.3269,206.7049
547.0934,131.2228,566.0934,131.2751,565.8767,210.0550,546.8768,210.0028
547.5504,129.9044,567.2302,130.2397,565.9651,204.4935,546.2853,204.1582
566.1522,207.0221,545.8864,207.0865,545.6401,129.6669,565.9059,129.6025
565.6245,209.9198,546.5044,209.9785,546.2527,127.9789,565.3728,127.9202
565.3336,203.4574,545.5442,203.5635,545.1367,127.5646,564.9261,127.4585
564.5265,207.5055,545.5579,207.6521,544.9521,129.2544,563.9207,129.1078
564.6731,209.8293,545.9795,210.0515,545.0245,129.6971,563.7181,129.4750
564.2540,211.3857,545.8417,211.6122,544.8293,129.2984,563.2415,129.0720
564.0969,211.9672,545.8496,212.2168,544.7098,128.9247,562.9571,128.6750
563.5758,205.8672,545.5530,206.1331,544.4026,128.1416,562.4254,127.8757
563.7578,208.7416,546.3864,209.1651,544.4039,127.8493,561.7753,127.4258
563.6293,205.3449,545.5681,205.7229,543.9360,127.7400,561.9973,127.3619
563.2491,208.1064,546.2053,208.5455,544.1521,128.8588,561.1959,128.4197
563.6185,205.4009,545.6188,205.7365,544.1458,126.7503,562.1455,126.4146
563.6943,203.0179,545.6909,203.4366,543.9365,127.9970,561.9399,127.5783
563.0745,208.3157,545.6930,208.7933,543.4860,128.4636,560.8674,127.9860
563.8115,203.4433,545.7451,203.8894,543.8444,126.9128,561.9108,126.4667
563.0248,201.7158,545.2686,202.0691,543.7871,127.6038,561.5433,127.2505
562.4734,205.0755,545.3221,205.5095,543.3144,126.1549,560.4657,125.7209
562.6653,201.3099,545.1064,201.5886,543.9085,126.1381,561.4675,125.8594
562.6789,206.0405,545.5802,206.4892,543.4977,127.1365,560.5964,126.6878
562.0919,202.3503,545.0923,202.7040,543.5225,127.2603,560.5221,126.9066
562.4210,199.9684,544.9546,200.2219,543.8738,125.7497,561.3403,125.4962
562.6465,204.3073,545.5524,204.7717,543.4232,126.4006,560.5174,125.9362
562.9306,200.0825,545.1059,200.2795,544.2827,125.8040,562.1075,125.6070
561.4691,203.3444,544.7892,203.6343,543.4376,125.8536,560.1174,125.5638
561.6666,200.2933,544.2891,200.6358,542.8217,126.1702,560.1990,125.8278
561.9906,202.9770,544.6913,203.4173,542.6967,125.0426,559.9960,124.6024
561.2643,200.0387,544.1102,200.4522,542.2917,125.0141,559.4459,124.6006
560.3840,201.9163,543.4413,202.3488,541.4409,123.9743,558.3836,123.5418
561.5912,202.7699,543.5620,203.1897,541.7286,124.4583,559.7579,124.0384
561.0032,201.0062,542.7412,201.4508,540.8811,125.0334,559.1430,124.5889
561.0544,204.2287,543.4952,204.7485,541.1080,124.1102,558.6672,123.5904
560.2754,201.0434,542.4633,201.4336,540.7680,124.0321,558.5801,123.6420
560.8950,198.9828,542.3804,199.3957,540.6763,122.9747,559.1909,122.5618
559.2751,197.9165,541.8807,198.2973,540.2289,122.8554,557.6234,122.4746
559.8754,203.1350,542.0596,203.7036,539.4860,123.0711,557.3018,122.5024
559.2539,200.1987,541.3587,200.7279,539.0703,123.3417,556.9655,122.8126
559.9395,204.1252,541.9840,204.7230,539.2773,123.4280,557.2327,122.8302
559.4487,201.0493,541.3663,201.6372,538.7867,122.2991,556.8690,121.7112
559.3405,203.0490,541.6207,203.6824,538.7047,122.1005,556.4245,121.4671
559.8093,206.6138,541.3549,207.2474,538.4294,122.0376,556.8839,121.4040
558.7998,207.5307,540.8176,208.1182,537.9767,121.1646,555.9589,120.5771
559.5920,208.1818,539.6334,208.6124,537.7311,120.4329,557.6898,120.0024
537.6562,120.0920,561.3618,121.1662,557.7805,200.1989,534.0749,199.1247
536.4236,119.2117,567.6287,123.7207,556.8457,198.3459,525.6406,193.8370
535.3624,117.5651,572.4725,123.8252,560.3232,195.8463,523.2131,189.5861
538.4119,116.9539,576.3704,126.8190,558.8874,194.0895,520.9289,184.2245
539.6546,115.8712,576.8669,125.5528,559.0707,193.9536,521.8585,184.2719
542.5204,115.1858,577.5804,126.6338,556.7925,190.2977,521.7325,178.8497
544.5671,114.1153,577.7830,126.1011,555.1747,188.7546,521.9588,176.7688
548.7858,113.3993,577.9805,127.4655,550.6254,184.2413,521.4308,170.1751
553.8252,111.7142,581.7462,129.9525,549.6860,179.0336,521.7650,160.7954
554.1965,110.7528,582.4030,129.4793,549.6678,178.7864,521.4612,160.0600
552.8412,110.5018,581.0083,127.3667,549.6131,179.8016,521.4460,162.9367
551.4837,111.5378,580.1434,127.5513,550.8060,180.0570,522.1464,164.0436
549.8913,110.7365,578.1075,124.8071,550.6122,179.9440,522.3961,165.8734
547.6876,112.0239,578.6127,125.2397,554.3051,182.1198,523.3799,168.9040
546.4080,111.7549,577.7071,123.6970,555.3651,182.2535,524.0659,170.3114
544.3651,112.1236,573.7612,119.0904,558.5701,183.1887,529.1740,176.2219
540.3402,116.5397,561.4617,116.7403,560.6995,196.9877,539.5779,196.7871
569.7797,182.4943,546.3674,186.7272,533.8138,117.2929,557.2261,113.0600
579.0545,157.0977,553.4512,174.3056,519.6686,124.0409,545.2720,106.8331
581.3886,140.1486,564.0804,168.2321,509.7908,134.7727,527.0990,106.6892
580.3470,134.8854,566.8953,162.4130,507.5570,133.4165,521.0088,105.8888
579.2676,134.1841,567.4112,161.1665,505.0322,133.7565,516.8886,106.7741
579.5453,132.8913,568.4902,158.8133,505.9031,132.1214,516.9583,106.1994
578.0634,131.4624,567.8930,156.9654,505.8712,132.2315,516.0416,106.7285
577.4547,130.6224,567.4180,156.4135,504.8237,132.0545,514.8604,106.2634
578.5901,130.3484,566.8595,157.5645,505.1509,130.9669,516.8815,103.7508
576.1020,129.3488,566.2895,154.9793,504.9826,131.5082,514.7951,105.8778
576.8740,130.3449,566.7897,155.8421,504.4145,131.1723,514.4988,105.6751
576.0195,129.0501,565.5278,154.5540,505.0791,129.6869,515.5708,104.1830
575.1724,129.9592,564.7408,155.1104,503.4918,129.7071,513.9234,104.5559
574.9839,129.5228,564.6205,154.7228,502.9111,129.3449,513.2745,104.1450
573.9928,127.7468,563.3793,153.9415,502.7162,129.3620,513.3298,103.1673
573.6913,127.9182,563.4913,153.2429,501.8799,128.4276,512.0800,103.1029
573.1031,126.9278,562.7784,152.7500,501.4747,128.2386,511.7994,102.4164
572.4012,126.5032,562.3931,152.0055,501.8293,128.2379,511.8374,102.7356
571.3901,126.0617,560.8013,151.8110,500.5467,127.0328,511.1354,101.2835
571.8125,126.5051,561.3748,152.1584,499.2345,126.8751,509.6721,101.2218
570.4944,127.0087,560.5016,151.8118,499.7470,127.3348,509.7397,102.5318
569.5615,126.6238,558.7678,152.1683,498.2494,126.5967,509.0431,101.0521
569.9388,126.6649,559.1083,151.9340,498.1809,125.8198,509.0115,100.5507
570.0050,126.8885,559.1248,152.3302,498.9934,126.6148,509.8736,101.1732
567.8069,126.9878,556.0352,152.3690,499.0418,125.9356,510.8136,100.5544
568.5816,134.1034,552.6720,156.7050,504.5898,122.8591,520.4994,100.2575
560.7971,164.5064,538.3790,171.6678,518.3987,109.1217,540.8167,101.9603
549.3866,185.5547,530.8950,186.8297,525.4346,107.6377,543.9262,106.3627
527.2617,103.8484,554.5789,107.2499,545.7814,177.9016,518.4642,174.5001
531.1307,100.4317,561.3790,110.0807,542.0355,170.7200,511.7872,161.0710
537.2599,96.6087,563.5848,110.6154,535.3139,163.7489,508.9890,149.7422
543.4899,97.3164,566.2455,116.5214,531.1123,158.1498,508.3567,138.9448
539.7139,97.4368,565.7587,115.1157,533.2601,162.9931,507.2152,145.3141
538.3805,97.6532,565.4022,116.2033,532.5216,164.1000,505.4999,145.5499
538.9684,96.9720,565.6098,115.6580,532.3493,163.0789,505.7079,144.3929
537.4907,97.7775,563.7612,115.8565,531.2050,163.1639,504.9344,145.0849
534.7109,97.5579,561.8544,113.4988,531.4528,165.2653,504.3093,149.3244
533.0818,97.7125,559.9828,111.9317,531.8893,165.0812,504.9883,150.8620
533.7646,97.7687,561.1442,114.1197,530.6498,165.1823,503.2703,148.8314
536.1154,97.3156,562.9954,116.3582,529.5191,163.6124,502.6390,144.5698
535.7578,97.7447,561.2615,115.9942,527.7545,162.8201,502.2509,144.5705
537.1376,97.6854,561.2170,116.7830,527.3631,159.4682,503.2837,140.3707
534.6044,98.7585,558.8923,115.5307,526.6999,162.1488,502.4120,145.3766
534.3586,98.6581,559.4623,115.8071,527.7015,162.3005,502.5978,145.1516
532.0726,97.8770,559.7640,114.9684,528.6247,165.4199,500.9334,148.3285
534.3769,98.4201,560.1300,116.9250,527.2652,162.6626,501.5121,144.1577
533.8430,97.2359,559.5701,115.4473,526.5718,162.0636,500.8448,143.8522
533.5030,98.5266,559.0527,115.9016,527.4471,162.3771,501.8974,145.0021
533.9330,97.7919,559.4843,116.4055,526.6218,161.5167,501.0706,142.9031
532.8535,97.5625,558.5300,114.4521,526.5001,163.1458,500.8236,146.2562
531.5137,98.7530,556.4442,114.5903,525.5114,163.2837,500.5809,147.4464
530.7603,98.9007,556.1917,114.1787,526.0854,164.2928,500.6541,149.0148
528.8209,98.9454,555.3829,112.2696,528.4907,165.8796,501.9287,152.5554
525.3790,99.3790,552.0583,110.1592,528.9601,167.3232,502.2809,156.5430
522.6387,102.6671,545.9779,106.9012,534.4040,170.6988,511.0648,166.4647
541.3925,173.1317,521.6476,173.9627,518.8042,106.4025,538.5491,105.5715
556.4062,151.3648,530.9882,165.1347,502.9799,113.4339,528.3979,99.6640
561.8347,130.5211,545.2417,157.4579,491.1602,124.1439,507.7531,97.2071
561.4839,125.7024,551.8611,152.3855,486.2017,128.7065,495.8245,102.0234
559.4688,123.3561,551.8873,149.8331,484.6403,130.5772,492.2218,104.1003
555.6736,120.0615,548.8681,147.8990,484.1191,132.0695,490.9246,104.2321
553.2501,118.9475,547.3831,146.2595,484.8041,132.8166,490.6711,105.5046
550.3562,118.8418,544.4347,145.8482,485.4013,132.9044,491.3228,105.8980
555.8096,121.5632,548.8047,147.9941,486.4385,131.4652,493.4435,105.0343
558.7372,122.1762,551.7655,148.6351,487.9234,131.8133,494.8951,105.3543
559.2549,121.6812,552.3994,148.1034,488.7035,131.5770,495.5589,105.1547
558.0483,122.3237,551.7443,148.1947,488.4476,132.7711,494.7516,106.9001
560.4552,122.0686,553.6086,149.0691,488.8591,132.6505,495.7057,105.6499
559.0824,121.6372,552.3710,148.6582,489.2412,132.9783,495.9526,105.9572
559.4722,122.7170,552.8060,149.6619,488.8374,133.8360,495.5037,106.8911
560.5389,123.4850,553.7279,149.1287,489.5595,132.0856,496.3705,106.4419
562.2003,123.9270,554.7623,150.6948,489.7993,132.6437,497.2372,105.8759
562.2420,124.5621,555.0384,151.4134,489.3170,133.7817,496.5206,106.9305
561.5728,124.1713,554.5719,150.7131,490.3333,133.7690,497.3342,107.2272
563.2336,124.7504,555.7663,151.5492,490.9760,133.4958,498.4433,106.6970
562.8491,125.2666,555.7916,151.6437,490.8204,134.2599,497.8779,107.8828
562.7836,125.4883,554.9156,153.2231,490.6284,134.9857,498.4964,107.2508
563.7021,125.6969,556.6141,152.1954,492.3707,135.0110,499.4588,108.5125
563.7919,125.4693,556.1185,152.2927,492.3812,134.0595,500.0545,107.2361
564.8668,125.5448,556.9600,153.4415,493.3782,135.4203,501.2850,107.5237
565.6849,127.3061,557.8907,153.7554,493.7854,134.8646,501.5796,108.4154
567.9365,128.0750,559.3215,155.0796,494.9318,134.5381,503.5468,107.5335
568.6509,127.7024,561.0563,153.9711,495.6233,135.0535,503.2179,108.7849
569.2686,128.8941,561.4189,155.0044,497.3779,135.7512,505.2276,109.6409
572.1671,129.8819,563.0965,157.0370,498.5465,135.4753,507.6172,108.3202
571.2074,128.8842,562.7328,156.1772,499.7524,136.6216,508.2270,109.3286
574.3717,130.4475,565.2471,157.5077,500.7720,135.7670,509.8966,108.7068
574.3173,129.8476,566.1132,156.9399,500.2179,136.9852,508.4221,109.8930
573.9337,129.7151,567.2276,156.4466,500.3623,139.6724,507.0684,112.9409
575.3311,130.1906,567.9750,158.2386,501.4485,140.7907,508.8046,112.7427
576.4431,131.8796,568.5236,159.4442,502.2736,140.4101,510.1931,112.8455
577.1066,132.0375,568.9141,160.3555,501.8370,140.9497,510.0296,112.6318
577.1902,133.0240,569.3266,160.4901,501.9850,141.2100,509.8486,113.7439
577.3724,133.7320,569.5745,160.9560,502.2123,141.6612,510.0101,114.4372
578.9537,133.6175,570.6368,161.2693,502.2790,140.7092,510.5958,113.0574
578.3555,134.5981,570.1063,161.7170,502.4763,141.1450,510.7256,114.0260
578.8669,134.9949,569.7689,163.3469,502.5031,141.7616,511.6011,113.4096
580.4536,135.4391,571.4542,163.6337,502.4545,141.6098,511.4539,113.4152
579.5245,134.8826,570.5509,163.4810,502.8780,142.2465,511.8516,113.6481
580.2871,136.1608,571.0843,164.5925,503.4624,142.7046,512.6652,114.2728
581.5900,136.3095,572.4995,164.8228,503.5713,142.8474,512.6619,114.3340
581.0299,136.2973,572.8056,163.5551,504.4452,142.9291,512.6696,115.6713
581.3162,136.3644,573.0479,163.6697,505.5377,143.2271,513.8060,115.9217
581.9275,136.4052,574.5895,162.7897,505.0509,143.4500,512.3889,117.0654
581.3475,136.2383,573.2634,163.5012,505.9372,143.5375,514.0212,116.2746
582.1080,137.2630,573.9926,164.3786,506.6242,144.2158,514.7396,117.1003
584.2388,137.7473,575.9642,164.7638,507.2961,143.7321,515.5707,116.7157
583.0787,138.3439,574.9152,165.4811,507.3305,145.1501,515.4940,118.0129
584.7686,138.0489,575.8846,166.2102,508.1930,144.8557,517.0769,116.6945
585.8431,138.8114,576.7562,167.0734,509.7351,145.5244,518.8220,117.2624
586.4975,139.7648,577.3553,167.9762,509.6356,146.0309,518.7777,117.8195
587.2479,139.9202,577.9141,167.9768,511.3550,145.8343,520.6887,117.7777
587.6364,140.2088,578.0107,168.4364,511.3661,145.7102,520.9919,117.4827
587.9971,140.8329,579.2430,167.7955,512.5767,146.1505,521.3308,119.1879
589.8157,140.8886,579.7249,170.1062,513.0016,147.0621,523.0925,117.8445
589.3873,141.9704,579.9722,169.8635,514.3132,147.7008,523.7283,119.8077
592.5809,143.3405,582.4060,172.0866,515.7513,148.4937,525.9262,119.7477
592.4439,142.4281,582.8015,170.3706,516.8784,147.6218,526.5208,119.6793
594.5005,142.8489,584.7759,171.3274,517.6855,148.4179,527.4102,119.9395
594.7233,142.8006,585.4140,170.6296,518.8769,148.3719,528.1862,120.5428
595.8938,142.8242,585.9039,171.7941,519.4999,148.8954,529.4897,119.9256
597.2615,142.3906,587.4349,170.6072,521.4016,147.6107,531.2282,119.3941
597.2227,142.6347,587.0634,170.6020,522.0297,146.9781,532.1890,119.0108
600.8105,146.7303,586.4519,174.9722,526.8601,144.6748,541.2187,116.4329
596.5491,165.3386,571.8287,181.8693,538.4763,131.9933,563.1966,115.4627
581.0839,207.8767,562.1250,208.6194,558.8262,124.4039,577.7852,123.6613
559.5446,122.2623,580.1211,123.1493,576.5654,205.6365,555.9890,204.7495
562.3567,119.6723,589.9222,123.9657,578.8184,195.2571,551.2528,190.9636
562.8753,119.3402,592.1346,125.4095,578.1118,193.0119,548.8524,186.9426
565.5688,117.4609,593.5741,124.6215,576.5834,191.0721,548.5782,183.9115
566.1310,117.7047,593.9569,124.5688,577.8031,190.0532,549.9772,183.1890
565.7787,118.9802,593.6883,125.7978,578.0709,189.7323,550.1613,182.9148
565.7055,117.8217,592.8276,124.0829,577.3809,190.9946,550.2588,184.7334
566.1969,119.0255,593.1495,124.9239,578.3912,192.3618,551.4387,186.4634
566.5236,118.7638,594.5950,125.1353,579.5293,191.5113,551.4578,185.1397
567.4518,118.9463,595.5752,125.3534,580.4862,191.5857,552.3627,185.1787
567.5216,118.7188,594.6000,125.1674,579.4525,188.7737,552.3740,182.3251
568.8562,119.2923,593.6430,125.4548,577.5818,190.0561,552.7950,183.8936
568.6879,118.7559,595.3524,126.3928,577.8414,187.5336,551.1769,179.8967
569.7186,117.8200,594.6230,124.6094,577.3052,188.1331,552.4008,181.3436
568.9758,119.0857,594.9709,125.7981,578.6607,188.9627,552.6656,182.2503
568.9942,119.1919,594.2285,124.5931,580.0159,190.9944,554.7816,185.5932
569.0463,119.4611,594.2114,124.1721,581.6871,191.0744,556.5220,186.3634
570.4970,120.5937,590.3510,122.7319,582.7545,193.2651,562.9005,191.1268
592.3115,189.7337,571.4070,190.7223,568.1205,121.2199,589.0249,120.2314
611.0244,156.5710,587.8144,178.1523,547.1075,134.3734,570.3175,112.7921
612.9381,148.1680,596.2445,176.4010,539.3504,142.7608,556.0440,114.5277
613.9872,142.1627,603.3336,170.1686,536.2614,144.6539,546.9150,116.6479
614.8779,139.7538,604.7494,168.8976,536.5905,145.2099,546.7190,116.0661
613.1382,138.8122,603.5345,167.1546,535.5558,144.1202,545.1595,115.7778
608.8927,135.2410,600.3804,163.5867,536.8203,144.4993,545.3327,116.1536
604.2100,133.1650,596.9486,160.6417,537.2039,144.8528,544.4652,117.3761
611.3159,135.7147,602.1882,164.1214,537.5754,143.3597,546.7031,114.9530
606.3191,131.9407,599.3272,159.6509,538.7132,144.3567,545.7050,116.6465
612.4194,133.8502,604.6384,160.9466,540.5021,142.5292,548.2831,115.4328
612.3705,134.3532,604.6650,161.6828,540.3032,143.5361,548.0088,116.2065
613.4902,134.2664,605.6998,161.4800,540.4566,142.8032,548.2469,115.5895
611.7189,132.7127,603.7990,161.2678,540.2542,143.6435,548.1740,115.0884
612.3074,133.2275,604.6640,161.3898,540.4259,143.9554,548.0693,115.7931
611.8968,131.9673,604.1814,160.5215,541.1816,143.4988,548.8970,114.9446
610.3474,131.5027,603.0977,159.4360,540.8763,143.2872,548.1260,115.3540
609.3206,129.9583,603.1273,156.7278,542.0573,142.5988,548.2507,115.8292
610.9481,132.0337,604.4246,158.6641,541.2272,143.1830,547.7507,116.5526
610.2973,132.5439,603.8765,159.3203,540.6464,144.1581,547.0672,117.3817
609.0139,131.1172,602.3152,157.9346,541.0033,142.6195,547.7020,115.8022
610.4078,131.2659,603.0015,159.3028,540.6110,142.8214,548.0175,114.7845
609.6223,130.8565,602.6102,158.7040,540.7652,143.1311,547.7773,115.2836
602.4664,128.0082,595.8752,155.0864,542.4025,142.0706,548.9937,114.9924
613.0881,138.9029,600.3445,163.5249,548.3076,136.5922,561.0511,111.9702
602.7178,183.3857,580.4631,187.6712,567.4912,120.3089,589.7458,116.0233
572.3972,116.9058,596.0087,117.9649,592.8818,187.6790,569.2703,186.6199
579.7546,111.2719,608.8419,123.0149,585.8569,179.9488,556.7696,168.2059
590.6021,108.6193,615.4750,130.2896,578.8609,172.3148,553.9880,150.6446
600.5564,111.0133,616.9700,134.1353,569.6389,167.7340,553.2254,144.6120
602.7334,111.5549,617.0349,134.8245,566.9214,165.6242,552.6199,142.3546
603.1110,112.3229,616.4988,135.5022,567.9238,163.5579,554.5360,140.3785
601.6707,110.8252,616.4111,134.1017,568.1603,164.6577,553.4199,141.3812
601.8176,112.6232,615.3662,135.7091,568.0999,163.4485,554.5513,140.3626
601.1373,110.6754,615.9431,134.0637,571.1182,162.4399,556.3123,139.0516
599.4672,111.3874,614.4779,133.1272,570.0824,163.7810,555.0717,142.0412
598.8356,110.3416,615.0386,133.8028,571.5825,163.8146,555.3796,140.3534
599.4122,111.0984,615.0892,133.7170,571.8755,163.6685,556.1985,141.0499
598.8593,111.2680,613.6101,133.1326,568.7874,163.3722,554.0364,141.5076
598.3079,110.2613,615.2988,133.5219,571.2581,165.6920,554.2671,142.4314
598.6379,111.0679,613.9276,132.8990,568.1172,164.9831,552.8274,143.1520
598.4785,110.9823,614.3531,133.3166,570.9519,164.1651,555.0773,141.8307
597.9384,110.2049,614.8782,133.3486,572.2308,164.5642,555.2908,141.4205
597.6819,109.9208,614.9559,132.9911,572.7020,164.6288,555.4280,141.5585
598.4384,110.8237,614.7358,133.1317,572.4440,164.0285,556.1465,141.7205
597.5591,109.6976,614.9030,132.3183,573.0772,164.3871,555.7334,141.7664
597.3857,110.1774,614.9205,132.2287,573.0390,165.5320,555.5043,143.4807
597.8716,110.8128,614.1125,132.9280,570.5834,164.8948,554.3425,142.7796
597.5259,109.5141,615.1878,131.9348,574.1423,164.2684,556.4803,141.8477
598.2537,109.9672,614.8091,131.5850,573.0057,163.5988,556.4504,141.9810
597.9335,109.7274,614.6713,131.4468,572.9934,163.5653,556.2556,141.8458
599.9284,110.7321,614.7051,132.7367,570.5510,162.3876,555.7742,140.3831
600.9785,110.0802,615.7057,132.6383,568.9853,163.1399,554.2581,140.5818
603.0204,109.0617,618.5238,132.2353,569.3301,165.1466,553.8267,141.9730
609.3365,110.4565,621.1847,134.1487,566.2101,161.6408,554.3619,137.9486
613.6837,112.6009,624.2592,138.2285,564.7778,162.7741,554.2023,137.1466
616.5532,113.6829,626.5982,140.1478,565.2112,163.4476,555.1663,136.9827
615.3953,111.5445,626.7520,139.0026,565.1714,164.4725,553.8146,137.0143
613.5391,110.4461,627.0388,138.0558,567.1718,167.3276,553.6722,139.7179
612.5129,110.4545,626.7066,136.8368,569.7468,167.4812,555.5531,141.0988
612.6359,109.0135,627.8752,136.9964,570.2118,168.3996,554.9725,140.4167
615.7054,109.9555,629.7700,137.0164,571.5090,167.2968,557.4445,140.2358
616.8167,109.1414,630.7103,137.3658,570.9215,166.7970,557.0280,138.5726
615.8673,108.8450,630.4507,137.1645,572.0761,167.2251,557.4927,138.9055
615.7247,109.4141,630.7557,137.0718,573.9260,167.9569,558.8950,140.2992
617.1662,110.0666,631.1327,137.3002,573.5798,166.8156,559.6133,139.5820
618.3243,110.1796,631.8865,136.2078,574.5261,166.0958,560.9639,140.0677
620.4570,110.2405,633.5012,137.6398,574.2167,165.8638,561.1725,138.4646
622.0182,110.6157,634.4695,137.2400,575.8801,164.6403,563.4288,138.0160
620.9568,109.8952,634.1681,137.2471,575.9261,165.3785,562.7149,138.0266
620.9472,109.0104,634.0255,136.8230,575.4937,164.3463,562.4154,136.5336
624.1269,110.6659,635.1669,136.8092,574.6791,162.3525,563.6390,136.2092
621.9504,110.1681,634.0608,136.6391,575.2438,163.5477,563.1334,137.0767
624.1135,110.4816,635.3860,138.0255,574.6181,162.8951,563.3456,135.3512
622.4995,109.9393,634.2223,135.5963,575.3921,162.4760,563.6693,136.8189
621.7292,108.6843,634.4150,136.3502,575.6212,163.3094,562.9354,135.6434
622.5897,108.9782,634.0564,135.0043,574.8666,161.0825,563.3999,135.0565
616.6474,108.8759,630.5452,133.8314,578.3756,162.8849,564.4778,137.9294
592.1948,109.0666,617.2372,118.5601,595.8473,174.9833,570.8049,165.4898
587.4963,112.9264,606.2407,113.0905,605.5628,190.5076,586.8184,190.3434
624.0829,161.9892,594.4123,175.2917,569.1385,118.9198,598.8091,105.6173
628.6691,136.2441,610.9782,164.6920,558.4347,132.0166,576.1257,103.5688
627.8823,133.2365,616.0419,160.8755,554.8638,134.6671,566.7043,107.0281
627.7168,131.2506,616.7929,158.7822,554.5576,134.0888,565.4815,106.5572
626.1966,129.4567,616.4084,156.1798,555.9897,134.0494,565.7779,107.3264
628.7036,130.1697,618.8995,156.9246,555.6864,133.7605,565.4905,107.0057
627.5165,130.4117,617.2948,156.9598,556.4294,133.5251,566.6511,106.9770
629.6135,131.0316,618.7100,157.1914,557.8229,131.8134,568.7264,105.6536
629.5384,128.5306,618.9507,156.3714,557.6462,133.0578,568.2338,105.2170
630.1423,130.8740,619.6299,156.9517,556.9230,131.6735,567.4354,105.5958
630.3463,130.0324,619.4989,157.4177,556.5278,132.4746,567.3752,105.0893
630.4545,130.7911,619.6516,156.8747,556.2458,130.6142,567.0488,104.5306
629.4646,130.6965,619.4075,156.9837,555.3137,132.4624,565.3707,106.1752
631.5068,130.1234,621.8116,157.0612,555.4985,133.1945,565.1937,106.2567
630.3839,126.8737,621.9937,154.5678,554.2164,134.0340,562.6066,106.3399
629.7142,128.0498,620.4733,156.5170,552.1489,134.3379,561.3897,105.8708
627.7717,129.1232,618.8246,157.0982,551.0986,135.4375,560.0458,107.4626
627.3821,127.6295,618.9631,155.4642,551.1885,134.9644,559.6075,107.1298
627.1009,127.7734,617.7482,156.8537,549.8674,135.0222,559.2201,105.9418
626.4095,129.5140,616.5242,158.3722,549.3389,135.3580,559.2242,106.4998
625.1455,127.4770,616.8173,154.7905,549.2122,134.1768,557.5404,106.8632
624.9800,128.1730,616.0668,156.4860,548.4561,135.2016,557.3693,106.8885
625.0869,128.4613,617.1711,155.4546,548.7659,135.3947,556.6818,108.4013
623.6467,128.5260,614.7107,156.4662,547.7379,135.0467,556.6739,107.1064
623.4632,127.4188,614.9177,155.7760,547.9877,135.6066,556.5332,107.2494
622.8853,127.4949,614.9778,154.8321,549.0849,135.7722,556.9924,108.4349
624.2256,126.6208,616.1078,155.0515,548.6484,135.7897,556.7663,107.3590
622.9341,126.6705,614.4808,156.0298,547.9504,136.8739,556.4037,107.5146
623.8925,126.8834,615.5695,155.5631,549.2269,136.3102,557.5499,107.6304
624.2241,128.2972,615.8882,156.5200,549.2065,136.8247,557.5425,108.6020
623.6046,127.1735,614.8821,156.6939,548.4469,137.0643,557.1693,107.5438
624.3175,128.0125,615.1140,157.5487,547.7538,136.5592,556.9573,107.0230
624.7426,129.1109,613.8099,157.6507,550.0169,133.2134,560.9497,104.6736
626.0266,140.9318,605.0873,165.7085,557.2429,125.2741,578.1823,100.4974
608.1099,187.4518,586.5309,189.5892,578.5792,109.3084,600.1582,107.1710
583.0815,108.1239,603.1411,109.3288,598.3140,189.6892,578.2545,188.4842
584.4456,105.2120,609.5028,110.4867,594.3552,182.4440,569.2980,177.1692
586.1646,103.3050,610.6738,110.5418,591.0413,177.0322,566.5320,169.7953
585.6546,103.3818,612.1881,111.0264,593.4565,176.0420,566.9230,168.3974
586.4045,103.6185,612.0696,111.8664,591.8666,174.7326,566.2015,166.4847
585.3046,102.2679,611.6193,110.4956,591.7552,174.0272,565.4405,165.7995
584.8814,102.1332,611.4311,111.0152,590.5609,173.3995,564.0112,164.5175
584.2609,103.4582,610.5311,111.9419,590.5336,173.8654,564.2634,165.3817
585.0616,102.3167,611.1816,111.3447,589.8813,172.9712,563.7613,163.9432
583.0511,102.5069,608.3943,110.3011,588.7191,174.2755,563.3760,166.4812
580.9166,104.9188,603.5351,109.0046,590.8829,179.0455,568.2645,174.9597
597.6817,177.9290,578.7538,178.3286,577.2438,106.8045,596.1718,106.4049
617.0159,151.8649,589.9126,169.8742,555.1269,117.5230,582.2302,99.5137
616.7038,131.9391,603.7556,158.0027,543.3203,127.9789,556.2685,101.9153
618.5447,130.9621,605.2913,161.1380,541.5300,133.1337,554.7833,102.9578
617.1412,127.2426,607.6148,155.5274,540.8685,133.0472,550.3948,104.7624
615.8088,125.4951,607.1233,153.6378,540.7413,133.1506,549.4269,105.0079
614.0074,123.3687,606.1978,150.8098,540.2400,132.0383,548.0496,104.5973
613.2508,123.6101,605.3964,150.6117,540.9170,131.8555,548.7714,104.8539
612.8394,124.0850,604.9028,151.1480,540.4164,132.2365,548.3530,105.1736
612.4025,123.4439,604.9520,149.8839,540.6295,131.7584,548.0800,105.3184
614.5813,122.0140,607.5043,149.6006,541.2395,132.6013,548.3165,105.0147
613.9501,123.2047,606.9993,149.4907,541.4380,132.1541,548.3889,105.8681
612.9496,122.6068,606.0670,149.1890,541.0359,132.3512,547.9186,105.7690
614.4326,122.2578,607.5547,148.6377,542.0263,131.5527,548.9042,105.1728
612.9828,122.5699,606.2787,147.9190,542.0988,130.9454,548.8028,105.5963
612.5234,122.3111,605.9570,147.7206,541.4653,131.0545,548.0316,105.6450
613.1151,122.4344,605.9391,148.6602,541.1624,130.9360,548.3383,104.7101
613.4383,122.8830,606.1375,149.2276,540.8929,131.1466,548.1937,104.8021
612.5791,123.3810,604.3754,149.3633,541.6616,129.5619,549.8653,103.5797
603.8864,122.2383,592.4466,146.1483,547.9673,124.8671,559.4071,100.9571
604.2566,172.6383,582.0055,177.5164,566.9921,109.0336,589.2432,104.1555
573.2967,106.9531,596.2495,107.9086,593.3919,176.5511,570.4392,175.5956
579.4034,101.4641,608.2003,112.2597,586.5163,170.1006,557.7195,159.3049
592.1053,97.9638,614.1652,118.9363,577.1716,157.8478,555.1118,136.8753
589.7736,97.6307,614.0309,117.9408,580.6207,157.8440,556.3635,137.5338
597.2737,98.1010,614.4269,119.5872,573.9058,151.9366,556.7526,130.4505
600.7467,99.9422,614.9381,121.5099,571.1044,150.3521,556.9130,128.7844
595.8166,97.9625,614.2540,119.8469,574.1929,153.5981,555.7555,131.7138
597.1204,98.4303,614.4627,120.2340,575.0784,151.5597,557.7361,129.7560
599.1316,99.5210,614.6908,120.7790,574.1943,150.4195,558.6350,129.1615
600.5013,100.0142,614.2686,121.3323,571.0258,149.2587,557.2585,127.9406
597.9360,99.1471,613.9887,119.9391,574.0688,150.7597,558.0161,129.9677
597.6734,99.3160,613.5403,120.4909,574.1160,150.0327,558.2490,128.8578
600.2349,99.7405,614.3365,121.1810,569.9464,150.3770,555.8447,128.9366
599.1352,99.1530,614.1335,119.9399,571.5845,150.6402,556.5861,129.8533
601.0908,101.6921,612.4233,123.3337,570.7687,145.1458,559.4362,123.5042
601.5048,101.5901,612.3068,123.6853,571.0253,143.8672,560.2233,121.7719
601.7924,100.8150,612.8630,123.2094,570.8064,144.0000,559.7358,121.6056
602.0032,100.9174,613.3621,123.1160,572.1324,144.2129,560.7736,122.0143
600.6165,100.1088,613.8454,121.8276,570.7482,148.0780,557.5193,126.3592
600.8604,100.0204,613.7250,122.0895,570.6718,147.1861,557.8073,125.1170
599.4230,99.7108,613.9713,120.9152,573.9274,148.3891,559.3792,127.1847
599.0903,99.7890,613.8860,120.7546,574.3864,148.6299,559.5907,127.6642
596.4682,100.5771,612.6394,122.1022,576.5701,149.2000,560.3989,127.6749
588.7565,98.5236,610.8481,113.7865,584.3681,152.1137,562.2765,136.8508
576.8929,105.1142,594.2874,105.6007,592.4884,169.9223,575.0939,169.4358
611.0945,145.8605,585.9109,160.2108,559.2255,113.3803,584.4090,99.0300
613.6442,123.5563,604.0991,147.3431,548.5953,125.0707,558.1404,101.2839
612.9614,116.6203,607.2606,142.4608,544.8962,128.7023,550.5970,102.8619
615.4785,120.3296,608.0304,147.0061,544.6885,129.3210,552.1367,102.6445
608.5570,116.1688,603.3223,142.0114,544.8373,130.1646,550.0720,104.3220
613.6972,117.4745,609.2622,141.8953,544.5082,130.1356,548.9432,105.7147
605.7928,114.7484,600.7684,139.6628,545.2364,128.4641,550.2607,103.5497
611.1346,114.6362,606.4118,139.7538,546.3569,128.4618,551.0797,103.3442
611.0800,117.0579,604.8957,142.9022,544.5415,128.4602,550.7258,102.6158
613.3558,118.0119,606.7184,143.8803,545.1072,128.0719,551.7446,102.2034
614.1418,117.5976,607.7161,143.5619,544.2206,127.8479,550.6463,101.8836
614.0852,116.9529,607.3446,144.0241,544.3328,128.3345,551.0734,101.2633
612.5971,116.5991,606.5200,142.7777,544.2460,128.3216,550.3231,102.1429
612.1932,115.6694,607.3762,141.0563,544.3069,129.0895,549.1238,103.7027
612.3531,115.9679,607.3495,142.0708,544.0287,129.9329,549.0323,103.8301
612.2390,115.3914,607.1755,141.4884,544.6870,129.3641,549.7504,103.2672
611.5767,116.6357,606.1528,142.7670,543.7371,129.8115,549.1611,103.6803
611.7404,117.0710,606.2335,143.1807,543.2665,129.9001,548.7734,103.7904
610.9001,116.5311,605.3343,142.4308,542.5115,128.9304,548.0773,103.0307
610.5880,117.3480,604.9641,143.4985,541.4100,129.8307,547.0339,103.6802
610.1996,117.1890,604.7322,143.1156,541.0370,129.6835,546.5045,103.7568
610.0963,116.7591,604.6489,142.7655,540.8381,129.3994,546.2855,103.3929
609.9707,117.6244,604.1349,143.3055,540.3140,128.8029,546.1498,103.1218
605.3173,115.7780,598.6419,141.5213,545.3969,127.7147,552.0723,101.9714
612.9039,132.4182,594.6997,154.7845,552.8961,120.7600,571.1003,98.3937
601.9670,170.4257,582.4788,173.7122,570.9800,105.5262,590.4681,102.2397
593.3076,174.4092,576.3251,174.8013,574.6624,102.7905,591.6448,102.3984
575.2377,102.5511,591.8011,102.6538,591.3248,179.4844,574.7614,179.3817
574.6519,102.8933,591.6486,103.2226,590.2448,175.6808,573.2480,175.3515
574.7784,102.4323,591.7747,102.7886,590.1644,179.6037,573.1681,179.2474
574.8044,102.9336,592.6100,103.3436,590.8985,177.6781,573.0928,177.2681
574.9045,101.3534,592.2415,101.7943,590.3371,176.6813,573.0001,176.2404
574.7549,101.3916,592.0981,101.7526,590.5388,176.6476,573.1956,176.2865
574.5569,101.4362,591.9688,101.7018,590.8263,176.6043,573.4145,176.3387
575.6160,101.4239,593.0018,101.7191,591.7302,176.6195,574.3444,176.3243
575.6437,101.4191,593.1051,101.7257,591.7898,176.6254,574.3284,176.3187
575.4562,103.1909,592.4550,103.3935,591.5239,181.5069,574.5251,181.3043
575.5822,102.4734,593.0497,102.7458,591.8519,179.5685,574.3843,179.2961
575.2548,101.5390,593.2543,101.6624,592.7279,178.4926,574.7283,178.3692
576.1315,100.5720,593.1314,100.6313,592.8635,177.4628,575.8635,177.4035
576.1152,103.3013,593.1151,103.3519,592.8796,182.4117,575.8797,182.3611
575.0173,101.6361,592.7870,101.6439,592.7521,180.3967,574.9825,180.3889
577.3489,101.6764,593.8410,101.8146,593.1408,185.3664,576.6487,185.2282
576.3516,101.6113,593.3265,101.7596,592.6217,182.4302,575.6468,182.2818
576.6429,101.5130,593.3007,101.7863,592.0088,180.5285,575.3510,180.2552
577.0600,102.2990,595.2513,102.7801,593.0369,186.5169,574.8456,186.0359
578.8413,101.2047,598.6372,102.5828,592.5679,189.7682,572.7720,188.3901
579.8497,98.7573,613.3875,107.0498,596.4081,175.7211,562.8702,167.4287
589.6746,94.1622,621.1801,113.1175,585.7627,171.9849,554.2571,153.0296
600.0391,93.4040,624.8237,119.1431,577.1218,165.0762,552.3372,139.3372
602.2861,93.4891,627.3008,119.1711,579.4941,165.7357,554.4794,140.0537
610.2187,94.8720,629.8194,122.4782,576.8563,160.0826,557.2556,132.4764
608.4030,94.3324,629.6725,121.7812,576.9575,162.6287,555.6881,135.1799
609.4178,95.7731,630.4011,123.4413,578.7608,162.6047,557.7775,134.9365
607.7582,94.7858,630.0508,122.7111,580.2409,162.4740,557.9483,134.5488
611.3611,96.5063,630.4422,124.0410,578.1950,160.2475,559.1139,132.7128
612.7589,97.1138,630.0254,123.4957,576.4806,158.5400,559.2141,132.1582
611.9083,97.8434,630.7090,123.9520,579.6807,160.6972,560.8800,134.5886
613.7557,97.7025,630.6871,124.1331,577.0209,158.5116,560.0895,132.0810
614.8216,97.0959,632.9017,125.4531,579.2271,159.6751,561.1470,131.3179
616.2307,97.9415,633.1024,126.1045,579.0526,158.4844,562.1808,130.3214
618.1463,98.8044,633.6780,124.6409,578.9691,157.5293,563.4374,131.6928
618.2756,98.3854,635.4443,126.9765,581.0919,159.6148,563.9232,131.0238
615.2841,96.5309,635.3565,124.5062,585.1803,160.5079,565.1078,132.5325
619.5360,99.0992,634.5682,124.8422,578.5876,157.5311,563.5554,131.7881
619.0909,100.0444,634.3041,126.2041,580.8486,157.2911,565.6354,131.1314
619.4964,99.8229,635.1021,126.6314,581.3284,157.9341,565.7227,131.1256
619.3214,98.5651,635.6435,125.3763,581.0757,158.5960,564.7536,131.7848
619.8906,99.8417,635.5062,125.6276,581.0058,158.6324,565.3902,132.8464
618.2707,98.5630,634.9430,125.5474,582.9658,157.6616,566.2935,130.6771
599.7930,97.3755,626.8312,113.8895,595.8585,164.6008,568.8203,148.0868
591.0067,103.7693,610.6272,105.4568,604.3499,178.4433,584.7294,176.7558
617.4741,175.6353,589.0712,178.6575,581.2943,105.5701,609.6971,102.5479
633.9791,143.8088,606.1563,168.0392,563.6086,119.1837,591.4314,94.9532
633.8187,127.0834,619.0593,156.2123,559.6393,126.1047,574.3986,96.9759
632.6685,124.1441,622.2260,151.6824,557.1313,126.9987,567.5738,99.4604
632.9221,122.1221,623.7914,148.9024,558.1458,126.5206,567.2766,99.7403
632.3209,120.5856,623.5143,148.0965,557.5225,126.9718,566.3290,99.4609
633.3607,121.9119,623.6449,150.2370,556.7510,127.2917,566.4668,98.9666
634.0765,123.2861,625.1079,149.1778,557.4473,125.7408,566.4160,99.8491
633.9168,122.0188,623.9448,150.1374,556.9503,126.3785,566.9223,98.2599
633.3031,121.0466,623.8162,149.0602,558.3561,126.8919,567.8431,98.8783
635.0970,122.5005,626.2221,149.3900,558.4723,127.0291,567.3472,100.1396
633.8403,122.1146,625.0472,148.8802,558.5690,127.0408,567.3621,100.2752
634.1641,122.5021,625.2734,149.3038,558.4205,127.1273,567.3112,100.3256
634.5881,121.3183,626.0578,148.5817,557.7275,127.2020,566.2579,99.9387
634.3369,121.7887,625.7532,148.7189,558.0523,127.1399,566.6361,100.2097
632.9937,121.8339,624.9634,148.3786,557.8183,128.0660,565.8485,101.5214
634.3548,120.9395,625.6343,148.3620,559.7103,127.3978,568.4308,99.9753
633.9028,120.7855,625.5466,148.3226,558.8298,128.0773,567.1860,100.5402
634.4652,121.0746,625.7426,148.4416,559.9891,127.4842,568.7117,100.1172
634.6677,122.2239,626.3928,148.1833,560.9808,127.3323,569.2557,101.3729
634.8080,121.6643,626.5301,147.9362,560.3086,127.0706,568.5865,100.7987
634.5250,121.3903,625.4893,148.6923,561.0088,127.3524,570.0444,100.0504
635.4859,122.6050,626.2057,149.3370,562.1159,127.0879,571.3960,100.3559
636.4126,129.4253,620.6672,155.3597,567.4189,123.0314,583.1644,97.0969
622.5467,177.4415,599.8207,180.8006,588.7869,106.1517,611.5128,102.7926
595.8140,103.2846,620.2568,106.0820,612.0150,178.0966,587.5721,175.2992
611.0996,95.6213,636.0502,115.4824,599.5030,161.3948,574.5524,141.5338
624.9263,96.3122,640.4771,120.8702,591.1012,152.1363,575.5504,127.5783
628.3192,98.2933,641.5027,122.3980,589.0547,151.0834,575.8711,126.9786
629.0665,97.3064,641.9983,122.0405,589.0220,149.7382,576.0902,125.0041
627.8692,97.1276,642.4874,121.7232,591.0986,152.2657,576.4803,127.6700
629.5623,96.9052,642.6862,122.3323,589.5647,149.7504,576.4407,124.3233
628.4167,97.8751,642.3541,122.6904,591.5644,151.2161,577.6271,126.4008
629.3404,96.2322,643.3033,121.3710,591.0435,150.3978,577.0806,125.2590
631.8297,96.9558,645.0433,121.2375,591.6737,150.2801,578.4601,125.9983
630.8666,95.8164,644.4859,119.9935,591.5474,149.8145,577.9282,125.6374
634.0731,97.3839,645.7771,121.1204,590.6489,148.3031,578.9448,124.5667
635.0064,96.6861,647.3542,121.6565,592.2570,148.9019,579.9091,123.9315
633.4348,95.8599,646.8657,120.1145,593.7110,149.5485,580.2802,125.2939
633.6074,95.8318,647.6455,120.8550,593.8000,151.0625,579.7620,126.0393
634.2532,96.6660,648.1981,121.7112,595.1120,151.2688,581.1672,126.2237
635.8174,96.6202,649.8626,121.0443,595.4916,152.3107,581.4464,127.8866
636.8420,96.3139,651.2540,122.1194,596.4952,152.7015,582.0831,126.8960
638.5159,95.4083,652.7444,121.5561,596.7920,152.0030,582.5634,125.8552
641.8550,95.5553,655.0245,121.8552,598.0665,150.3766,584.8970,124.0767
646.0771,97.3136,657.1876,124.4110,596.4359,149.3202,585.3255,122.2228
647.1744,96.9296,658.3333,124.9640,596.4179,149.6090,585.2590,121.5746
648.2161,96.5095,659.5722,124.5000,597.8209,149.5533,586.4648,121.5628
650.0334,97.3235,661.4981,125.0485,599.0099,150.8884,587.5452,123.1633
649.9879,96.3077,662.1530,125.3447,600.6891,151.0951,588.5240,122.0582
651.4788,97.5235,662.5432,125.9618,600.4381,150.1248,589.3737,121.6865
651.3140,96.7273,663.0752,125.4075,601.4181,150.6918,589.6569,122.0116
651.8119,96.2747,663.6737,125.8646,601.8187,150.6607,589.9568,121.0708
651.8438,95.7036,664.6956,125.8985,602.4767,152.3804,589.6251,122.1855
651.8882,96.7298,664.3811,126.3025,602.9940,152.2353,590.5011,122.6627
652.9131,96.8393,665.7300,127.4538,603.3557,153.5671,590.5388,122.9526
653.1130,97.2914,665.3389,127.3350,603.6140,152.4532,591.3881,122.4096
653.0603,97.3417,665.2334,126.8992,603.6146,152.2766,591.4415,122.7192
653.7083,96.2179,666.4218,126.7332,604.9070,152.3617,592.1935,121.8464
653.7416,95.9898,666.6927,127.5542,604.1339,153.2225,591.1829,121.6582
653.6057,96.1571,667.0488,127.6395,604.8610,154.1940,591.4178,122.7115
653.2022,96.1233,666.6670,125.1298,605.3331,153.6010,591.8682,124.5946
643.5405,92.1078,661.0056,116.4898,611.7612,151.7642,594.2961,127.3823
619.3697,97.7435,643.5084,102.6658,630.3417,167.2345,606.2030,162.3122
644.3170,179.0079,619.6640,181.0459,612.9906,100.3213,637.6436,98.2833
660.8052,132.7002,637.2461,157.0522,592.6668,113.9243,616.2260,89.5723
662.0223,122.2212,647.2808,151.3958,588.0781,121.4814,602.8198,92.3068
662.2281,119.7947,650.7468,148.3931,586.1174,122.4463,597.5988,93.8479
661.7225,119.1271,650.4357,147.7702,585.9406,122.3558,597.2275,93.7127
663.1761,121.1652,652.1918,148.6360,586.8124,122.4937,597.7967,95.0230
663.2878,119.2056,652.5078,147.0559,587.7419,121.9869,598.5220,94.1365
663.3074,119.0313,652.8008,146.7794,588.0070,122.2455,598.5137,94.4974
661.7051,119.8692,651.5437,146.4770,587.7442,122.1121,597.9057,95.5043
661.7126,118.6426,651.2537,145.5918,587.9654,121.0296,598.4243,94.0804
661.6169,119.7217,651.1569,146.4351,588.1287,121.7554,598.5887,95.0419
661.8173,117.6117,651.6874,144.5946,588.3511,120.8171,598.4810,93.8343
660.8795,118.6826,651.2969,144.5945,588.7147,121.4507,598.2972,95.5388
661.8122,118.9184,652.4338,144.5187,588.3247,121.0330,597.7031,95.4327
660.5482,116.8337,651.6688,142.9108,588.7852,121.4987,597.6645,95.4216
660.6979,116.8025,651.8025,142.8147,588.9553,121.3227,597.8507,95.3105
660.0613,116.3023,651.1850,143.0709,588.1271,122.1612,597.0035,95.3927
659.8806,115.5780,651.6633,142.1799,588.0619,122.5337,596.2791,95.9317
659.2831,115.3512,651.2311,141.5896,588.5330,122.3489,596.5850,96.1105
660.0219,116.1397,651.9734,142.2617,588.5061,122.7066,596.5546,96.5846
660.2592,115.5707,652.4208,142.0418,588.4603,123.1026,596.2986,96.6314
659.4564,114.5910,651.8318,141.3443,587.8945,123.1225,595.5191,96.3692
659.3747,115.5333,651.7252,141.6885,588.7601,123.2736,596.4095,97.1183
657.8713,114.2997,650.4781,140.8156,587.8870,123.3638,595.2802,96.8479
656.6661,114.4667,648.9298,140.6615,588.5389,122.8258,596.2752,96.6310
656.5396,113.9550,648.1208,140.1964,589.2427,121.3072,597.6616,95.0657
660.8979,118.9992,650.2791,143.7539,590.7013,118.1971,601.3201,93.4425
658.3519,135.1143,636.3011,152.0699,602.2535,107.7912,624.3042,90.8355
638.8861,168.1299,620.1039,168.2062,619.8171,97.6468,638.5994,97.5705
627.4630,90.2797,655.2686,102.7446,629.1831,160.9340,601.3775,148.4691
654.8258,91.0333,667.0984,114.5949,612.3413,143.1165,600.0687,119.5550
654.6328,90.1434,667.3043,114.6953,610.6987,143.9100,598.0272,119.3581
655.2818,88.4415,668.8219,113.7177,610.9431,144.7224,597.4031,119.4461
655.2048,89.7289,668.3406,114.9003,610.1301,145.2775,596.9943,120.1060
654.6054,89.8163,667.7304,113.9905,610.0267,145.3198,596.9017,121.1456
654.0959,89.5355,667.3311,115.0653,609.0388,145.2852,595.8036,119.7554
654.8431,89.3204,668.0419,114.8677,607.9658,145.9053,594.7671,120.3579
654.8967,88.6115,667.2981,113.2289,607.7834,143.2104,595.3820,118.5929
656.0303,89.6337,668.2560,114.6308,608.3924,143.9093,596.1666,118.9122
653.9321,90.0037,666.0758,114.0360,608.9532,142.9004,596.8096,118.8680
653.0088,89.1946,665.5083,112.7602,611.9997,141.1418,599.5002,117.5762
626.0933,90.3232,649.9712,100.0060,627.1971,156.1671,603.3192,146.4843
641.3382,162.7303,619.4630,164.2416,614.6676,94.8270,636.5428,93.3158
662.7731,133.1195,639.6966,153.3185,600.5931,108.6445,623.6697,88.4455
662.0380,118.5771,650.4133,143.9120,590.1144,116.2444,601.7391,90.9095
661.5510,115.6177,651.4178,142.3656,587.3174,118.0817,597.4506,91.3338
661.2618,114.3412,652.4046,139.0776,589.8692,116.6859,598.7264,91.9495
651.9482,110.3311,643.4306,136.1974,588.3195,118.0496,596.8371,92.1833
658.9583,111.8152,650.7108,138.1750,588.2419,118.6297,596.4893,92.2700
656.8187,110.1414,648.4079,137.3475,587.6796,118.5734,596.0904,91.3673
656.8993,110.1908,649.3249,137.0263,587.7548,119.6479,595.3292,92.8124
658.2244,111.1057,650.3910,137.4650,588.0850,118.9489,595.9185,92.5896
659.7351,112.2015,651.6771,138.3518,587.6160,118.6119,595.6740,92.4617
658.8654,112.3005,650.6962,138.7410,587.6887,119.2738,595.8578,92.8334
657.8577,110.6879,649.3032,137.8988,588.3266,118.7292,596.8810,91.5183
659.0688,110.8202,650.4389,138.0657,588.0615,118.3081,596.6913,91.0625
659.1841,111.6125,650.5878,138.7513,587.9620,118.9143,596.5583,91.7756
659.4581,111.3777,650.9802,138.5648,588.6663,119.1332,597.1442,91.9461
660.3459,112.1478,652.0405,138.2889,589.3752,118.3792,597.6807,92.2381
662.2405,112.2742,653.0466,139.6304,588.5538,117.9555,597.7478,90.5993
662.9517,112.3229,653.1999,140.1242,589.3300,117.7206,599.0818,89.9193
662.9368,114.1211,652.4568,140.3197,590.4821,115.5285,600.9620,89.3300
664.6317,121.4643,649.9343,144.8495,597.8798,112.1339,612.5770,88.7487
651.8715,161.8924,632.4993,165.1731,620.7128,95.5746,640.0851,92.2940
628.8511,90.5917,654.9427,97.2841,639.8039,156.3055,613.7123,149.6131
649.2448,85.2113,671.3403,109.0669,628.0016,149.2080,605.9061,125.3524
655.1549,85.0166,675.2104,111.6623,622.2344,151.5361,602.1788,124.8904
653.1767,84.5281,675.3777,111.2290,621.5125,156.0163,599.3115,129.3153
659.8926,86.9535,676.0035,112.0128,620.0962,147.9565,603.9852,122.8972
666.0651,87.8778,679.0941,113.1590,618.9867,144.1360,605.9578,118.8547
667.1708,87.4915,679.8264,113.0265,619.2394,143.0545,606.5838,117.5195
667.1519,86.2820,680.7211,112.4540,620.6898,143.5781,607.1205,117.4061
668.8464,86.8236,682.1877,113.1327,621.0048,144.1587,607.6635,117.8496
668.3535,87.1024,681.7670,113.3704,621.5444,144.1226,608.1308,117.8547
669.4458,86.5350,683.2648,113.0919,622.4105,144.7577,608.5915,118.2007
670.6064,88.1978,683.2166,113.8664,622.5250,143.6824,609.9147,118.0138
670.6675,88.2614,683.5578,114.9283,622.6773,144.3567,609.7870,117.6897
672.8492,88.6685,684.3081,113.6083,622.8635,141.8399,611.4045,116.9001
672.1895,88.4019,684.4386,114.0867,624.2886,142.7722,612.0395,117.0874
673.0110,87.3430,685.3071,114.2739,624.6867,141.9517,612.3907,115.0208
673.7517,88.5050,685.4779,113.4154,626.4545,141.1998,614.7283,116.2895
674.4713,86.9725,687.3614,113.9671,627.2255,142.6823,614.3354,115.6877
674.8549,87.3877,687.2256,113.1391,628.0405,141.5709,615.6699,115.8195
668.1671,86.7860,682.3281,109.2593,630.8620,141.6893,616.7010,119.2159
644.6359,89.4283,670.0301,97.5674,651.3716,155.7827,625.9774,147.6436
664.6985,163.7883,642.8718,165.4815,637.2630,93.1787,659.0897,91.4855
684.4706,132.8370,657.4741,156.2964,615.9731,108.5379,642.9697,85.0786
684.2317,115.4995,672.8938,143.7003,609.4520,118.1941,620.7899,89.9933
685.6327,112.4828,677.2247,140.0108,608.3448,118.9726,616.7528,91.4446
683.7343,111.1466,676.3270,138.8907,608.0690,120.6667,615.4764,92.9226
682.6556,112.9407,674.7602,139.0709,609.6255,119.3899,617.5210,93.2598
683.9377,112.3358,675.7104,139.3442,610.6355,119.5212,618.8627,92.5128
685.9163,113.0815,676.9384,140.3884,611.8724,118.9963,620.8503,91.6894
688.0533,114.5177,678.7645,141.5722,611.9749,118.6408,621.2637,91.5863
687.1551,114.7678,677.7752,141.7597,612.6078,119.1135,621.9877,92.1217
686.8356,114.2554,677.8461,141.4643,613.1441,120.0876,622.1335,92.8787
687.5492,114.3261,678.9004,141.2788,612.2051,119.8769,620.8539,92.9243
687.6473,112.9389,678.8267,140.0712,613.1049,118.7052,621.9255,91.5729
687.0802,113.6933,678.6815,139.9793,613.7538,119.2340,622.1526,92.9480
688.3885,113.0325,678.7300,141.0998,615.0697,119.1929,624.7282,91.1257
689.5250,113.4456,680.5269,140.3932,615.9332,118.8250,624.9312,91.8773
689.6246,114.4527,680.4453,141.5366,615.8694,119.6503,625.0488,92.5664
690.2013,114.1302,680.8435,141.0358,616.0976,118.5173,625.4554,91.6116
690.6172,114.9374,680.9819,142.4371,615.6222,119.5363,625.2576,92.0366
690.5403,112.9973,681.1272,141.1907,616.3521,119.5638,625.7651,91.3704
690.8251,112.8773,682.6160,140.2450,616.9446,120.5466,625.1537,93.1790
691.5297,112.7884,683.0793,140.3583,617.6183,120.2939,626.0688,92.7240
693.0036,113.6878,684.6705,140.6586,618.6915,120.2732,627.0247,93.3024
693.3319,113.4227,685.0892,140.5449,618.3181,120.2524,626.5608,93.1302
691.6633,112.7168,684.1722,139.9492,618.1226,121.7804,625.6136,94.5480
692.5367,112.6052,684.3665,140.1321,618.2906,120.5203,626.4608,92.9934
692.1771,112.5013,684.1050,140.8469,618.1714,122.0707,626.2435,93.7251
693.9688,112.4442,685.6575,140.6684,617.6344,120.6375,625.9457,92.4132
692.2650,112.6318,683.8231,139.9722,619.0603,119.9753,627.5023,92.6349
696.1761,116.6867,684.4321,142.5933,623.6150,115.0238,635.3589,89.1172
690.9257,131.6223,669.6858,149.6468,633.7558,107.3070,654.9957,89.2826
672.2216,171.2409,654.8086,171.6686,652.9555,96.2314,670.3685,95.8036
656.6213,89.4355,689.6320,100.2114,670.1148,160.0002,637.1041,149.2244
683.2784,86.8435,699.2994,110.9587,649.8179,143.8320,633.7969,119.7168
685.4172,86.8699,700.4912,111.4769,646.5324,144.5314,631.4584,119.9244
685.2697,87.0287,700.7584,110.2712,647.5782,145.7104,632.0894,122.4679
687.9982,85.9742,702.5522,110.8411,646.0308,143.9219,631.4767,119.0551
693.6080,87.5681,705.5476,112.8577,645.2860,141.3082,633.3464,116.0185
696.4633,87.5213,707.2744,111.8486,645.4813,139.3092,634.6703,114.9820
695.7810,87.2065,707.1250,111.2488,645.9706,140.1037,634.6266,116.0614
696.6266,87.5876,707.2528,110.9741,646.9210,138.3871,636.2949,115.0007
696.9612,86.9095,708.3291,111.3445,647.0192,139.8675,635.6514,115.4324
697.2887,88.6997,708.2382,112.6958,647.6115,140.3598,636.6620,116.3637
697.7407,87.3119,709.3304,110.9960,648.5927,140.7177,637.0029,117.0336
698.3110,87.4566,709.8480,111.8534,649.6043,140.3418,638.0674,115.9450
699.3772,88.4008,710.3774,112.3616,649.8148,140.1654,638.8145,116.2047
699.1684,87.7429,710.7675,111.7549,650.7616,140.7409,639.1625,116.7289
699.8818,88.2977,711.7122,112.2641,651.2336,142.1178,639.4032,118.1514
701.4288,87.5900,713.2767,111.2712,652.8031,141.5268,640.9551,117.8455
702.0743,87.9730,714.1183,112.8388,652.3792,142.7426,640.3352,117.8769
702.2994,88.1784,714.6693,112.8817,654.2059,143.1579,641.8361,118.4545
703.9917,88.1446,715.9476,113.0791,654.9745,142.3152,643.0186,117.3806
702.5018,87.7537,715.8629,113.2945,655.0777,145.0927,641.7167,119.5518
702.8035,87.3238,716.6235,112.3284,656.5837,145.5124,642.7637,120.5078
700.8753,86.9781,714.4823,110.0734,658.1607,143.2563,644.5537,120.1610
687.1743,86.6288,705.9459,102.7124,672.1855,142.1149,653.4139,126.0312
681.9444,85.6194,705.3319,100.3598,675.6605,147.4374,652.2730,132.6970
690.8061,166.0663,671.1033,166.6245,669.0220,93.1539,688.7248,92.5958
715.7017,120.1547,700.6317,148.9991,641.8365,118.2811,656.9065,89.4367
714.2139,113.5831,703.8518,143.8326,638.2012,121.3438,648.5634,91.0943
715.2206,113.9877,706.3484,140.7480,639.7248,118.6593,648.5970,91.8990
714.6290,111.8159,706.2439,139.3347,640.7469,119.3776,649.1320,91.8588
710.7125,110.3040,703.2707,137.9260,640.4302,120.9958,647.8720,93.3739
713.0101,110.3756,705.5920,137.6274,641.6667,120.2266,649.0849,92.9748
711.2927,111.2152,704.7916,136.7447,641.4714,120.6201,647.9725,95.0906
712.8887,110.5341,706.1094,137.1049,642.5262,120.8824,649.3055,94.3115
713.3164,109.8482,705.7657,137.7187,642.0866,120.4668,649.6373,92.5962
713.4437,109.7587,706.8058,136.7040,641.8765,120.7088,648.5143,93.7635
711.3949,109.1295,704.8502,135.8709,642.7599,120.6749,649.3047,93.9335
711.1531,109.0819,704.7108,135.6200,642.8611,120.6056,649.3033,94.0676
712.9789,110.0631,706.6505,137.0621,643.5170,122.2639,649.8455,95.2649
713.9263,109.8745,706.5301,137.3580,644.0739,120.5502,651.4701,93.0666
713.7640,108.9529,707.8073,134.8983,644.5589,120.3773,650.5156,94.4319
714.6637,108.9115,708.2952,134.7861,645.7351,119.3882,652.1035,93.5137
715.0851,110.7581,708.5619,136.3456,645.0898,120.1639,651.6130,94.5765
715.3221,110.8862,708.3777,135.3072,647.6187,118.0298,654.5630,93.6088
714.3583,113.6967,704.1802,138.0375,650.6049,115.6350,660.7829,91.2942
712.1213,139.7593,689.6398,149.7536,667.1702,99.2100,689.6517,89.2157
682.8662,93.5326,705.3253,95.5766,699.1667,163.2484,676.7076,161.2045
687.7194,86.5379,717.5641,100.5208,690.1767,158.9760,660.3318,144.9931
704.7634,83.8981,726.1586,108.3838,676.2597,151.9847,654.8645,127.4990
700.8351,83.7424,723.7427,104.4035,678.0840,155.0268,655.1765,134.3657
712.6500,85.6431,729.1082,111.2020,673.8911,146.7580,657.4329,121.1991
715.2986,88.1781,728.7280,113.8485,672.0021,143.5245,658.5726,117.8541
713.5213,89.0795,727.6793,113.4811,672.1164,145.7193,657.9583,121.3176
720.9667,90.1584,731.8079,114.5531,672.1286,141.0751,661.2874,116.6804
720.3036,87.8760,732.3296,112.9934,672.2238,141.7715,660.1978,116.6541
724.0966,88.6424,734.3324,113.3828,671.8489,139.2339,661.6132,114.4936
723.7889,89.1337,733.7583,112.8180,671.4346,139.0518,661.4652,115.3675
723.6171,89.7694,733.6438,113.5699,671.3279,139.8225,661.3012,116.0220
725.1730,89.1707,735.0549,112.8206,672.6624,138.8906,662.7806,115.2407
726.2750,89.0497,736.5518,113.5593,674.1918,139.7068,663.9149,115.1972
726.6843,88.5597,737.4604,113.0451,674.6722,140.6784,663.8961,116.1929
726.8262,89.7498,737.3467,113.8634,675.7280,140.7471,665.2075,116.6334
726.2750,90.3991,737.1660,114.8302,675.4047,142.3622,664.5137,117.9311
727.2440,89.4517,737.8788,114.1107,675.7872,140.8893,665.1523,116.2303
727.9423,90.4316,738.1971,113.8707,677.1447,140.5818,666.8898,117.1428
727.9045,90.2617,738.5588,114.5666,677.5254,141.3213,666.8711,117.0164
727.9513,89.2954,739.1805,113.5985,677.7962,141.9610,666.5670,117.6580
727.5889,89.2498,738.6919,112.6994,678.4622,141.2173,667.3592,117.7678
711.7288,88.6934,729.6475,107.9778,688.8894,145.8495,670.9707,126.5652
691.6703,93.9201,711.0608,95.3626,705.5744,169.1096,686.1838,167.6671
726.0783,134.6311,703.2675,150.3561,672.7422,106.0757,695.5530,90.3507
732.9602,122.7357,715.8911,150.4114,662.5697,117.5252,679.6389,89.8495
735.0468,117.0143,723.4526,146.5675,660.4788,121.8621,672.0729,92.3088
733.2554,114.4058,725.6945,140.5321,660.5903,121.6912,668.1511,95.5649
733.1117,114.4259,725.7839,140.6667,661.4460,122.7003,668.7737,96.4594
733.3560,113.7932,724.8980,141.3158,661.6433,121.8769,670.1013,94.3544
733.9219,114.4858,725.9662,140.9118,662.6470,121.8491,670.6027,95.4232
734.2205,115.4000,725.8188,141.9860,663.3801,122.2539,671.7819,95.6679
732.6910,116.0358,723.9398,142.3930,663.2613,122.2461,672.0125,95.8890
733.9096,115.1719,726.2916,140.4854,663.1920,121.4956,670.8101,96.1821
733.2781,114.9822,725.1556,141.0070,663.4659,121.7532,671.5885,95.7283
733.9207,113.7934,725.9719,140.4228,663.9756,121.9171,671.9243,95.2878
733.8063,114.2454,726.7882,139.7593,663.2527,122.2828,670.2708,96.7688
733.3962,114.5499,726.1049,140.2189,663.3033,122.3798,670.5948,96.7108
732.1949,113.8391,724.1951,140.0057,663.7015,121.5114,671.7012,95.3447
731.7213,115.5660,723.5572,139.8296,664.2012,119.8578,672.3654,95.5942
734.4056,121.4698,720.4427,145.4972,668.7229,115.4414,682.6859,91.4141
724.6008,159.7238,703.4916,164.7128,688.3896,100.8132,709.4987,95.8242
697.0991,97.3149,718.8908,100.0647,710.0653,170.0034,688.2736,167.2536
711.0856,88.7051,735.1089,107.7031,699.3486,152.9226,675.3253,133.9245
719.0433,88.6823,741.2693,115.5655,690.9564,157.1622,668.7304,130.2790
717.6106,88.6145,740.0844,115.2910,687.8298,159.3129,665.3561,132.6364
724.6627,90.9046,740.6980,116.0124,685.2606,151.4180,669.2253,126.3102
721.9509,89.5655,742.0780,116.6483,686.0911,158.2560,665.9641,131.1732
724.9821,90.3208,741.4340,117.0525,684.6810,151.9809,668.2291,125.2493
728.1075,90.2458,742.4102,117.1624,682.6969,148.8923,668.3942,121.9757
727.8315,90.3298,742.2111,116.3845,683.9625,148.5321,669.5829,122.4775
729.0559,89.2950,743.6409,115.0474,684.8022,148.3711,670.2172,122.6187
730.4543,89.7010,744.5822,114.3802,685.0473,148.4618,670.9194,123.7825
726.2332,88.6495,741.6865,112.5788,685.4698,148.8830,670.0164,124.9537
727.9762,88.6077,742.5581,113.0310,685.0784,147.3491,670.4965,122.9258
723.2341,89.3695,738.8267,111.7035,688.5267,146.8208,672.9341,124.4867
701.9498,90.3327,728.6831,100.4725,706.8243,158.1030,680.0909,147.9633
697.5341,96.2710,717.8820,97.1133,714.6245,175.7988,694.2766,174.9564
736.0927,145.7012,705.5125,161.7762,676.5382,106.6568,707.1185,90.5819
739.6842,122.5525,721.4837,154.5001,665.5722,122.6473,683.7727,90.6998
739.1790,118.5028,727.0629,150.8564,663.1788,126.9325,675.2949,94.5789
742.1260,121.4768,725.2539,156.8998,663.5779,127.5232,680.4501,92.1003
740.1794,120.5344,727.9430,151.0324,663.9650,125.3631,676.2014,94.8651
740.1782,121.1109,728.2411,150.6740,663.9045,124.6957,675.8417,95.1327
740.9601,120.2310,727.5450,152.4349,663.1591,125.6137,676.5742,93.4099
741.4216,120.8735,728.3528,152.1593,663.4354,125.0417,676.5043,93.7560
740.2281,119.5377,728.4675,148.9748,664.0792,123.2505,675.8398,93.8134
741.0939,121.2650,728.1880,151.5243,663.9310,124.1179,676.8370,93.8586
740.7840,119.7356,728.2357,149.9751,664.3159,123.4508,676.8642,93.2113
740.8704,119.5593,728.1502,150.5105,663.7287,124.0348,676.4489,93.0836
740.2542,119.5963,727.3323,150.5496,663.4277,123.8717,676.3495,92.9184
741.3633,120.2304,727.7828,152.3172,663.2827,125.0180,676.8631,92.9312
739.5673,120.7067,727.1694,150.1295,663.2865,123.2112,675.6844,93.7883
739.9774,119.5294,727.1345,150.5941,663.9149,124.4577,676.7578,93.3929
739.4769,120.3957,726.5043,150.4718,663.6765,123.3727,676.6490,93.2965
739.7532,122.9749,724.3467,151.9270,665.4039,120.5614,680.8104,91.6093
737.3473,139.6909,710.8940,159.4009,673.7066,109.4907,700.1599,89.7807
715.2027,182.9853,697.3460,183.7023,693.9647,99.4901,711.8215,98.7732
692.3442,95.9227,724.6238,99.8379,716.3588,167.9785,684.0793,164.0633
709.1184,87.2308,735.4244,109.2684,696.5546,155.6668,670.2486,133.6292
725.7477,91.2270,739.7251,116.8297,683.7656,147.3800,669.7881,121.7773
727.5237,91.9743,740.8268,117.9751,682.2767,147.9320,668.9735,121.9312
728.1951,90.7929,740.8986,117.6607,681.5391,145.7265,668.8357,118.8587
727.3671,91.8825,740.0840,118.7130,681.6368,146.4154,668.9198,119.5849
726.7015,91.5317,739.2840,118.6292,680.6199,145.8695,668.0374,118.7719
725.0832,91.9782,738.4772,118.6816,681.8506,147.0845,668.4567,120.3812
725.8254,90.4344,739.8324,117.7780,683.1381,146.8202,669.1310,119.4765
726.2409,92.0252,738.9308,117.3385,681.8887,145.9346,669.1988,120.6214
726.0138,91.7008,739.2806,117.7199,682.4370,146.7037,669.1702,120.6846
726.6716,90.5453,739.1615,116.1255,681.9203,144.0742,669.4304,118.4941
727.9702,91.2155,740.7855,117.8542,683.3828,145.4695,670.5674,118.8308
728.2537,90.5095,741.2695,117.2319,683.5734,145.3343,670.5576,118.6120
728.8242,91.3512,740.8298,117.2004,683.9458,143.6202,671.9401,117.7710
728.8573,90.1634,741.8803,116.9293,685.4817,144.3701,672.4587,117.6042
730.6286,92.2670,741.9807,116.8934,684.3497,143.4595,672.9977,118.8331
732.7459,91.7757,743.8218,116.7615,684.6911,142.9734,673.6152,117.9875
732.7806,91.4930,744.1208,116.8325,685.0834,143.2538,673.7431,117.9142
731.9860,90.9247,743.7031,116.9563,684.7225,143.5042,673.0054,117.4725
731.5886,91.6221,743.6561,117.6601,685.8613,144.4455,673.7938,118.4075
734.1915,92.8962,745.0501,118.1919,685.6147,143.7055,674.7562,118.4098
733.9484,91.5299,746.3047,118.3550,686.3827,145.9565,674.0264,119.1313
733.8358,91.5309,747.3766,119.3755,690.4693,147.0498,676.9284,119.2051
736.7744,92.5342,748.7128,119.5560,689.5496,145.6945,677.6112,118.6727
734.6757,92.0513,749.1708,120.1199,692.5723,149.3483,678.0771,121.2797
737.3054,91.8902,750.3093,119.7567,692.5851,146.6938,679.5812,118.8272
739.6895,92.1383,753.4171,121.5327,693.9251,149.3164,680.1974,119.9220
746.4521,96.8229,757.2052,129.9452,692.8896,150.8252,682.1365,117.7029
750.7842,101.2060,758.7347,134.1161,691.1004,150.4555,683.1498,117.5453
753.1868,103.8064,760.6932,136.9987,692.8270,152.3465,685.3206,119.1541
754.3214,103.4727,763.2602,141.4109,694.5808,157.5929,685.6420,119.6547
755.8560,105.1787,764.8447,141.6046,696.3397,158.5095,687.3510,122.0835
756.4006,106.2906,765.6005,144.0547,697.9976,160.5237,688.7977,122.7596
759.5573,105.4678,768.9403,144.3372,700.3505,160.8948,690.9675,122.0254
760.3860,106.3055,769.9955,145.8305,701.4328,162.4998,691.8233,122.9748
762.7270,109.0005,771.9883,147.7726,703.3591,164.1658,694.0977,125.3936
764.8989,109.5869,774.1593,150.2327,705.4869,165.8784,696.2265,125.2326
767.7176,111.5577,776.4692,151.4455,707.5485,166.5670,698.7969,126.6792
767.6539,109.6846,779.1036,151.5348,709.8366,170.4854,698.3869,128.6352
770.9403,111.4243,782.2805,153.3051,713.2271,172.0028,701.8870,130.1221
773.3895,112.9307,784.3757,155.8197,715.0733,173.5719,704.0870,130.6830
776.1729,114.5058,786.7864,156.5945,717.3004,174.1168,706.6868,132.0281
778.3601,116.8011,788.5947,153.8179,721.0708,172.4872,710.8362,135.4704
780.6242,117.8456,793.2410,162.1478,726.3218,181.2056,713.7050,136.9033
781.4580,121.3550,791.7836,167.2485,727.7250,181.6611,717.3994,135.7676
764.3528,115.9769,790.7654,151.5320,737.9589,190.7601,711.5463,155.2050
765.0060,117.4707,792.2845,151.2344,741.5084,192.2577,714.2299,158.4940
775.4365,121.8347,795.9509,160.0249,739.4053,190.3994,718.8907,152.2092
779.8453,124.5682,797.6109,163.2189,739.7799,189.8006,722.0143,151.1499
778.6851,124.3714,799.7494,161.2022,743.9006,193.1432,722.8364,156.3123
783.5700,126.3154,802.5092,164.1986,744.4761,193.2115,725.5370,155.3283
787.7665,130.7970,802.8303,168.6592,743.6906,192.1883,728.6268,154.3261
786.1464,131.1186,803.6306,167.7434,746.3942,195.0674,728.9100,158.4426
787.7883,132.2896,806.4489,169.2595,749.4388,198.0352,730.7784,161.0652
785.3463,132.3507,807.4395,166.5903,753.9691,201.0923,731.8759,166.8526
790.4547,133.8105,808.8094,171.0382,752.3704,198.8649,734.0157,161.6372
792.6019,135.0959,810.2717,170.6041,754.2401,198.4870,736.5702,162.9787
788.3780,134.7879,810.2926,167.0208,759.0046,201.8906,737.0900,169.6577
789.0242,137.0590,811.0968,169.0523,761.6821,203.1442,739.6094,171.1510
783.7017,138.4286,809.1158,164.8844,765.7367,206.5556,740.3226,180.0999
787.3387,140.3091,810.0593,167.8873,763.3629,206.3586,740.6423,178.7805
789.9171,142.1142,810.3909,169.9419,761.5081,205.9067,741.0342,178.0790
790.5693,142.4766,810.4547,168.7393,759.6305,207.2222,739.7451,180.9595
789.2310,144.1916,808.1768,166.8244,759.1631,207.8533,740.2173,185.2206
789.0295,145.1976,806.2968,166.5506,757.2635,206.2018,739.9962,184.8487
788.3679,147.7598,803.3580,171.1258,752.4316,203.7966,737.4415,180.4306
783.8118,148.5583,799.9753,172.4057,748.3005,207.4303,732.1370,183.5828
780.1102,151.8541,794.2329,174.1278,740.4355,208.2383,726.3127,185.9646
786.9020,155.1841,795.2697,177.5429,734.6929,200.2135,726.3252,177.8547
796.7040,159.4848,800.6351,182.5316,739.5731,192.9469,735.6421,169.9000
808.9790,173.8314,806.4797,194.0145,735.1102,185.1766,737.6095,164.9935
797.3221,179.9720,793.5298,204.4844,725.1940,193.9124,728.9862,169.3999
782.6165,175.2035,784.8054,205.7717,721.6133,210.2967,719.4244,179.7284
765.4387,197.8643,756.5805,221.7936,712.8394,205.6014,721.6976,181.6721
765.4283,201.2616,760.5016,222.1116,705.1442,209.0312,710.0709,188.1813
755.5415,200.2123,752.6227,223.5598,697.0530,216.6129,699.9717,193.2654
752.9077,196.8405,756.2253,223.2845,692.7221,231.2516,689.4045,204.8076
751.7224,193.5587,757.8869,221.1596,694.5063,235.3154,688.3417,207.7145
753.7588,193.4787,758.7119,222.2888,694.6399,233.3042,689.6868,204.4941
754.5098,191.5288,759.0089,221.9310,695.2103,231.3721,690.7113,200.9699
759.5085,192.1438,762.2326,222.4059,695.1570,228.4438,692.4330,198.1817
762.6178,189.0183,766.6751,218.3663,699.0152,227.7202,694.9579,198.3722
763.9973,184.8072,767.4972,215.3991,707.1625,222.3019,703.6625,191.7099
752.6922,171.3373,768.1481,194.7706,718.3284,227.6302,702.8726,204.1970
766.7232,170.3013,785.8322,203.2310,744.6816,227.1107,725.5726,194.1810
782.6253,169.6628,798.7080,203.9995,746.8413,228.2929,730.7587,193.9562
770.2983,158.5959,804.9794,179.9112,770.1332,236.6076,735.4521,215.2923
763.6351,156.0759,798.6554,182.1475,761.9365,231.4696,726.9162,205.3979
764.0460,154.5460,795.1084,188.3199,749.3378,230.4158,718.2755,196.6419
751.5995,153.0138,790.3245,184.3217,750.0496,234.1381,711.3245,202.8302
736.2168,153.5428,779.6320,173.2259,754.4413,228.7894,711.0261,209.1064
733.7891,151.0446,777.7443,174.8076,750.3441,225.4905,706.3890,201.7276
716.8254,153.5351,769.3187,156.6231,765.7710,216.9310,713.2777,213.8429
762.5297,222.4683,717.1213,226.9437,710.1044,155.7486,755.5128,151.2732
714.6007,152.8792,756.2223,155.7447,750.8879,233.2269,709.2664,230.3614
718.3975,150.1640,756.4850,157.0238,743.0541,231.5959,704.9667,224.7362
726.2687,157.8606,763.4597,185.1607,731.4527,228.7637,694.2618,201.4636
740.0648,152.7970,759.9509,191.2670,712.3524,215.8719,692.4662,177.4019
726.3860,151.2767,755.1376,183.8172,718.0604,216.5773,689.3088,184.0368
725.3166,138.6083,764.0728,167.1306,726.3610,218.3736,687.6047,189.8512
724.6890,140.0841,769.4930,167.9779,734.8616,223.6041,690.0576,195.7104
721.7469,142.8458,766.4548,158.4660,744.8099,220.4175,700.1021,204.7973
722.9833,147.0770,768.3780,157.2124,755.0447,216.9302,709.6500,206.7948
764.6227,219.0998,722.6418,220.3628,720.7424,157.2282,762.7234,155.9652
733.7028,145.2847,762.3030,146.9594,757.1894,234.2895,728.5892,232.6148
737.1309,139.1313,765.7103,140.5220,761.6493,223.9781,733.0698,222.5874
738.2061,135.4489,767.3357,138.0582,760.3833,215.6732,731.2537,213.0639
2
0
0
0
0
1
762.1087,253.1061,741.5032,253.3219,740.8465,190.6054,761.4520,190.3896
754.4634,189.9974,765.1042,190.1779,764.2245,242.0320,753.5837,241.8515
755.0136,188.8343,766.1376,189.2161,764.3560,241.1255,753.2321,240.7438
752.4124,185.2378,766.1822,185.4161,765.3613,248.7972,751.5914,248.6189
766.0385,246.0461,752.6210,246.6025,750.0226,183.9363,763.4400,183.3800
767.7580,246.1997,753.5718,247.0460,749.7972,183.7721,763.9833,182.9258
767.3608,246.0320,752.5724,246.7007,749.6067,181.1077,764.3950,180.4391
766.3641,241.4933,751.0739,242.5378,746.6886,178.3406,761.9789,177.2961
764.8329,239.0989,749.8978,240.1282,745.4737,175.9336,760.4089,174.9043
760.2849,235.4878,745.6322,236.0491,743.1823,172.0961,757.8350,171.5347
756.4922,228.1328,741.4497,228.5052,740.0186,170.7029,755.0611,170.3305
752.9494,226.5814,737.5415,226.6243,737.3856,170.6245,752.7936,170.5816
735.7815,171.4146,752.8253,172.7776,749.0672,219.7707,732.0234,218.4077
727.2812,171.6120,741.9117,172.4768,739.3339,216.0902,724.7033,215.2254
723.2658,170.5264,741.0417,174.4137,732.8108,212.0524,715.0349,208.1651
720.9550,168.5674,735.4727,172.1993,726.0212,209.9789,711.5034,206.3470
719.0813,169.3765,731.6096,172.2542,723.1767,208.9682,710.6484,206.0906
716.8420,166.8535,732.0922,169.9332,724.6058,207.0047,709.3556,203.9250
715.0350,165.6697,727.6101,168.4191,719.3499,206.1988,706.7748,203.4494
713.0965,164.0969,726.7856,166.9064,718.7711,205.9573,705.0819,203.1478
710.5355,165.5609,722.2295,167.9634,714.7640,204.3010,703.0701,201.8985
706.9196,163.2094,720.7589,165.2983,714.9788,203.5915,701.1395,201.5026
706.1483,163.7846,718.8630,166.0042,712.3976,203.0399,699.6829,200.8203
704.4561,161.2162,717.1721,163.4719,710.3540,201.9076,697.6379,199.6519
701.2831,161.2635,713.6976,163.4021,707.2407,200.8848,694.8262,198.7462
698.2311,163.5991,711.6721,166.0610,705.0266,202.3420,691.5857,199.8801
697.5305,165.1101,710.4956,167.5817,703.4504,204.5388,690.4852,202.0672
695.7946,167.3834,707.4940,169.1433,701.8009,206.9887,690.1014,205.2287
693.4507,172.0024,704.5798,173.5480,699.4297,210.6295,688.3007,209.0839
691.4612,177.9353,703.3814,179.6037,698.0481,217.7099,686.1279,216.0415
687.9127,179.8869,706.3575,181.6948,702.4553,221.5063,684.0105,219.6984
684.9567,193.5166,702.7530,195.6365,698.6450,230.1236,680.8486,228.0037
679.9957,207.6460,700.0553,213.5655,692.9916,237.5024,672.9320,231.5829
677.0254,229.3647,694.1602,238.0779,682.0347,261.9230,664.8999,253.2098
682.0941,253.8521,689.9057,276.1117,666.4601,284.3396,658.6484,262.0800
664.3670,265.5760,686.0358,277.7687,670.6572,305.0996,648.9883,292.9070
674.0940,271.7978,696.8947,288.5217,677.7240,314.6583,654.9233,297.9344
689.3816,304.5661,670.2856,309.2532,662.5043,277.5513,681.6003,272.8641
666.4919,273.7398,690.5715,282.6933,678.9398,313.9757,654.8603,305.0223
