1
574.1955,194.6635,575.6028,224.4757,509.0369,227.6180,507.6296,197.8057
567.6109,194.9223,568.5692,225.8519,500.0021,227.9764,499.0438,197.0468
542.8394,192.3752,546.1983,226.5887,495.5406,231.5620,492.1818,197.3485
534.8662,198.7578,533.4937,231.2932,479.6416,229.0214,481.0141,196.4861
531.4074,200.7976,529.7375,230.1425,473.9677,226.9688,475.6376,197.6239
518.2883,196.8763,515.2708,230.5251,460.8999,225.6495,463.9173,192.0007
485.4090,188.1653,490.3897,222.0523,444.7616,228.7588,439.7809,194.8718
468.9532,180.3423,487.7601,213.2585,449.6350,235.0415,430.8281,202.1253
477.5862,209.3394,449.8762,233.3976,421.0278,200.1702,448.7378,176.1120
464.0066,212.4880,441.0563,230.8631,409.9428,192.0028,432.8931,173.6277
457.4671,213.9042,433.5872,232.9854,400.5555,191.6465,424.4353,172.5653
447.9768,211.8689,429.5699,229.9131,388.2362,187.7487,406.6431,169.7045
436.4236,204.4280,420.0793,225.6492,373.8480,190.0425,390.1922,168.8213
427.9216,209.2253,412.5020,225.0138,367.3879,180.9541,382.8074,165.1655
415.4302,202.2896,401.7360,219.7968,355.7730,183.8443,369.4672,166.3371
408.2779,201.1104,389.6823,226.3151,342.3662,191.4061,360.9619,166.2014
404.8682,199.5539,385.8015,230.6156,337.6986,201.0885,356.7654,170.0268
387.3028,171.7738,380.7015,210.5874,327.6805,201.5697,334.2817,162.7561
373.6696,174.2239,365.4730,210.2242,314.0815,198.5232,322.2781,162.5229
369.0993,171.8134,363.1607,204.4722,308.2020,194.4787,314.1405,161.8199
329.2704,160.6986,338.7539,202.3161,289.2672,213.5928,279.7838,171.9753
295.7292,153.5485,333.9083,159.1937,326.3712,210.1678,288.1920,204.5225
340.0465,208.0559,294.6668,212.1464,290.2019,162.6125,335.5816,158.5221
277.0121,150.1117,316.0977,164.4653,300.6594,206.5044,261.5738,192.1508
300.9289,150.6021,313.9559,190.6964,265.4174,206.4670,252.3904,166.3727
252.8690,158.2354,298.9016,159.8224,297.1865,209.5708,251.1539,207.9837
286.3311,152.0696,295.5974,181.0204,242.3960,198.0484,233.1298,169.0976
255.6387,145.9985,289.1074,175.9435,257.7286,211.0146,224.2600,181.0696
281.6405,164.5854,270.1650,210.4982,221.4232,198.3155,232.8987,152.4027
262.7535,157.6812,284.7452,195.6546,244.4669,218.9812,222.4751,181.0079
241.3593,156.1748,284.2480,167.5990,271.1200,216.8839,228.2313,205.4597
255.3868,152.4325,261.3839,187.6620,202.8147,197.6322,196.8176,162.4027
236.1214,141.7006,247.5573,176.5455,194.5419,193.9449,183.1059,159.1001
189.3402,124.8615,227.3882,147.0785,201.2286,191.8784,163.1807,169.6614
206.7527,138.9424,223.5264,170.1014,178.1313,194.5386,161.3577,163.3796
206.4538,146.7500,211.8167,178.6622,159.7252,187.4162,154.3623,155.5040
210.5473,160.3059,205.4073,201.4092,148.9223,194.3457,154.0622,153.2425
176.1402,144.2823,217.1312,148.2243,212.1028,200.5125,171.1118,196.5705
192.9167,152.4774,224.0692,183.0230,187.4438,220.3760,156.2913,189.8304
215.1852,176.3018,220.9631,211.8134,165.8282,220.7841,160.0502,185.2726
214.4996,161.7250,222.8061,208.6058,168.0514,218.3075,159.7449,171.4267
225.0262,172.8266,223.5950,217.7825,166.7809,215.9737,168.2121,171.0178
231.4423,179.7150,225.8031,227.1212,167.9150,220.2350,173.5542,172.8289
234.6255,162.9613,232.6017,207.7942,173.4681,205.1249,175.4919,160.2920
244.7224,176.1980,236.4292,214.5446,178.9541,202.1144,187.2473,163.7678
248.0936,177.6100,241.3516,214.8257,183.7152,204.3842,190.4572,167.1685
2
0
0
0
0
1
200.8509,190.2696,179.9701,217.9644,150.4632,195.7173,171.3441,168.0225
166.7396,170.9967,199.7390,180.3996,189.3511,216.8559,156.3517,207.4530
202.1434,198.8593,176.0134,217.6327,155.8771,189.6056,182.0071,170.8322
204.0929,196.8876,179.0559,217.5343,155.8485,189.3920,180.8855,168.7453
205.6432,182.3731,195.5622,212.9863,160.9026,201.5729,170.9835,170.9597
208.3044,179.9785,198.2565,211.9332,164.9923,201.4736,175.0401,169.5189
208.4229,181.4213,198.4847,210.1942,164.7811,198.5529,174.7193,169.7800
205.4576,172.5876,204.6102,203.0877,167.2575,202.0498,168.1050,171.5497
217.7619,180.7748,213.6580,208.3083,171.9784,202.0958,176.0824,174.5624
220.1901,186.1624,209.9610,215.0471,172.7459,201.8678,182.9750,172.9832
214.3649,179.7241,215.7420,210.6270,177.5598,212.3284,176.1828,181.4254
207.5863,174.4701,222.0962,201.6526,190.7238,218.3990,176.2139,191.2165
205.0793,172.5071,224.2723,197.6307,195.2260,219.8204,176.0330,194.6969
193.7135,173.9829,222.5915,178.7700,216.1761,217.4710,187.2982,212.6840
221.3950,214.1618,192.3774,215.6232,190.4537,177.4270,219.4712,175.9655
224.9034,214.9335,192.7180,219.0915,187.9607,182.2668,220.1461,178.1088
230.6316,216.7279,201.6321,223.3684,192.6947,184.3383,221.6943,177.6978
235.1997,221.2648,207.7574,229.4152,196.0633,190.0416,223.5055,181.8911
238.6644,221.2034,212.4741,232.6856,196.4895,196.2254,222.6798,184.7432
246.2993,216.5396,225.3429,240.2258,196.8899,215.0519,217.8463,191.3657
249.4772,225.8840,225.3873,242.3858,205.1704,212.8723,229.2603,196.3706
248.6242,235.7188,219.0044,240.2598,213.6339,205.2301,243.2537,200.6890
255.3136,225.7890,229.2544,245.1141,206.5380,214.4819,232.5972,195.1568
257.9974,214.8329,249.3569,245.3552,211.8626,234.7411,220.5032,204.2187
260.0668,204.3513,252.0003,234.6427,216.0144,225.0597,224.0809,194.7683
262.7965,206.3784,257.9941,236.9706,220.0351,231.0117,224.8374,200.4196
265.2130,210.9617,261.0083,243.3581,222.1343,238.3127,226.3390,205.9163
269.4691,222.3329,252.9397,254.1816,219.0164,236.5754,235.5457,204.7268
271.1623,219.9896,270.4647,250.1190,226.3765,249.0982,227.0741,218.9688
273.4783,222.8280,271.1944,253.0161,226.2429,249.6153,228.5267,219.4273
275.4638,224.9831,277.0527,256.2064,233.9884,258.3979,232.3995,227.1746
284.0915,228.7515,285.3274,258.3721,242.2448,260.1696,241.0090,230.5490
286.8585,234.1829,289.2120,258.6206,246.1166,262.7710,243.7631,238.3332
286.5116,234.7684,288.3639,260.2323,243.4027,263.5028,241.5504,238.0388
289.4380,232.5095,293.0786,261.0825,252.2487,266.2847,248.6081,237.7117
274.6602,222.1142,272.7406,248.8885,236.7484,246.3081,238.6679,219.5338
275.5999,227.5766,269.2257,253.9732,233.5448,245.3571,239.9190,218.9604
258.7560,212.8958,266.3211,240.8129,231.7792,250.1733,224.2141,222.2561
258.2946,211.4853,253.9626,240.5922,216.9129,235.0781,221.2449,205.9713
259.3255,217.1588,255.8326,243.3284,220.2842,238.5838,223.7771,212.4141
265.9143,227.8858,249.3273,251.1364,222.5103,232.0050,239.0974,208.7545
268.3302,229.5713,253.3445,251.8416,223.1072,231.4948,238.0930,209.2245
267.6712,242.6284,239.4343,252.5584,226.9329,217.0092,255.1698,207.0793
273.6076,247.0955,244.2742,253.8120,235.2217,214.2769,264.5551,207.5603
259.1946,245.5703,228.2757,253.5365,220.0292,221.5298,250.9482,213.5636
256.6422,250.7375,227.2057,253.6119,223.5402,216.0730,252.9767,213.1987
2
0
0
0
0
1
303.8441,253.8607,316.6152,289.5494,272.8379,305.2151,260.0667,269.5264
307.0924,261.6679,315.1954,296.1424,271.1256,306.5007,263.0226,272.0263
314.4049,275.9519,314.1516,305.4163,268.5027,305.0239,268.7560,275.5595
314.5583,276.0181,315.3035,305.4131,269.5424,306.5733,268.7971,277.1782
323.2608,281.6223,316.5222,311.2333,267.7685,300.1383,274.5071,270.5273
325.6134,290.7189,313.1251,318.1248,268.5403,297.8084,281.0286,270.4026
328.3508,293.0107,314.6039,320.6446,267.9930,297.4574,281.7399,269.8235
327.6442,303.9218,313.3480,327.8027,268.7881,301.1270,283.0843,277.2461
332.7604,305.7130,322.1525,330.6973,278.7465,312.2679,289.3544,287.2835
339.6293,302.2483,338.1989,329.1323,289.4101,326.5365,290.8404,299.6525
336.1152,307.4794,325.2965,334.3868,286.0081,318.5900,296.8268,291.6826
330.8780,308.7263,318.7495,338.1340,278.7635,321.6427,290.8920,292.2350
328.8377,308.5373,321.7568,331.3325,274.5790,316.6776,281.6599,293.8824
325.9284,307.7606,318.7260,330.2408,273.9026,315.8800,281.1049,293.3998
322.8857,307.9110,317.0405,330.8586,269.0056,318.6232,274.8508,295.6757
321.5299,308.2820,315.2021,331.9540,268.8295,319.5580,275.1574,295.8859
320.2355,307.8210,316.6051,331.0364,267.2640,323.3205,270.8944,300.1050
316.7135,308.3951,312.1310,332.7995,262.1041,323.4059,266.6866,299.0015
315.7340,310.7744,310.8177,335.0464,260.9296,324.9415,265.8459,300.6695
307.1975,308.1105,302.8777,334.5789,259.2193,327.4535,263.5392,300.9851
303.2257,300.8447,303.1994,333.2485,262.7282,333.2157,262.7544,300.8120
300.7729,300.5251,304.2360,330.5896,262.1606,335.4362,258.6974,305.3718
306.3881,314.3514,291.3682,343.7642,257.7257,326.5844,272.7456,297.1716
301.2044,308.9015,296.4246,342.4913,258.6909,337.1218,263.4707,303.5320
297.4615,303.1913,305.2407,336.0616,265.1872,345.5409,257.4079,312.6706
302.4156,309.7107,305.6778,338.9398,257.9541,344.2661,254.6919,315.0371
301.1724,313.9677,303.0583,340.7646,252.5290,344.3209,250.6430,317.5239
302.4644,316.4510,302.5632,342.6638,248.7812,342.8666,248.6824,316.6537
309.7061,315.3091,311.2346,339.9042,254.5041,343.4299,252.9755,318.8348
317.1306,318.3102,318.4423,340.7274,251.7317,344.6307,250.4201,322.2134
307.0628,321.9335,309.0500,346.7980,251.6091,351.3886,249.6220,326.5241
314.9633,348.3802,315.5229,372.3465,257.7187,373.6964,257.1590,349.7300
320.7568,353.8083,321.1684,376.4111,264.9275,377.4352,264.5159,354.8324
318.3933,358.2394,318.5403,381.8476,265.8346,382.1758,265.6876,358.5676
292.2130,339.1822,294.7196,366.4552,249.7319,370.5898,247.2254,343.3168
294.1049,348.1370,295.7891,371.1468,245.1003,374.8568,243.4162,351.8471
288.0775,350.1446,289.5569,376.7136,240.6906,379.4345,239.2112,352.8655
215.5424,332.0713,252.8661,344.1872,239.8036,384.4271,202.4799,372.3112
216.6574,332.2767,249.5750,338.6101,240.6717,384.8851,207.7540,378.5517
224.7128,334.4216,254.2839,345.5011,240.1077,383.3373,210.5367,372.2578
231.2006,332.4641,254.9649,346.3850,233.4645,383.0883,209.7001,369.1673
240.6046,323.8356,266.7310,347.5174,238.3284,378.8520,212.2020,355.1701
237.0975,326.4048,260.6514,340.8373,239.2256,375.8043,215.6717,361.3717
283.7827,357.1757,281.1968,382.2004,230.5067,376.9625,233.0926,351.9378
274.3659,372.7499,246.1527,383.5529,232.8879,348.9103,261.1011,338.1073
279.3918,350.3115,270.8816,384.7642,233.7768,375.5990,242.2869,341.1462
278.4573,353.0698,275.8019,377.7557,235.8524,373.4585,238.5077,348.7726
268.3340,329.5138,283.0725,359.4520,248.6110,376.4174,233.8724,346.4792
267.2060,321.7300,285.9388,346.7674,256.3531,368.9032,237.6203,343.8658
280.2274,329.0623,282.2641,362.8051,246.8184,364.9445,244.7817,331.2018
279.2143,327.3926,281.5453,357.7679,247.4875,360.3814,245.1565,330.0062
273.7242,321.7484,290.8339,344.2732,262.4873,365.8052,245.3775,343.2804
281.7958,322.5097,295.9333,345.1953,263.9120,365.1507,249.7745,342.4651
