1
356.7838,213.2973,333.4324,209.4054,341.2972,162.2162,364.6486,166.1081
352.2394,214.6579,329.0113,207.1649,344.6475,158.6927,367.8755,166.1857
340.1873,214.3091,336.2054,165.1996,366.3317,162.7569,370.3135,211.8665
351.3703,220.3275,328.4937,213.1033,344.9975,160.8413,367.8741,168.0655
356.9636,214.4339,330.4640,206.7785,347.8072,146.7443,374.3068,154.3997
356.7374,209.9974,328.7162,204.0982,340.5040,148.1061,368.5252,154.0053
357.8975,211.6320,327.7445,206.7423,336.9858,149.7545,367.1388,154.6441
354.9389,220.4585,322.5153,216.1354,331.3974,149.5197,363.8210,153.8428
348.2386,221.8716,316.2202,212.2661,334.6606,150.7982,366.6790,160.4037
357.3262,228.1292,327.6954,226.4831,331.3138,161.3508,360.9446,162.9969
343.3891,227.7104,316.7828,218.2082,337.8462,159.2308,364.4525,168.7331
343.6000,231.2000,317.8000,222.6000,338.3000,161.1000,364.1000,169.7000
330.3484,226.2841,328.8662,165.5154,358.6777,164.7883,360.1599,225.5570
332.4591,226.8531,323.7434,160.0334,357.4312,155.6394,366.1468,222.4591
329.1806,224.1417,327.2195,157.4641,357.2818,156.5799,359.2429,223.2576
347.8891,225.8083,323.7555,222.4958,333.5475,151.1536,357.6811,154.4660
350.8020,225.6826,321.5597,222.2423,329.2116,157.2014,358.4539,160.6416
350.6539,226.7308,318.7308,220.3462,330.7692,160.1539,362.6923,166.5385
352.1729,223.3054,322.6237,221.1432,326.9338,162.2391,356.4829,164.4012
349.8363,226.8765,318.6060,222.8726,326.7432,159.4030,357.9734,163.4069
327.0000,229.0000,327.0000,162.0000,355.0000,162.0000,355.0000,229.0000
327.0000,228.0000,327.0000,161.0000,358.0000,161.0000,358.0000,228.0000
359.5499,226.9532,328.5822,225.9543,330.7609,158.4117,361.7287,159.4106
358.3733,224.5491,329.4102,223.5147,331.7376,158.3478,360.7007,159.3822
339.4118,223.6471,324.3530,163.4118,353.5294,156.1177,368.5883,216.3530
328.0000,216.0000,328.0000,159.0000,355.0000,159.0000,355.0000,216.0000
350.2739,212.0794,327.0312,209.6955,332.6187,155.2173,355.8614,157.6012
350.6254,220.1653,319.0323,210.0104,338.3433,149.9318,369.9364,160.0867
352.8210,209.8428,321.1179,205.6158,327.9301,154.5240,359.6332,158.7511
355.5463,207.3418,325.5543,206.1422,327.5224,156.9409,357.5144,158.1405
350.1849,215.7977,319.9769,211.1503,329.1214,151.7110,359.3295,156.3584
345.2990,221.8434,316.4875,212.8399,336.9858,147.2455,365.7972,156.2491
346.1740,218.4230,320.1324,209.5451,341.1227,147.9736,367.1643,156.8515
354.0973,219.7819,325.6880,214.7685,337.3356,148.7651,365.7450,153.7786
347.0461,218.3022,322.2284,211.1326,340.4011,148.2270,365.2188,155.3965
339.1379,210.6938,326.0242,156.6002,355.9332,149.3495,369.0468,203.4432
335.2875,205.1885,333.1789,152.4728,359.2571,151.4297,361.3658,204.1454
355.4141,205.8355,331.6459,203.7982,336.2018,150.6459,359.9700,152.6832
356.4615,210.6923,326.2692,204.6539,337.6538,147.7308,367.8461,153.7693
358.7639,207.4339,325.4772,203.8354,331.3690,149.3372,364.6556,152.9357
357.5281,206.9551,329.0247,204.2405,334.2337,149.5461,362.7371,152.2607
333.0000,211.0000,333.0000,151.0000,360.0000,151.0000,360.0000,211.0000
345.4379,214.6509,318.5799,203.5917,342.7278,144.9467,369.5858,156.0059
347.3014,215.8630,321.1096,206.0411,343.5479,146.2055,369.7397,156.0274
350.5518,215.6805,323.7883,208.5436,340.1701,147.1120,366.9336,154.2490
334.0000,213.0000,334.0000,150.0000,360.0000,150.0000,360.0000,213.0000
341.5790,210.7852,324.2650,157.4005,354.0020,147.7561,371.3159,201.1408
333.0000,211.0000,333.0000,151.0000,358.0000,151.0000,358.0000,211.0000
356.2281,209.8843,330.7792,206.8547,337.4589,150.7451,362.9077,153.7747
356.5362,210.1356,328.1167,204.3060,339.9274,146.7287,368.3470,152.5583
357.5970,207.5071,331.6142,205.6059,335.6616,150.2923,361.6444,152.1935
357.3353,213.6412,326.9765,211.3059,331.7824,148.8294,362.1412,151.1647
337.0000,218.0000,337.0000,151.0000,363.0000,151.0000,363.0000,218.0000
350.4071,216.7205,326.2195,209.0244,346.1951,146.2439,370.3827,153.9400
355.4421,216.3434,330.6567,210.4421,345.4099,148.4785,370.1953,154.3798
352.6604,211.1887,329.8113,204.6604,345.6227,149.3208,368.4717,155.8490
354.2692,213.6538,333.3077,209.4615,345.1923,150.0385,366.1538,154.2308
339.2763,208.4203,335.7432,151.8911,361.3307,150.2918,364.8638,206.8210
337.0000,204.0000,337.0000,150.0000,362.0000,150.0000,362.0000,204.0000
361.0689,205.7040,334.3073,201.9872,341.9379,147.0470,368.6994,150.7639
334.0000,205.0000,334.0000,149.0000,361.0000,149.0000,361.0000,205.0000
358.0485,207.8354,332.2599,206.7608,334.6239,150.0260,360.4125,151.1005
353.3168,211.8317,327.8713,209.2871,334.0099,147.9010,359.4554,150.4456
333.0000,212.0000,333.0000,148.0000,359.0000,148.0000,359.0000,212.0000
345.4151,219.5472,319.5283,212.1510,338.8113,144.6604,364.6981,152.0566
331.0000,204.0000,331.0000,148.0000,357.0000,148.0000,357.0000,204.0000
349.8529,211.9118,325.0764,210.0059,329.9176,147.0706,354.6941,148.9765
329.7804,208.5723,320.7630,149.9595,346.9885,145.9249,356.0058,204.5376
325.0000,203.0000,325.0000,148.0000,348.0000,148.0000,348.0000,203.0000
323.0000,201.0000,323.0000,147.0000,350.0000,147.0000,350.0000,201.0000
348.6640,205.8480,321.1200,200.8400,331.2000,145.4000,358.7440,150.4080
322.0000,205.0000,322.0000,147.0000,349.0000,147.0000,349.0000,205.0000
344.4177,208.3751,320.6971,206.5024,325.3593,147.4494,349.0798,149.3221
345.1730,217.2379,318.7784,213.0703,329.5216,145.0297,355.9162,149.1973
343.7440,219.4080,318.5760,214.8320,331.2320,145.2240,356.4001,149.8000
349.8782,215.7056,323.9391,213.8528,328.8376,145.2741,354.7767,147.1269
341.3529,213.5883,315.4706,207.1177,331.4706,143.1177,357.3529,149.5883
344.0572,207.8355,317.4259,204.1622,325.7013,144.1657,352.3326,147.8390
324.7585,203.5498,323.0946,145.3116,346.5326,144.6419,348.1965,202.8801
325.0000,201.0000,325.0000,145.0000,350.0000,145.0000,350.0000,201.0000
349.6417,207.5461,321.2697,204.2082,328.1502,145.7235,356.5222,149.0614
349.7385,209.0923,319.8308,205.3539,327.4461,144.4308,357.3539,148.1693
348.9890,209.2099,321.0138,207.7376,324.2652,145.9613,352.2404,147.4337
341.8564,209.6916,317.5923,206.4990,325.9279,143.1484,350.1920,146.3410
324.0000,214.0000,324.0000,146.0000,350.0000,146.0000,350.0000,214.0000
349.6195,212.7080,323.8009,210.9867,328.1815,145.2788,354.0001,147.0000
326.0000,208.0000,326.0000,145.0000,353.0000,145.0000,353.0000,208.0000
328.5580,210.6022,325.1409,145.6768,350.9116,144.3205,354.3287,209.2459
328.5841,209.8416,322.4356,148.3564,349.3664,145.6634,355.5149,207.1485
328.9532,208.5014,327.0410,147.3112,351.4547,146.5483,353.3668,207.7385
329.0000,206.0000,329.0000,147.0000,357.0000,147.0000,357.0000,206.0000
356.2253,210.0853,327.2150,206.6723,334.5120,144.6485,363.5222,148.0614
356.4989,210.2702,329.7393,208.8237,333.2352,144.1478,359.9949,145.5943
353.6400,211.5200,327.3200,207.7600,336.5800,142.9400,362.9000,146.7000
354.3886,215.5852,328.5153,212.1354,337.7380,142.9651,363.6114,146.4149
335.0000,216.0000,335.0000,146.0000,362.0000,146.0000,362.0000,216.0000
338.1209,210.4418,336.6713,145.2073,362.5030,144.6333,363.9526,209.8677
343.6696,213.4960,333.7617,146.9717,360.0301,143.0593,369.9380,209.5837
340.0620,210.9292,335.6593,144.8894,359.0885,143.3275,363.4912,209.3673
336.0000,205.0000,336.0000,145.0000,362.0000,145.0000,362.0000,205.0000
358.7805,206.9756,335.2928,204.3659,342.1342,142.7927,365.6220,145.4024
361.8259,208.3066,335.7928,206.9365,339.0967,144.1630,365.1298,145.5332
339.0000,213.0000,339.0000,144.0000,362.0000,144.0000,362.0000,213.0000
361.9969,209.0554,337.6831,207.7046,341.3200,142.2400,365.6339,143.5907
361.5994,208.4108,336.2141,207.0386,339.6897,142.7400,365.0750,144.1122
346.5860,217.7854,337.7029,145.2404,373.0304,140.9146,381.9134,213.4596
343.0000,219.0000,343.0000,142.0000,375.0000,142.0000,375.0000,219.0000
374.1271,208.5856,343.7900,206.9890,347.2209,141.8011,377.5580,143.3978
366.2107,214.3275,335.9127,209.8389,346.6241,137.5369,376.9221,142.0255
373.8456,217.4774,342.2625,216.3884,344.8931,140.0997,376.4762,141.1888
349.0000,215.0000,349.0000,140.0000,377.0000,140.0000,377.0000,215.0000
348.0000,209.0000,348.0000,140.0000,386.0000,140.0000,386.0000,209.0000
383.7173,215.3931,343.4966,212.0414,349.6690,137.9724,389.8897,141.3241
385.6524,211.7365,345.5270,209.3047,349.7594,139.4703,389.8847,141.9021
359.3401,214.7614,354.1675,142.3452,388.1371,139.9188,393.3097,212.3350
370.7770,223.1452,350.8018,146.5735,381.0071,138.6938,400.9824,215.2655
363.0000,222.0000,363.0000,139.0000,393.0000,139.0000,393.0000,222.0000
392.7888,222.2180,361.5483,219.2427,369.1933,138.9708,400.4337,141.9461
396.9027,220.1838,364.9898,219.4416,366.8681,138.6714,398.7811,139.4135
386.9730,221.1622,354.7027,215.7838,368.2162,134.7027,400.4865,140.0811
364.0000,218.0000,364.0000,138.0000,397.0000,138.0000,397.0000,218.0000
367.1181,213.1840,362.4301,139.7385,396.0803,137.5906,400.7682,211.0361
364.2858,217.8618,361.6902,137.3971,398.8451,136.1985,401.4407,216.6632
365.5600,212.9200,355.2200,140.5400,391.0600,135.4200,401.4000,207.8000
359.0000,221.0000,359.0000,137.0000,395.0000,137.0000,395.0000,221.0000
390.6427,218.3240,357.8427,216.7240,361.7584,136.4516,394.5584,138.0516
390.2655,227.1213,346.4557,216.8131,365.5246,135.7705,409.3344,146.0787
392.6410,228.7014,348.2584,220.8691,363.2483,135.9262,407.6309,143.7584
356.0862,221.5508,351.5108,139.1938,394.3231,136.8154,398.8985,219.1723
398.6000,217.2000,355.9294,213.9176,362.0117,134.8470,404.6823,138.1294
403.7926,222.4665,372.7055,221.6030,375.2684,129.3408,406.3555,130.2043
402.3761,218.1176,368.9910,213.0592,382.5816,123.3609,415.9668,128.4192
412.8482,214.3100,379.0758,213.3450,381.6427,123.5041,415.4151,124.4690
379.0000,214.0000,379.0000,126.0000,413.0000,126.0000,413.0000,214.0000
384.9143,219.2126,366.5732,130.9458,405.1541,122.9290,423.4953,211.1958
382.0000,219.0000,382.0000,127.0000,411.0000,127.0000,411.0000,219.0000
406.7414,224.2408,380.9529,223.3197,384.1656,133.3631,409.9542,134.2841
384.0000,227.0000,384.0000,139.0000,412.0000,139.0000,412.0000,227.0000
417.8462,224.2308,384.9847,220.1231,393.7847,149.7231,426.6462,153.8308
416.8390,226.0563,385.7348,222.0686,394.8681,150.8293,425.9722,154.8170
415.4091,226.2964,388.3528,223.9437,394.5142,153.0882,421.5704,155.4409
390.0000,229.0000,390.0000,153.0000,417.0000,153.0000,417.0000,229.0000
398.6292,225.6068,392.0135,156.1416,420.9416,153.3865,427.5573,222.8517
398.1646,224.2918,394.8229,157.4588,429.1870,155.7406,432.5287,222.5736
401.3930,225.2880,397.3074,159.9183,429.3697,157.9144,433.4553,223.2841
430.7156,228.9680,401.0915,227.7588,403.8907,159.1792,433.5148,160.3884
404.0000,231.0000,404.0000,161.0000,434.0000,161.0000,434.0000,231.0000
407.0000,237.0000,407.0000,161.0000,431.0000,161.0000,431.0000,237.0000
412.0000,227.0000,412.0000,160.0000,443.0000,160.0000,443.0000,227.0000
441.7881,229.2394,410.7656,227.6883,414.3292,156.4165,445.3517,157.9676
415.1835,228.6920,410.4992,159.9887,436.9897,158.1825,441.6740,226.8859
435.9589,229.2215,409.0792,228.7237,410.3202,161.7096,437.1999,162.2074
409.6729,223.6465,408.3863,159.3123,442.8325,158.6234,444.1192,222.9576
414.9663,221.6116,408.5873,148.2533,443.0226,145.2589,449.4016,218.6172
446.5000,220.5000,411.9116,218.6796,415.4972,150.5525,450.0856,152.3729
411.2985,220.3723,407.6677,155.0185,441.8954,153.1169,445.5262,218.4708
413.9823,224.5598,407.6617,156.6129,434.6145,154.1056,440.9351,222.0525
413.8925,227.4212,410.8630,154.7140,436.2772,153.6551,439.3067,226.3622
415.0061,232.8297,409.3141,157.4103,433.9848,155.5483,439.6768,230.9678
446.6862,224.3541,412.6266,223.3220,414.6495,156.5652,448.7092,157.5973
446.5592,225.3181,413.7191,223.0269,418.3127,157.1846,451.1528,159.4758
417.0000,225.0000,417.0000,159.0000,448.0000,159.0000,448.0000,225.0000
416.0000,227.0000,416.0000,159.0000,443.0000,159.0000,443.0000,227.0000
417.3189,226.6534,414.6083,161.5997,443.6412,160.3900,446.3518,225.4437
425.7129,225.1287,419.4456,162.4554,451.2277,159.2772,457.4951,221.9505
424.6459,226.9525,411.4875,166.7996,448.5573,158.6906,461.7158,218.8434
427.5157,226.5125,420.3118,163.4786,461.2345,158.8018,468.4384,221.8356
440.3570,231.2087,439.0054,162.2744,463.8978,161.7863,465.2494,230.7206
441.0000,240.0000,441.0000,161.0000,470.0000,161.0000,470.0000,240.0000
451.3824,236.6482,442.8817,162.9752,469.2993,159.9270,477.8000,233.6000
483.6855,226.6041,448.9073,224.9480,452.0317,159.3349,486.8100,160.9910
485.0745,226.2114,445.1022,224.5459,447.8336,158.9931,487.8059,160.6586
462.0802,228.4256,453.5615,161.9793,482.4457,158.2762,490.9644,224.7225
456.0000,227.0000,456.0000,159.0000,484.0000,159.0000,484.0000,227.0000
462.8645,227.4505,459.8118,158.7639,486.2706,157.5880,489.3234,226.2745
464.0047,221.1378,461.7399,155.4573,497.1461,154.2363,499.4109,219.9169
459.0000,220.0000,459.0000,154.0000,503.0000,154.0000,503.0000,220.0000
462.2604,219.7181,452.7092,156.6804,493.4408,150.5090,502.9919,213.5467
465.6674,222.8756,459.8061,153.7113,490.5009,151.1101,496.3623,220.2744
463.0000,227.0000,463.0000,152.0000,490.0000,152.0000,490.0000,227.0000
466.7624,217.4862,463.3618,152.8757,494.4337,151.2403,497.8343,215.8508
462.5905,219.4797,457.3916,153.6270,498.8438,150.3544,504.0427,216.2072
459.8871,217.8068,458.4884,153.4676,500.7510,152.5489,502.1497,216.8880
470.1923,223.9615,457.3846,159.9231,490.0770,153.3846,502.8846,217.4231
465.0000,223.0000,465.0000,157.0000,495.0000,157.0000,495.0000,223.0000
466.0000,220.0000,466.0000,158.0000,502.0000,158.0000,502.0000,220.0000
472.7704,222.0057,461.4151,162.9586,498.7646,155.7760,510.1198,214.8231
468.0000,222.0000,468.0000,160.0000,512.0000,160.0000,512.0000,222.0000
469.0009,224.0425,467.6443,160.2842,504.8403,159.4928,506.1968,223.2511
466.2245,226.4888,462.9951,161.9003,496.0624,160.2469,499.2918,224.8354
469.8087,225.6759,462.6526,163.6555,487.0584,160.8394,494.2146,222.8598
464.0581,224.2090,462.4290,162.3045,495.5903,161.4318,497.2194,223.3363
459.0823,226.6459,455.9926,164.8504,494.3467,162.9327,497.4365,224.7282
454.0487,224.9488,452.5110,163.4372,491.6615,162.4585,493.1992,223.9700
454.0000,224.0000,454.0000,163.0000,481.0000,163.0000,481.0000,224.0000
455.3677,225.4436,453.9133,164.3592,479.7082,163.7450,481.1626,224.8294
456.2303,224.6117,450.4743,165.6123,477.7271,162.9534,483.4832,221.9529
456.1400,221.3065,450.0757,164.7062,485.5259,160.9080,491.5902,217.5082
453.0000,223.0000,453.0000,161.0000,492.0000,161.0000,492.0000,223.0000
451.0000,223.0000,451.0000,160.0000,487.0000,160.0000,487.0000,223.0000
453.1971,223.4642,448.2591,161.7393,478.6248,159.3100,483.5628,221.0350
457.0000,224.0000,457.0000,159.0000,480.0000,159.0000,480.0000,224.0000
457.0323,223.6687,448.7483,162.1300,479.5932,157.9778,487.8773,219.5165
452.2831,219.4906,447.4587,159.9898,487.0900,156.7765,491.9144,216.2772
454.6757,225.0541,444.2432,162.4595,481.7027,156.2162,492.1351,218.8108
453.8852,221.7377,448.2049,159.2541,481.1147,156.2623,486.7950,218.7459
479.9576,216.0808,453.1728,215.5341,454.3980,155.4979,481.1828,156.0445
448.4645,213.8445,446.2341,156.9712,478.9485,155.6883,481.1789,212.5616
454.4639,211.4354,444.4508,158.8665,476.9847,152.6696,486.9978,205.2385
448.0000,209.0000,448.0000,155.0000,488.0000,155.0000,488.0000,209.0000
482.8883,213.1321,446.8065,212.1569,448.4219,152.3898,484.5036,153.3650
445.2335,213.2690,441.0609,154.8528,475.1725,152.4162,479.3452,210.8325
470.4621,215.4552,447.1242,213.5104,452.2345,152.1862,475.5725,154.1310
468.2195,222.0244,444.0732,219.3415,451.5610,151.9512,475.7073,154.6342
448.4024,212.6220,442.0854,155.7683,473.5854,152.2683,479.9024,209.1220
445.3254,209.0435,441.6819,152.5689,476.9866,150.2912,480.6301,206.7658
446.5060,209.1456,444.1230,151.9532,473.9463,150.7106,476.3293,207.9030
449.2193,211.7994,447.2776,151.6039,474.2817,150.7328,476.2235,210.9283
470.8275,208.5885,447.6638,207.0443,451.4868,149.6991,474.6505,151.2433
451.0504,210.5278,443.0706,153.3390,472.4748,149.2361,480.4547,206.4249
451.7469,210.8520,437.3740,155.9734,469.8154,147.4769,484.1883,202.3554
450.5283,209.8491,435.4717,157.1509,469.9434,147.3019,485.0000,200.0000
450.4767,210.6364,444.4826,149.1968,471.3730,146.5734,477.3671,208.0130
475.7038,209.8390,445.9174,208.0154,449.7179,145.9419,479.5042,147.7656
449.3862,212.8614,443.2179,151.1782,471.7327,148.3267,477.9010,210.0099
457.8824,209.5294,443.5883,152.3530,470.1765,145.7059,484.4707,202.8824
486.6470,210.5882,449.7117,207.7470,454.6117,144.0470,491.5470,146.8882
451.0000,206.0000,451.0000,145.0000,488.0000,145.0000,488.0000,206.0000
454.0000,205.0000,454.0000,143.0000,488.0000,143.0000,488.0000,205.0000
458.8615,208.8923,450.7693,144.1539,476.0000,141.0000,484.0923,205.7385
460.6757,216.0540,449.0000,146.0000,474.4595,141.7567,486.1351,211.8108
458.5777,210.0972,448.5682,146.0362,476.4500,141.6797,486.4595,205.7407
466.9804,213.2122,446.1174,148.7267,479.2654,138.0024,500.1284,202.4879
466.3171,216.1112,451.5154,144.2174,486.1362,137.0896,500.9378,208.9834
471.8605,216.0504,455.6830,144.6001,486.8226,137.5496,503.0000,209.0000
472.0244,202.4272,468.5549,141.7111,495.6948,140.1603,499.1643,200.8763
501.9684,212.1380,473.2684,211.3408,475.2059,141.5891,503.9060,142.3863
485.0000,212.0000,485.0000,137.0000,512.0000,137.0000,512.0000,212.0000
535.0244,200.7805,491.7805,195.9756,498.5732,134.8414,541.8170,139.6463
501.1018,192.5266,497.1505,133.2567,537.3053,130.5797,541.2566,189.8495
542.9639,192.1551,504.8449,190.9639,506.7639,129.5551,544.8829,130.7463
512.3900,192.1389,509.9823,129.5392,539.9764,128.3855,542.3840,190.9852
521.4836,201.3197,514.8853,128.7377,542.2950,126.2459,548.8934,198.8279
530.3683,194.7601,516.8591,130.2156,545.2213,124.2793,558.7305,188.8238
531.3293,192.9634,523.9512,126.5610,552.9268,123.3415,560.3049,189.7439
533.5883,187.3529,519.0001,129.0000,552.8824,120.5294,567.4706,178.8823
533.4548,189.3206,526.5726,123.9397,558.5342,120.5753,565.4164,185.9562
551.2435,192.6013,523.1428,132.0766,552.6412,118.3809,580.7419,178.9055
558.4763,192.2171,524.7197,186.7218,536.1122,116.7392,569.8688,122.2345
540.1793,187.1517,534.3931,117.7172,563.0276,115.3310,568.8138,184.7655
566.9530,185.5094,534.7668,184.0124,537.8613,117.4819,570.0475,118.9790
565.7210,183.3011,532.5497,181.5552,535.9282,117.3646,569.0994,119.1105
564.9732,178.0743,532.8932,177.2723,534.4566,114.7364,566.5366,115.5384
558.9584,177.5779,528.5848,176.7785,530.1938,115.6367,560.5674,116.4360
550.2460,186.0201,521.5799,180.4461,534.1747,115.6729,562.8409,121.2468
529.0000,184.0000,529.0000,118.0000,555.0000,118.0000,555.0000,184.0000
529.1792,183.6742,525.9851,118.1958,550.9015,116.9804,554.0956,182.4588
527.3654,182.2138,523.5551,117.4379,547.3552,116.0379,551.1655,180.8138
522.0000,179.0000,522.0000,117.0000,548.0000,117.0000,548.0000,179.0000
519.0000,178.0000,519.0000,118.0000,546.0000,118.0000,546.0000,178.0000
541.0093,178.5241,503.0403,161.8177,522.7105,117.1126,560.6796,133.8190
514.0978,182.6190,512.3292,117.1803,540.9030,116.4080,542.6715,181.8467
513.0912,178.6477,511.5041,115.1624,541.8601,114.4035,543.4473,177.8888
511.0309,175.0848,509.2912,114.1917,539.5807,113.3263,541.3205,174.2194
511.3088,173.7865,507.4229,113.5534,535.4995,111.7420,539.3855,171.9751
528.6342,173.2927,498.6707,169.9634,505.2439,110.8049,535.2073,114.1341
505.8138,177.8345,501.9138,111.5345,527.6483,110.0207,531.5483,176.3207
508.0770,178.6154,499.7231,111.7846,523.1077,108.8616,531.4615,175.6923
504.4754,175.2295,498.3525,107.8771,522.4263,105.6885,528.5492,173.0410
504.0210,173.4152,492.9604,105.4715,516.3635,101.6617,527.4241,169.6054
500.1416,171.9865,493.4495,101.7191,516.6674,99.5079,523.3596,169.7753
495.0000,167.0000,495.0000,101.0000,518.0000,101.0000,518.0000,167.0000
498.7838,165.2973,480.2757,105.1459,507.7514,96.6919,526.2595,156.8433
497.0164,160.8197,482.6688,99.8426,506.6918,94.1902,521.0393,155.1672
491.3971,159.5517,487.4593,94.5782,513.6359,92.9918,517.5737,157.9652
491.3896,157.6241,487.5069,91.6172,517.3448,89.8621,521.2276,155.8690
492.8824,154.5294,477.7647,94.0588,502.0000,88.0000,517.1177,148.4706
492.8919,156.3513,482.0811,91.4865,504.2973,87.7838,515.1081,152.6486
492.5305,158.9561,480.6484,92.7554,504.1974,88.5287,516.0796,154.7293
495.7400,163.1800,485.5200,91.6400,507.2200,88.5400,517.4399,160.0800
495.0175,157.1310,485.9957,89.4673,507.0219,86.6638,516.0437,154.3275
494.1205,153.5890,481.2831,90.8285,507.3297,85.5007,520.1671,148.2613
495.1765,155.7059,478.9412,90.7647,505.7647,84.0588,522.0000,149.0000
498.0566,157.6981,478.5094,89.2830,503.6038,82.1132,523.1510,150.5283
503.3287,153.1233,477.0959,95.4109,503.9178,83.2192,530.1506,140.9315
501.9005,148.2589,483.1726,89.3996,506.9062,81.8480,525.6342,140.7073
501.9470,147.9666,488.2928,87.8880,511.8055,82.5442,525.4597,142.6228
498.0546,144.4642,490.9624,84.1809,517.1877,81.0956,524.2798,141.3788
499.4139,149.3312,489.2927,82.5314,518.5305,78.1014,528.6517,144.9012
500.4144,148.1323,483.9951,84.9813,510.0161,78.2158,526.4354,141.3668
499.4704,149.3275,484.8087,84.5716,510.4921,78.7565,525.1537,143.5124
498.5769,149.8846,485.6923,85.4615,511.6538,80.2692,524.5385,144.6923
498.2203,152.8368,481.2125,88.2073,510.1555,80.5907,527.1632,145.2202
501.8236,151.2941,485.3530,85.4118,509.3530,79.4118,525.8236,145.2941
498.8919,152.3514,487.2973,82.7838,510.3243,78.9460,521.9189,148.5135
498.4706,156.8823,480.8236,86.2941,506.0001,80.0000,523.6471,150.5882
500.4000,160.2000,476.6000,88.8000,502.1000,80.3000,525.9000,151.7000
498.0000,160.0000,475.1000,91.3000,500.3000,82.9000,523.2001,151.6000
497.8585,150.5268,471.7219,93.8976,495.2487,83.0390,521.3854,139.6683
490.6942,150.0235,473.2154,87.8769,496.9620,81.1982,514.4408,143.3448
479.3494,151.6201,470.4411,84.8078,499.4586,80.9389,508.3669,147.7511
471.6721,152.3934,465.5738,85.3115,498.4836,82.3197,504.5820,149.4016
471.5378,155.1594,450.0819,92.9373,480.7461,82.3634,502.2019,144.5856
466.9756,148.7805,460.1219,87.0976,487.8903,84.0122,494.7439,145.6951
467.4693,149.5070,454.2802,91.0980,482.7940,84.6594,495.9831,143.0683
469.6131,156.6861,446.8686,94.1387,470.3138,85.6131,493.0583,148.1606
475.6215,164.2463,442.6484,163.3042,444.7847,88.5367,477.7578,89.4788
447.4616,163.3077,433.5385,93.6923,462.5769,87.8846,476.5000,157.5000
464.8721,163.7934,427.6836,103.7197,452.6770,88.2475,489.8656,148.3213
466.3076,165.4615,426.6153,105.9231,451.5384,89.3077,491.2307,148.8462
463.9550,167.4719,426.1842,105.6652,450.5348,90.7843,488.3056,152.5910
443.6154,167.9231,434.6001,95.8000,459.9539,92.6308,468.9693,164.7538
449.5670,168.0626,428.1805,98.9679,452.1247,91.5567,473.5111,160.6513
444.9371,166.5546,427.4170,98.2264,452.2943,91.8476,469.8144,160.1758
437.8625,159.2951,425.4797,95.8332,454.3324,90.2034,466.7152,153.6653
448.4012,162.6694,420.7838,101.2973,443.9023,90.8940,471.5198,152.2661
448.2835,164.7371,423.4639,100.2062,445.1753,91.8557,469.9949,156.3866
449.4703,164.4652,424.0478,101.8868,446.0696,92.9405,471.4921,155.5189
437.9600,168.2800,425.1280,97.7040,451.3520,92.9360,464.1840,163.5120
427.8160,171.2285,424.1305,95.6766,452.7940,94.2783,456.4795,169.8303
425.9654,166.6851,424.0879,95.3398,453.4886,94.5661,455.3661,165.9114
426.9127,165.2544,423.4290,95.5786,452.9053,94.1048,456.3890,163.7806
426.0000,164.0000,426.0000,97.0000,456.0000,97.0000,456.0000,164.0000
431.6557,168.2131,425.2704,97.9754,451.1475,95.6230,457.5328,165.8607
448.2607,165.7868,418.7101,100.4645,441.2617,90.2626,470.8123,155.5850
442.6951,161.4459,416.2098,100.9082,439.6066,90.6721,466.0918,151.2098
438.7041,156.9855,416.1593,98.7448,439.2480,89.8073,461.7928,148.0480
437.8276,155.9310,413.8276,99.9310,437.2414,89.8965,461.2414,145.8965
431.5294,156.1177,416.8824,97.5294,439.7060,91.8235,454.3530,150.4118
428.8200,161.7400,419.3000,95.1000,441.0000,92.0000,450.5200,158.6400
432.5862,158.9655,409.6207,101.5517,432.5517,92.3793,455.5172,149.7931
413.0000,153.0000,413.0000,95.0000,437.0000,95.0000,437.0000,153.0000
412.0000,156.0000,412.0000,94.0000,437.0000,94.0000,437.0000,156.0000
429.7200,161.2589,399.5745,104.1412,421.6481,92.4913,451.7936,149.6089
428.3080,162.7537,399.8032,102.7435,421.2412,92.5604,449.7460,152.5706
427.8815,163.4033,399.7776,100.9501,420.1102,91.8004,448.2141,154.2536
419.6624,163.4522,400.3312,97.7261,422.7993,91.1178,442.1306,156.8440
424.3969,152.4376,403.3730,150.7330,408.0189,93.4340,429.0428,95.1386
409.4615,156.3077,397.3462,95.7308,419.8462,91.2308,431.9615,151.8077
401.4160,160.2389,397.1638,96.4558,418.4691,95.0354,422.7213,158.8186
400.9656,159.5862,395.4759,93.7104,416.0000,92.0000,421.4897,157.8759
399.4308,153.4461,392.0924,94.7385,412.8924,92.1385,420.2308,150.8461
395.7474,151.8533,389.0375,94.8191,411.8976,92.1297,418.6075,149.1638
389.9390,156.4512,383.2073,95.8659,407.5732,93.1585,414.3049,153.7439
395.3000,155.9000,376.4000,99.2000,399.5000,91.5000,418.4000,148.2000
393.4878,149.6098,370.9512,100.4390,391.4734,91.0330,414.0100,140.2038
391.6819,150.7973,364.7920,101.1544,384.7329,90.3530,411.6228,139.9960
391.7071,149.7962,365.1083,101.0319,385.0764,90.1401,411.6752,138.9045
392.2651,149.5459,364.8310,101.0086,384.8324,89.7035,412.2665,138.2407
