1
239.9896,157.1084,358.5798,157.1084,358.5798,276.0939,239.9896,276.0939
258.2999,138.6478,379.2663,175.4003,339.4543,306.4362,218.4880,269.6837
215.6356,180.3064,336.9960,180.3064,336.9960,306.4261,215.6356,306.4261
207.5200,206.3400,328.5304,206.3400,328.5304,314.2571,207.5200,314.2571
213.0292,195.4800,332.5606,195.4800,332.5606,312.1878,213.0292,312.1878
211.5000,191.7520,331.5500,191.7520,331.5500,302.4362,211.5000,302.4362
213.4600,183.1480,329.2266,183.1480,329.2266,300.6577,213.4600,300.6577
304.1893,213.4093,311.9203,322.3135,169.8361,332.3999,162.1051,223.4957
265.6431,250.9719,264.8345,353.5586,144.3637,352.6091,145.1723,250.0223
339.5766,244.8828,360.8694,337.3752,215.9203,370.7440,194.6275,278.2516
235.3460,208.2272,362.4069,208.2272,362.4069,329.9798,235.3460,329.9798
336.1514,198.6299,350.1118,298.4610,223.3431,316.1883,209.3828,216.3572
330.9996,198.7709,332.8586,306.6720,212.8264,308.7401,210.9674,200.8390
323.7123,190.0192,327.6642,302.4787,201.9295,306.8971,197.9775,194.4376
186.5600,193.7038,309.4912,193.7038,309.4912,312.1175,186.5600,312.1175
304.8674,206.6711,309.2260,316.3463,186.9675,321.2050,182.6090,211.5297
327.2913,219.2289,315.0149,320.6774,182.9898,304.7009,195.2662,203.2524
333.5728,185.1008,340.9613,285.4652,214.2433,294.7937,206.8548,194.4294
212.1084,140.4200,333.5222,140.4200,333.5222,256.6284,212.1084,256.6284
193.6000,133.8708,315.9550,133.8708,315.9550,249.6374,193.6000,249.6374
196.4648,153.3510,323.7516,153.3510,323.7516,268.6470,196.4648,268.6470
358.1282,213.8134,344.6573,302.1073,206.9543,281.0981,220.4252,192.8042
388.5995,242.1731,370.8779,345.7398,237.2879,322.8809,255.0094,219.3142
265.5200,232.4000,386.5304,232.4000,386.5304,347.6480,265.5200,347.6480
253.2272,230.4800,377.4645,230.4800,377.4645,349.5696,253.2272,349.5696
239.5200,232.1480,360.5304,232.1480,360.5304,354.5030,239.5200,354.5030
234.4800,244.3600,353.5696,244.3600,353.5696,355.4207,234.4800,355.4207
228.4800,229.4200,347.5696,229.4200,347.5696,345.6284,228.4800,345.6284
222.4800,217.3800,341.5696,217.3800,341.5696,331.6676,222.4800,331.6676
220.5000,208.4000,340.5500,208.4000,340.5500,321.3430,220.5000,321.3430
227.1480,196.0292,349.5030,196.0292,349.5030,313.1700,227.1480,313.1700
367.2125,206.8703,352.3705,309.1055,228.4905,291.1212,243.3326,188.8860
235.1084,161.0000,356.5222,161.0000,356.5222,281.5400,235.1084,281.5400
344.7766,157.9184,341.8816,262.3506,219.2537,258.9511,222.1487,154.5189
341.2944,126.1852,333.2926,240.7314,210.0842,232.1246,218.0860,117.5783
344.3607,116.3456,346.7859,225.4969,216.7449,228.3863,214.3197,119.2349
240.5600,123.3200,363.4912,123.3200,363.4912,234.7264,240.5600,234.7264
250.4800,126.3600,369.5696,126.3600,369.5696,237.4207,250.4800,237.4207
378.7290,140.2744,364.4529,250.1210,237.5183,233.6240,251.7945,123.7775
254.3064,158.9979,380.4261,158.9979,380.4261,281.9311,254.3064,281.9311
390.7872,227.3371,376.1723,327.6151,248.5770,309.0188,263.1919,208.7408
396.3881,235.6115,383.8803,344.0710,264.2009,330.2692,276.7087,221.8097
273.4800,231.6728,392.5696,231.6728,392.5696,342.7335,273.4800,342.7335
269.4800,229.6728,386.1878,229.6728,386.1878,338.5122,269.4800,338.5122
382.1513,216.0545,379.8996,325.5169,257.9546,323.0084,260.2064,213.5460
260.4600,208.3400,378.5892,208.3400,378.5892,318.4595,260.4600,318.4595
381.6323,204.9005,377.3237,306.2695,256.6025,301.1383,260.9111,199.7693
383.5123,158.6200,380.2181,272.4566,255.4304,268.8456,258.7245,155.0090
264.5400,153.4000,384.0714,153.4000,384.0714,266.3430,264.5400,266.3430
268.4200,159.2272,384.6284,159.2272,384.6284,283.4645,268.4200,283.4645
263.0000,180.2800,383.5400,180.2800,383.5400,287.5759,263.0000,287.5759
261.0000,174.3400,381.5400,174.3400,381.5400,286.7068,261.0000,286.7068
265.4400,175.3400,382.6088,175.3400,382.6088,285.4595,265.4400,285.4595
272.4800,181.5936,391.5696,181.5936,391.5696,290.7719,272.4800,290.7719
281.4600,188.6728,399.5892,188.6728,399.5892,299.7335,281.4600,299.7335
404.9261,307.7188,288.9447,328.5814,264.2906,191.5217,380.2720,170.6591
260.4800,207.3400,379.5696,207.3400,379.5696,319.7068,260.4800,319.7068
225.1084,207.3200,346.5222,207.3200,346.5222,316.4983,225.1084,316.4983
320.0433,208.4619,314.6873,315.6241,197.6926,309.7766,203.0486,202.6144
324.6424,201.9864,322.7313,314.3370,197.5709,312.2080,199.4819,199.8575
333.8501,200.8483,338.5354,309.2176,214.3006,314.5889,209.6152,206.2196
383.5761,203.1612,387.5933,312.2655,249.7070,317.3425,245.6897,208.2382
411.7763,207.0972,415.5251,312.1803,284.9386,316.8389,281.1898,211.7558
455.7465,217.2369,446.3952,326.5996,323.2473,316.0697,332.5985,206.7070
327.9896,216.3000,446.5798,216.3000,446.5798,326.7460,327.9896,326.7460
317.4400,202.7916,434.6088,202.7916,434.6088,316.6758,317.4400,316.6758
438.2617,223.7520,383.8562,327.9608,262.5723,264.6407,316.9778,160.4319
261.8215,157.4200,382.0429,157.4200,382.0429,273.6284,261.8215,273.6284
361.1723,153.0502,364.5683,261.2340,240.7377,265.1212,237.3417,156.9373
240.4600,157.9104,358.5892,157.9104,358.5892,274.6182,240.4600,274.6182
248.4800,174.9104,367.5696,174.9104,367.5696,291.6182,248.4800,291.6182
253.4600,183.1480,371.5892,183.1480,371.5892,300.6577,253.4600,300.6577
384.5557,198.0176,393.7395,312.9473,263.3295,323.3680,254.1457,208.4384
419.4478,222.5415,414.7810,332.5620,287.8342,327.1773,292.5010,217.1568
305.9896,225.0000,424.5798,225.0000,424.5798,337.3668,305.9896,337.3668
303.5200,235.3600,424.5304,235.3600,424.5304,346.4207,303.5200,346.4207
416.8508,247.5485,411.2359,358.8133,289.0364,352.6466,294.6513,241.3818
402.0435,240.0967,410.2576,344.6293,287.7042,354.2595,279.4901,249.7269
378.8447,225.3747,387.5773,334.7885,258.1046,345.1221,249.3719,235.7082
344.6333,216.1390,357.5249,324.8065,229.4794,339.9969,216.5879,231.3294
333.6956,227.0038,326.3996,336.8813,206.1917,328.8993,213.4877,219.0218
210.4400,229.0000,327.6088,229.0000,327.6088,339.4460,210.4400,339.4460
344.5063,237.2157,330.7246,343.3191,207.5222,327.3163,221.3040,221.2130
230.6600,199.5000,355.8385,199.5000,355.8385,319.5500,230.6600,319.5500
372.0167,185.0383,365.2803,294.6760,241.9156,287.0961,248.6520,177.4584
379.8322,148.4839,391.0258,256.1522,263.3571,269.4251,252.1635,161.7569
408.3685,132.2884,415.4796,240.7571,289.3858,249.0237,282.2747,140.5550
449.7767,152.8781,430.3563,257.6500,304.2945,234.2833,323.7148,129.5114
326.4400,146.3800,443.6088,146.3800,443.6088,260.6676,326.4400,260.6676
324.4600,155.4511,442.5892,155.4511,442.5892,276.9887,324.4600,276.9887
313.2272,170.4600,434.9798,170.4600,434.9798,286.2266,313.2272,286.2266
287.5044,183.4200,415.7136,183.4200,415.7136,299.6284,287.5044,299.6284
263.3460,200.4200,390.4069,200.4200,390.4069,316.6284,263.3460,316.6284
250.5600,216.7520,368.6231,216.7520,368.6231,329.6950,250.5600,329.6950
352.2607,224.6519,353.0071,331.2537,231.9997,332.1010,231.2533,225.4992
218.5600,207.3800,341.4912,207.3800,341.4912,321.6676,218.5600,321.6676
326.3201,200.0194,329.6006,310.0900,211.0630,313.6228,207.7825,203.5522
321.6933,200.2994,317.2787,308.4464,199.7276,303.6479,204.1422,195.5009
210.1876,185.0000,333.4838,185.0000,333.4838,301.6200,210.1876,301.6200
225.2668,167.4400,350.4453,167.4400,350.4453,284.6088,225.2668,284.6088
365.6161,166.0224,358.5351,275.9139,235.4941,267.9855,242.5752,158.0939
382.6184,169.6617,373.6797,280.9098,248.9033,270.8841,257.8420,159.6360
276.2272,175.1084,395.5447,175.1084,395.5447,296.5222,276.2272,296.5222
297.0292,196.2272,414.1700,196.2272,414.1700,320.4645,297.0292,320.4645
303.4600,219.2800,421.5892,219.2800,421.5892,326.5759,303.4600,326.5759
292.5600,198.0292,415.4912,198.0292,415.4912,317.5606,292.5600,317.5606
369.3539,176.1452,383.8859,281.7536,258.7010,298.9793,244.1691,193.3710
215.2272,186.4200,339.4645,186.4200,339.4645,302.6284,215.2272,302.6284
174.3856,200.4600,302.3877,200.4600,302.3877,318.5892,174.3856,318.5892
161.5400,215.0688,281.0714,215.0688,281.0714,335.5414,161.5400,335.5414
161.4400,232.2800,278.6088,232.2800,278.6088,341.7656,161.4400,341.7656
172.6600,218.9138,295.3350,218.9138,295.3350,328.7583,172.6600,328.7583
190.0000,180.1480,321.5748,180.1480,321.5748,302.5030,190.0000,302.5030
347.8970,172.4063,336.6411,284.8344,210.2123,272.1768,221.4681,159.7488
230.0292,165.0000,347.1700,165.0000,347.1700,280.6400,230.0292,280.6400
345.6054,297.3905,227.1518,303.0797,220.0012,154.2000,338.4549,148.5107
222.4800,197.4400,341.5696,197.4400,341.5696,309.9689,222.4800,309.9689
218.0000,193.4400,337.5600,193.4400,337.5600,308.2654,218.0000,308.2654
348.3804,191.6358,346.8087,302.0707,223.8900,300.3214,225.4616,189.8866
237.4600,190.3600,355.5892,190.3600,355.5892,301.4207,237.4600,301.4207
231.5400,193.8215,353.5108,193.8215,353.5108,311.6385,231.5400,311.6385
222.5200,212.8708,343.5304,212.8708,343.5304,326.3221,222.5200,326.3221
328.7874,221.3108,326.4393,327.8893,204.1140,325.1942,206.4622,218.6157
198.4800,202.3400,317.5696,202.3400,317.5696,314.7068,198.4800,314.7068
198.9104,188.3200,315.6182,188.3200,315.6182,297.4983,198.9104,297.4983
192.4600,183.0000,310.5892,183.0000,310.5892,296.6800,192.4600,296.6800
196.0688,177.5440,314.1319,177.5440,314.1319,309.3109,196.0688,309.3109
330.7024,318.7290,211.9171,340.4766,187.9701,209.6780,306.7554,187.9305
203.5000,231.6000,321.1490,231.6000,321.1490,353.9550,203.5000,353.9550
320.6758,250.6654,314.1301,355.6114,194.8306,348.1705,201.3763,243.2244
194.5600,211.5862,315.0326,211.5862,315.0326,330.5717,194.5600,330.5717
338.6597,209.0676,310.3737,311.3211,176.4260,274.2676,204.7120,172.0142
190.3460,173.4200,314.8657,173.4200,314.8657,289.6284,190.3460,289.6284
287.2274,166.7996,294.3148,271.0885,169.4244,279.5761,162.3369,175.2872
160.4800,173.0000,279.5696,173.0000,279.5696,288.6400,160.4800,288.6400
275.4747,185.3531,292.2864,287.1290,171.8910,307.0163,155.0793,205.2404
296.3725,201.6720,294.2260,310.1760,176.7392,307.8517,178.8858,199.3477
193.7200,197.3600,311.7851,197.3600,311.7851,310.6872,193.7200,310.6872
221.3064,202.4000,344.9037,202.4000,344.9037,317.6480,221.3064,317.6480
370.2045,228.1682,367.8302,333.5549,244.9282,330.7860,247.3025,225.3993
395.6816,239.3128,395.1822,345.6664,269.7415,345.0774,270.2409,238.7239
413.4551,242.2975,407.7520,351.6345,287.0858,345.3405,292.7889,236.0035
284.5400,228.4200,406.5108,228.4200,406.5108,342.3042,284.5400,342.3042
352.7704,214.1035,369.8882,321.4622,248.7202,340.7818,231.6025,233.4230
312.8069,210.3772,328.9412,309.4272,206.8287,329.3183,190.6943,230.2682
286.5611,203.3845,298.5546,313.3853,172.6278,327.1152,160.6343,217.1144
138.1155,212.9500,262.8566,212.9500,262.8566,328.2460,138.1155,328.2460
228.0599,223.1167,225.8824,327.5663,104.4950,325.0357,106.6725,220.5861
224.9566,233.7554,224.8389,320.4579,102.4841,320.2918,102.6018,233.5893
286.7734,232.2401,274.5107,315.1037,141.3702,295.4006,153.6330,212.5370
354.8509,218.9471,314.6241,313.5837,193.5346,262.1126,233.7615,167.4760
223.4800,181.0000,342.5696,181.0000,342.5696,291.1195,223.4800,291.1195
225.4400,183.3400,340.2654,183.3400,340.2654,293.4595,225.4400,293.4595
234.9896,189.0000,351.2080,189.0000,351.2080,301.7000,234.9896,301.7000
239.0000,202.3600,358.5600,202.3600,358.5600,313.4207,239.0000,313.4207
231.5862,196.3064,350.5717,196.3064,350.5717,319.9037,231.5862,319.9037
197.0567,208.4600,318.4171,208.4600,318.4171,326.5892,197.0567,326.5892
294.0197,225.9957,283.1659,332.7412,161.4386,320.3641,172.2923,213.6186
169.4600,217.6332,285.2266,217.6332,285.2266,327.7527,169.4600,327.7527
198.4800,205.4800,317.5696,205.4800,317.5696,324.5696,198.4800,324.5696
356.2524,201.9873,372.6291,307.3852,252.7609,326.0103,236.3842,220.6123
395.7296,215.9352,386.5042,321.2926,263.6780,310.5376,272.9034,205.1802
383.4219,208.1355,390.7287,312.7354,268.0963,321.3018,260.7896,216.7019
371.2090,195.7966,381.5719,301.0464,258.2765,313.1862,247.9136,207.9364
363.7660,187.9557,371.1633,295.2676,249.4813,303.6555,242.0839,196.3436
245.4600,185.3400,363.5892,185.3400,363.5892,297.7068,245.4600,297.7068
358.9252,168.6746,381.4845,269.7866,256.3561,297.7042,233.7968,196.5922
383.2142,185.2959,384.3581,296.6965,262.6119,297.9466,261.4680,186.5461
395.4550,201.1977,387.1434,310.0591,267.4418,300.9198,275.7534,192.0584
266.0688,198.3600,384.1319,198.3600,384.1319,311.6872,266.0688,311.6872
241.5200,197.5862,362.5304,197.5862,362.5304,316.5717,241.5200,316.5717
203.1155,215.2589,327.8566,215.2589,327.8566,337.5052,203.1155,337.5052
189.0292,228.5579,308.5606,228.5579,308.5606,349.0325,189.0292,349.0325
285.2115,232.0546,302.7017,335.8965,178.0924,356.8845,160.6022,253.0426
287.2336,229.7852,306.5095,333.1816,178.2745,357.0882,158.9985,253.6918
326.4842,241.0887,321.0860,350.1334,191.3603,343.7114,196.7586,234.6666
331.3044,235.3032,322.1707,345.6099,201.1710,335.5906,210.3048,225.2840
314.4223,225.3394,314.9987,339.0180,192.3253,339.6400,191.7489,225.9615
300.6195,234.2802,283.8863,339.9583,161.1777,320.5285,177.9109,214.8503
169.5000,213.4000,289.5500,213.4000,289.5500,326.3430,169.5000,326.3430
177.8803,207.9104,299.0056,207.9104,299.0056,324.6182,177.8803,324.6182
228.7036,195.2668,349.6304,195.2668,349.6304,320.4453,228.7036,320.4453
279.0688,190.4400,399.5414,190.4400,399.5414,305.2654,279.0688,305.2654
389.8166,182.0801,402.5826,290.3323,278.9199,304.9157,266.1538,196.6635
248.5472,183.9104,373.4510,183.9104,373.4510,298.2841,248.5472,298.2841
325.7705,170.5461,344.6984,273.2398,217.8911,296.6122,198.9632,193.9185
308.9398,167.9866,320.8731,273.8955,198.3523,287.7005,186.4190,181.7916
289.1877,167.1548,310.0370,275.7562,186.7918,299.4168,165.9426,190.8154
280.9006,175.6226,292.0267,280.1976,166.6148,293.5406,155.4887,188.9656
282.3716,177.6472,296.2450,277.4024,169.4631,295.0346,155.5897,195.2794
321.3519,191.6341,308.4937,306.1626,177.0898,291.4099,189.9479,176.8814
385.6329,185.2046,396.8089,291.9168,238.8204,308.4631,227.6443,201.7508
409.4538,186.2939,413.3113,294.4622,290.0935,298.8564,286.2360,190.6881
397.7972,171.0602,422.4453,269.5719,298.3359,300.6245,273.6879,202.1129
274.8215,185.3800,397.4964,185.3800,397.4964,299.6676,274.8215,299.6676
254.8803,189.4000,378.4776,189.4000,378.4776,304.6480,254.8803,304.6480
232.1480,188.2668,352.0558,188.2668,352.0558,313.4453,232.1480,313.4453
292.2300,182.1960,350.4284,276.9223,238.5040,345.6870,180.3056,250.9607
295.1352,202.2387,298.4098,308.2604,170.1143,312.2231,166.8396,206.2013
260.3206,174.9742,274.4243,279.2392,144.0370,296.8764,129.9333,192.6115
255.2659,178.0033,259.4599,282.7742,138.1433,287.6305,133.9493,182.8596
274.7743,182.1136,279.7368,286.8510,149.0577,293.0427,144.0952,188.3053
302.5016,188.4729,307.2964,293.2180,181.3086,298.9851,176.5138,194.2400
192.4600,190.2800,308.2266,190.2800,308.2266,299.7656,192.4600,299.7656
186.4800,183.3200,305.5696,183.3200,305.5696,292.4983,186.4800,292.4983
191.5600,167.9500,314.4912,167.9500,314.4912,283.2460,191.5600,283.2460
201.0000,165.3000,322.5200,165.3000,322.5200,275.7460,201.0000,275.7460
329.7963,166.6574,326.6849,277.0596,210.5126,273.7855,213.6241,163.3834
212.5200,171.9104,333.5304,171.9104,333.5304,283.9966,212.5200,283.9966
203.5800,177.3550,327.4716,177.3550,327.4716,298.0244,203.5800,298.0244
197.5200,189.0292,316.1102,189.0292,316.1102,308.5606,197.5200,308.5606
332.6337,229.1713,324.6511,340.8883,201.3681,332.0793,209.3506,220.3623
335.4986,244.9836,340.7756,344.2748,220.8948,350.6461,215.6178,251.3549
322.7249,237.9535,340.0628,339.2411,214.8234,360.6789,197.4856,259.3913
310.9523,244.9730,304.2276,349.2287,180.5929,341.2541,187.3176,236.9984
299.5685,220.3392,298.6242,317.7773,176.6591,316.5953,177.6034,219.1572
177.5000,161.7038,295.1490,161.7038,295.1490,280.1175,177.5000,280.1175
187.9500,153.2800,303.2460,153.2800,303.2460,262.7656,187.9500,262.7656
310.3336,147.7196,323.2587,253.0856,201.8141,267.9831,188.8890,162.6171
216.2272,164.3600,335.5447,164.3600,335.5447,277.6872,216.2272,277.6872
236.9104,182.0000,351.2841,182.0000,351.2841,289.5648,236.9104,289.5648
242.4000,182.2800,355.3430,182.2800,355.3430,289.5759,242.4000,289.5759
336.0074,169.0558,360.9100,269.7667,241.7491,299.2314,216.8465,198.5205
210.5200,183.8708,329.1102,183.8708,329.1102,297.3221,210.5200,297.3221
188.0688,194.3400,306.1319,194.3400,306.1319,306.7068,188.0688,306.7068
185.4000,204.3200,300.6480,204.3200,300.6480,313.4983,185.4000,313.4983
187.4200,212.2800,303.6284,212.2800,303.6284,319.5759,187.4200,319.5759
298.2997,209.5453,299.7095,312.2984,182.5797,313.9054,181.1700,211.1523
295.6327,184.2701,307.6358,285.1291,184.2690,299.8108,172.2659,198.9519
193.6400,156.3800,312.9576,156.3800,312.9576,270.6676,193.6400,270.6676
331.6791,148.2150,343.2797,257.8815,219.2528,271.0011,207.6522,161.3346
267.6356,163.3400,386.5688,163.3400,386.5688,275.7068,267.6356,275.7068
289.9896,174.4800,408.5798,174.4800,408.5798,293.5696,289.9896,293.5696
296.4200,198.8799,410.3042,198.8799,410.3042,307.7776,296.4200,307.7776
411.8131,219.9848,407.3088,323.4179,291.2104,318.3620,295.7148,214.9289
294.4200,218.2600,410.6284,218.2600,410.6284,326.7852,294.4200,326.7852
297.4400,215.2600,414.6088,215.2600,414.6088,323.7852,297.4400,323.7852
295.2334,217.3400,408.6847,217.3400,408.6847,329.7068,295.2334,329.7068
268.1480,218.3800,388.0558,218.3800,388.0558,332.6676,268.1480,332.6676
340.1182,208.9802,369.0069,311.3372,248.7853,345.2680,219.8966,242.9109
229.5200,225.0000,350.5304,225.0000,350.5304,337.7000,229.5200,337.7000
335.9473,230.4724,342.0049,341.7140,220.2146,348.3460,214.1570,237.1044
323.6427,230.9591,325.5255,331.2766,199.4280,333.6432,197.5452,233.3257
323.6023,206.3538,329.1981,315.1687,203.0005,321.6584,197.4046,212.8436
210.0688,199.0000,330.5414,199.0000,330.5414,310.4064,210.0688,310.4064
216.4600,198.2800,332.2266,198.2800,332.2266,305.5759,216.4600,305.5759
232.4400,197.2800,344.9689,197.2800,344.9689,302.4300,232.4400,302.4300
247.1084,183.0000,368.5222,183.0000,368.5222,298.6400,247.1084,298.6400
371.0536,179.2923,370.3383,281.6726,247.6664,280.8156,248.3816,178.4352
372.4702,160.7601,372.5410,269.2853,256.7744,269.3609,256.7036,160.8357
266.2272,167.5000,387.9798,167.5000,387.9798,287.5500,266.2272,287.5500
270.6400,193.1743,397.4128,193.1743,397.4128,318.8193,270.6400,318.8193
277.7039,227.3064,396.1175,227.3064,396.1175,353.4261,277.7039,353.4261
375.1559,249.8307,384.2277,352.7368,266.0957,363.1508,257.0239,260.2447
373.1334,247.4483,361.7786,344.9098,232.9957,329.9058,244.3505,232.4443
365.0075,208.0599,355.2054,302.1550,227.8922,288.8926,237.6943,194.7974
352.7311,159.2507,350.9083,270.6422,232.0836,268.6977,233.9065,157.3062
231.4600,153.2600,349.5892,153.2600,349.5892,259.6147,231.4600,259.6147
224.0292,155.3800,343.5606,155.3800,343.5606,267.3818,224.0292,267.3818
311.6596,145.8968,346.1614,252.3570,220.6868,293.0210,186.1850,186.5607
212.9500,165.4748,323.6803,165.4748,323.6803,271.8295,212.9500,271.8295
358.9046,161.7123,361.6862,263.1346,239.7028,266.4801,236.9212,165.0577
262.5000,140.3200,380.1490,140.3200,380.1490,249.4983,262.5000,249.4983
405.5896,151.4886,380.9589,250.6211,262.7989,221.2628,287.4296,122.1303
386.7954,137.4790,404.4452,247.3531,279.2125,267.4700,261.5627,157.5959
347.4116,139.7513,407.2109,241.4024,295.3155,307.2282,235.5162,205.5771
346.0730,155.8719,390.1093,257.3066,265.4854,311.4102,221.4491,209.9756
234.3800,182.2400,348.6676,182.2400,348.6676,287.6535,234.3800,287.6535
236.4000,180.2600,349.3430,180.2600,349.3430,288.7852,236.4000,288.7852
369.5657,191.9427,353.0612,290.4164,235.7125,270.7484,252.2170,172.2748
239.7626,189.7124,356.6938,189.7124,356.6938,301.7142,239.7626,301.7142
298.8931,169.2875,359.7702,266.0663,244.6167,338.5017,183.7396,241.7229
199.4000,205.0000,312.3430,205.0000,312.3430,313.7800,199.4000,313.7800
209.0292,193.0000,326.1700,193.0000,326.1700,305.7000,209.0292,305.7000
331.2726,167.4311,356.2824,276.6731,235.2252,304.3879,210.2154,195.1460
359.0285,187.7491,346.3800,288.7936,227.7742,273.9469,240.4227,172.9023
237.3800,184.3200,351.6676,184.3200,351.6676,291.3147,237.3800,291.3147
236.1746,193.2600,348.7035,193.2600,348.7035,299.6147,236.1746,299.6147
235.7520,199.2400,346.4362,199.2400,346.4362,302.5452,235.7520,302.5452
229.8312,203.2400,344.6566,203.2400,344.6566,308.6535,229.8312,308.6535
286.0488,177.9616,360.4404,269.8856,254.8684,355.3222,180.4768,263.3982
207.3400,226.0000,319.7068,226.0000,319.7068,333.5648,207.3400,333.5648
216.3800,231.2400,328.3818,231.2400,328.3818,338.8048,216.3800,338.8048
217.7916,227.4748,331.6758,227.4748,331.6758,333.8295,217.7916,333.8295
333.5230,227.9160,320.7236,331.6013,205.8291,317.4182,218.6285,213.7329
210.7916,217.2400,322.3981,217.2400,322.3981,324.8048,210.7916,324.8048
222.7520,208.2800,335.6950,208.2800,335.6950,317.7656,222.7520,317.7656
362.2541,187.2533,384.1470,280.2439,252.1672,311.3160,230.2743,218.3255
272.7520,158.2800,385.6950,158.2800,385.6950,267.7656,272.7520,267.7656
394.3347,163.3556,385.2776,263.2812,272.2894,253.0400,281.3466,153.1144
274.4098,163.9393,390.6282,163.9393,390.6282,270.6020,274.4098,270.6020
291.1368,153.4276,401.9198,178.5699,372.5113,308.1510,261.7283,283.0087
278.9103,181.0633,391.6541,200.3030,370.4940,324.3001,257.7502,305.0604
373.9474,224.9814,373.9241,328.5125,257.7157,328.4863,257.7390,224.9552
355.0401,215.9563,366.6803,315.7976,244.8307,330.0037,233.1904,230.1624
334.6511,205.9680,358.5675,298.0467,225.0899,332.7161,201.1734,240.6373
216.6728,230.2000,325.5122,230.2000,325.5122,335.8440,216.6728,335.8440
339.5007,244.9095,336.0338,348.5747,220.8501,344.7225,224.3171,241.0573
233.6728,235.2800,344.7335,235.2800,344.7335,344.7656,233.6728,344.7656
346.3803,233.7085,345.9987,328.7874,231.1742,328.3264,231.5558,233.2476
235.3800,205.2200,349.6676,205.2200,349.6676,311.8244,235.3800,311.8244
358.5997,225.1493,356.1681,309.8216,231.3158,306.2362,233.7474,221.5638
381.6433,201.7075,404.3469,298.8319,291.3307,325.2503,268.6271,228.1259
416.5770,209.8022,408.7035,311.6414,290.9258,302.5356,298.7993,200.6965
402.7511,200.2366,403.1249,302.9987,290.1826,303.4095,289.8088,200.6474
384.4682,186.6855,405.0071,278.7262,288.5644,304.7104,268.0255,212.6696
270.1746,196.4400,382.7035,196.4400,382.7035,313.6088,270.1746,313.6088
263.2334,210.4200,374.4156,210.4200,374.4156,326.6284,263.2334,326.6284
256.4200,232.5540,370.3042,232.5540,370.3042,338.6263,256.4200,338.6263
357.3357,236.0784,364.3013,334.1598,252.5808,342.0941,245.6152,244.0126
260.3200,231.2000,371.7264,231.2000,371.7264,336.8440,260.3200,336.8440
261.3400,222.1800,373.7068,222.1800,373.7068,326.8636,261.3400,326.8636
259.6332,214.1600,369.7527,214.1600,369.7527,317.8832,259.6332,317.8832
253.3200,208.0000,364.7264,208.0000,364.7264,311.8800,253.3200,311.8800
255.5144,204.0000,362.8103,204.0000,362.8103,306.9000,255.5144,306.9000
363.3128,198.9816,370.9972,297.8979,258.0104,306.6754,250.3260,207.7591
263.3200,190.0000,374.7264,190.0000,374.7264,296.8200,263.3200,296.8200
268.2600,189.1000,376.7852,189.1000,376.7852,289.9420,268.2600,289.9420
267.0000,191.2000,377.7400,191.2000,377.7400,296.8440,267.0000,296.8440
276.3000,204.0000,386.7460,204.0000,386.7460,310.8200,276.3000,310.8200
285.5540,220.0000,393.7911,220.0000,393.7911,322.7628,285.5540,322.7628
288.2600,228.1200,396.7852,228.1200,396.7852,327.8864,288.2600,327.8864
278.0569,226.1800,388.7411,226.1800,388.7411,328.7699,278.0569,328.7699
250.3600,228.2200,361.4207,228.2200,361.4207,334.8244,250.3600,334.8244
329.3139,224.8698,344.5844,320.2168,228.8900,338.7460,213.6196,243.3990
214.8217,213.2600,319.6765,213.2600,319.6765,321.7852,214.8217,321.7852
312.1819,207.0913,307.9804,296.4808,193.8189,291.1151,198.0203,201.7256
199.3400,165.2200,311.7068,165.2200,311.7068,271.8244,199.3400,271.8244
313.5274,161.1935,319.6673,257.8474,208.2853,264.9228,202.1454,168.2690
219.4098,166.1800,331.0259,166.1800,331.0259,270.8636,219.4098,270.8636
341.7251,174.5200,349.7900,269.8505,240.0625,279.1333,231.9976,183.8029
244.2200,180.0000,350.8244,180.0000,350.8244,280.8420,244.2200,280.8420
367.1723,190.2719,355.4033,289.7069,243.2431,276.4317,255.0122,176.9967
261.8312,196.2600,374.3601,196.2600,374.3601,304.7852,261.8312,304.7852
410.6909,279.8174,326.1091,352.6286,250.3480,264.6200,334.9297,191.8089
401.7428,248.8079,395.8001,343.6823,285.5702,336.7779,291.5128,241.9034
285.2400,237.1800,390.6535,237.1800,390.6535,341.8636,285.2400,341.8636
386.4346,223.1076,381.1772,318.9651,266.9752,312.7016,272.2326,216.8441
361.6422,191.2870,383.4792,288.4798,273.5630,313.1754,251.7261,215.9826
347.1054,182.7105,370.5777,275.2874,257.6214,303.9268,234.1491,211.3499
322.0936,174.5779,357.6655,274.5444,240.8621,316.1075,205.2902,216.1410
216.5540,207.0000,324.7911,207.0000,324.7911,311.8600,216.5540,311.8600
323.4625,222.8413,336.0036,317.3052,228.1109,331.6292,215.5697,237.1653
347.9538,226.6971,349.6170,321.6865,235.3469,323.6873,233.6837,228.6980
370.0978,221.0287,382.9814,310.8289,263.0837,328.0306,250.2001,238.2304
273.4748,229.1000,379.8295,229.1000,379.8295,327.9252,273.4748,327.9252
274.2600,236.1400,382.7852,236.1400,382.7852,336.8475,274.2600,336.8475
270.5540,248.3560,378.7911,248.3560,378.7911,351.8871,270.5540,351.8871
271.1600,259.0200,374.8832,259.0200,374.8832,354.0804,271.1600,354.0804
269.2600,252.1000,375.6147,252.1000,375.6147,352.9420,269.2600,352.9420
271.2800,246.1400,378.5759,246.1400,378.5759,348.9028,271.2800,348.9028
273.2600,234.1800,379.6147,234.1800,379.6147,336.7699,273.2600,336.7699
381.7378,231.7297,378.7240,330.6050,272.1691,327.3571,275.1829,228.4818
373.0246,215.7607,394.5399,313.5939,277.0091,339.4411,255.4938,241.6078
362.5526,220.5282,392.2336,318.0464,273.0717,354.3150,243.3907,256.7968
354.0975,235.2735,360.6667,333.7480,254.2406,340.8477,247.6714,242.3731
249.2800,225.0000,358.7656,225.0000,358.7656,329.8600,249.2800,329.8600
355.2269,210.7238,362.5475,308.9789,252.4068,317.1850,245.0862,218.9300
250.2200,214.0000,354.6923,214.0000,354.6923,313.9600,250.2200,313.9600
348.3228,208.0839,362.1689,299.3622,243.9894,317.2890,230.1433,226.0107
246.2600,224.0200,352.6147,224.0200,352.6147,321.0204,246.2600,321.0204
357.7952,216.6942,379.2074,309.9084,264.8115,336.1863,243.3992,242.9720
350.9379,190.0299,411.9636,280.0067,314.5756,346.0589,253.5500,256.0820
290.5144,197.0000,397.8103,197.0000,397.8103,302.8400,290.5144,302.8400
395.8074,190.8319,395.1653,290.7114,290.0175,290.0354,290.6596,190.1559
385.2496,175.9272,406.5515,272.9400,293.4805,297.7679,272.1786,200.7551
385.1538,184.3454,400.5633,282.8759,285.2571,300.9090,269.8476,202.3785
282.6728,201.1000,391.5122,201.1000,391.5122,301.9420,282.6728,301.9420
378.1873,200.0788,392.6642,297.6505,268.2141,316.1153,253.7373,218.5435
344.4157,192.5997,354.5283,290.9061,238.9299,302.7974,228.8174,204.4910
327.3019,187.9398,333.0806,282.6754,223.1655,289.3800,217.3868,194.6444
220.4748,193.0800,326.8295,193.0800,326.8295,292.9616,220.4748,292.9616
352.5012,227.9397,318.6211,330.1501,205.5799,292.6799,239.4600,190.4695
375.8573,297.7696,308.2853,381.4154,218.6744,309.0247,286.2464,225.3789
368.6230,269.1866,387.2650,365.9053,279.4965,386.6771,260.8545,289.9584
361.8060,222.9199,438.9649,310.2438,342.3205,395.6382,265.1616,308.3143
311.5540,236.1400,419.7911,236.1400,419.7911,338.9028,311.5540,338.9028
424.3661,230.0521,415.1887,329.2442,303.9369,318.9510,313.1143,219.7589
410.6598,215.1157,417.9479,310.8145,295.6271,320.1300,288.3390,224.4313
278.2334,222.1400,385.0128,222.1400,385.0128,324.9028,278.2334,324.9028
364.3489,227.1158,377.5674,324.9258,253.2348,341.7286,240.0163,243.9186
330.4589,227.1021,341.7372,319.5547,224.5428,333.8512,213.2646,241.3986
343.2397,231.4125,351.1565,324.6122,237.6712,334.2522,229.7544,241.0525
378.3109,251.1840,372.2777,333.0527,249.1165,323.9765,255.1497,242.1077
374.3696,211.6274,440.0935,283.8349,354.5037,361.7395,288.7798,289.5320
430.7529,228.4351,431.4946,322.5514,325.1432,323.3895,324.4015,229.2732
336.3560,226.0000,439.8871,226.0000,439.8871,324.9800,336.3560,324.9800
345.1400,236.0000,447.9028,236.0000,447.9028,332.0400,345.1400,332.0400
348.1400,231.0000,450.9028,231.0000,450.9028,330.9600,348.1400,330.9600
347.3560,228.0200,450.8871,228.0200,450.8871,323.0804,347.3560,323.0804
442.9018,209.2440,469.9013,308.4046,351.8071,340.5594,324.8076,241.3988
379.2443,208.2146,455.8595,292.7129,365.6948,374.4659,289.0797,289.9676
417.1787,243.9158,436.6918,335.1429,308.7599,362.5069,289.2469,271.2798
391.2116,228.7843,421.7097,331.5657,302.6712,366.8876,272.1732,264.1062
405.9169,236.7489,412.0131,333.4055,303.9907,340.2186,297.8944,243.5620
422.9086,243.0587,412.3254,337.7124,303.8233,325.5808,314.4065,230.9271
327.7041,242.0000,428.6902,242.0000,428.6902,342.9400,327.7041,342.9400
450.3634,259.4567,452.5165,348.9005,340.5471,351.5958,338.3940,262.1520
453.3748,244.7411,464.6315,331.2842,356.3653,345.3665,345.1085,258.8234
469.7523,275.9098,401.5739,348.9854,309.9252,263.4785,378.1037,190.4029
431.9865,215.2351,371.3506,303.9789,273.1918,236.9100,333.8277,148.1662
383.8447,153.3936,397.8877,245.6216,286.6409,262.5604,272.5980,170.3323
280.3560,161.0000,383.8871,161.0000,383.8871,262.9200,280.3560,262.9200
390.1203,187.3564,377.3781,284.7304,267.6296,270.3688,280.3718,172.9948
268.8708,198.0000,377.8294,198.0000,377.8294,306.7800,268.8708,306.7800
251.7124,220.1800,359.2790,220.1800,359.2790,324.8636,251.7124,324.8636
335.8344,221.7628,356.3755,316.4693,234.0413,343.0025,213.5002,248.2960
312.8379,231.6710,328.5901,325.9312,222.4948,343.6611,206.7426,249.4010
220.0600,242.0000,318.9812,242.0000,318.9812,335.1780,220.0600,335.1780
330.7093,246.3858,331.0736,340.5043,226.8468,340.9077,226.4825,246.7892
238.6332,232.2924,346.5503,232.2924,346.5503,330.9858,238.6332,330.9858
248.1800,194.1800,352.8636,194.1800,352.8636,296.7699,248.1800,296.7699
238.3956,175.0600,342.8679,175.0600,342.8679,272.0028,238.3956,272.0028
232.1000,170.9800,332.9420,170.9800,332.9420,264.1580,232.1000,264.1580
227.6728,172.0000,332.2022,172.0000,332.2022,272.9400,227.6728,272.9400
296.6547,158.1745,344.7432,258.4240,236.6616,310.2695,188.5730,210.0200
297.9834,183.6137,323.8940,276.3185,204.9014,309.5763,178.9909,216.8716
187.1000,205.0000,287.9420,205.0000,287.9420,298.1780,187.1000,298.1780
183.0000,207.0600,285.9000,207.0600,285.9000,304.0028,183.0000,304.0028
178.1600,218.0000,279.8087,218.0000,279.8087,318.9400,178.1600,318.9400
181.1600,231.0000,280.7758,231.0000,280.7758,325.0800,181.1600,325.0800
300.0341,236.3822,300.5479,326.6584,182.5120,327.3301,181.9982,237.0540
335.1291,248.3194,329.8456,327.4669,226.4322,320.5636,231.7157,241.4161
328.9308,198.0910,393.7958,268.3682,309.1530,346.4923,244.2881,276.2151
396.9010,219.2608,391.1680,311.0227,284.0809,304.3323,289.8139,212.5704
309.3164,219.0400,409.8545,219.0400,409.8545,317.0008,309.3164,317.0008
314.1580,228.1600,412.9832,228.1600,412.9832,331.8832,314.1580,331.8832
389.9905,225.1139,423.4490,316.0150,303.6239,360.1198,270.1653,269.2188
343.3936,227.7352,342.1080,329.6471,226.5560,328.1895,227.8416,226.2776
316.9070,219.4372,308.8061,315.0208,204.3354,306.1667,212.4363,210.5831
290.2014,203.4051,303.2000,296.7878,190.8321,312.4290,177.8335,219.0463
284.6927,226.1169,276.4185,320.7598,171.4055,311.5789,179.6798,216.9360
292.5127,221.3326,315.4949,306.8935,204.9462,336.5876,181.9640,251.0266
227.4748,209.1200,329.6179,209.1200,329.6179,310.9224,227.4748,310.9224
343.3441,191.1779,350.0166,288.8342,242.0313,296.2124,235.3588,198.5561
362.9005,195.7702,357.5566,288.7760,250.1671,282.6056,255.5111,189.5998
384.6884,197.8952,385.1284,290.1310,275.2852,290.6549,274.8452,198.4191
422.3409,199.0623,426.1513,292.1624,309.9178,296.9196,306.1074,203.8196
332.1976,206.9200,429.9686,206.9200,429.9686,297.2744,332.1976,297.2744
329.2768,202.9800,428.8925,202.9800,428.8925,296.1580,329.2768,296.1580
405.8399,197.0393,410.3463,287.3189,305.5646,292.5493,301.0582,202.2696
267.2382,176.1000,370.5451,176.1000,370.5451,276.9420,267.2382,276.9420
332.7088,157.7342,339.4866,245.4708,230.7023,253.8745,223.9245,166.1379
325.8663,135.9512,358.8503,223.5514,259.8680,260.8211,226.8840,173.2209
281.5865,138.9400,380.8008,138.9400,380.8008,232.0988,281.5865,232.0988
296.6171,126.0000,396.9523,126.0000,396.9523,220.1192,296.6171,220.1192
301.0400,117.0000,399.0008,117.0000,399.0008,210.1588,301.0400,210.1588
300.2768,119.0000,401.9255,119.0000,401.9255,219.9400,300.2768,219.9400
292.5936,141.0000,401.7719,141.0000,401.7719,246.6440,292.5936,246.6440
293.3200,178.1800,404.7264,178.1800,404.7264,282.8636,293.3200,282.8636
405.1142,229.8798,403.4554,315.3393,305.5131,313.4382,307.1719,227.9787
306.0000,224.0000,402.0400,224.0000,402.0400,318.1192,306.0000,318.1192
302.0400,210.0000,400.0008,210.0000,400.0008,308.0000,302.0400,308.0000
294.0800,198.0000,393.9616,198.0000,393.9616,294.0400,294.0800,294.0400
290.0600,187.9600,388.9812,187.9600,388.9812,282.0792,290.0600,282.0792
386.6803,184.0682,386.2982,266.6617,287.3781,266.2041,287.7601,183.6106
385.4711,152.1546,383.7045,235.7705,280.9646,233.5999,282.7312,149.9840
386.3449,107.2982,389.9606,188.4071,273.3686,193.6045,269.7528,112.4957
395.5313,63.8534,417.6791,145.6221,312.7776,174.0357,290.6297,92.2670
436.3379,162.5974,346.3768,205.8312,300.3121,109.9796,390.2732,66.7458
433.0656,222.6133,333.6225,230.6368,324.7952,121.2305,424.2383,113.2070
358.3214,139.6504,445.8232,188.4528,390.1504,288.2733,302.6486,239.4709
380.8785,149.1474,440.1695,232.3448,337.7574,305.3293,278.4664,222.1319
366.6108,166.7919,426.0937,251.5466,325.3217,322.2709,265.8388,237.5163
339.8382,178.6154,414.3847,250.6730,328.0002,340.0412,253.4537,267.9836
354.0167,202.9526,397.0899,293.0599,293.4890,342.5833,250.4158,252.4760
266.0800,228.9600,365.9616,228.9600,365.9616,323.0792,266.0800,323.0792
272.0200,235.9200,369.0204,235.9200,369.0204,328.1184,272.0200,328.1184
278.0000,230.0000,377.9600,230.0000,377.9600,326.0400,278.0000,326.0400
286.0600,219.0000,384.9812,219.0000,384.9812,314.0796,286.0600,314.0796
383.5746,209.6756,397.5298,296.2383,294.0900,312.9143,280.1348,226.3516
304.2768,191.0000,405.9255,191.0000,405.9255,288.9608,304.2768,288.9608
312.0800,187.9600,411.9616,187.9600,411.9616,282.0792,312.0800,282.0792
404.0540,178.4967,429.7866,258.5315,326.6063,291.7058,300.8737,211.6710
333.0788,193.0000,428.0827,193.0000,428.0827,290.0200,333.0788,290.0200
331.0000,210.0600,431.9400,210.0600,431.9400,308.9812,331.0000,308.9812
375.6424,203.4563,448.2287,274.2216,368.1968,356.3130,295.6105,285.5477
345.6964,223.8104,424.3748,286.0668,355.7977,372.7333,277.1192,310.4769
380.2395,251.3969,398.6523,336.4318,283.6680,361.3296,265.2552,276.2947
263.0600,259.0000,361.9812,259.0000,361.9812,352.1000,263.0600,352.1000
259.0400,254.9400,355.0416,254.9400,355.0416,346.2356,259.0400,346.2356
245.1000,223.1800,340.0117,223.1800,340.0117,327.8636,245.1000,327.8636
332.2562,207.7016,339.5001,285.8282,232.0440,295.7916,224.8000,217.6649
352.5139,204.7109,351.7961,269.3734,251.4670,268.2597,252.1848,203.5972
374.4977,174.1611,377.2290,262.6663,277.8450,265.7332,275.1138,177.2280
289.2000,175.0000,388.6313,175.0000,388.6313,271.0400,289.2000,271.0400
308.3164,189.0400,404.8732,189.0400,404.8732,287.0008,308.3164,287.0008
321.2000,206.0400,418.6427,206.0400,418.6427,304.0008,321.2000,304.0008
437.3295,324.9909,346.2835,329.7444,340.8365,225.4142,431.8825,220.6607
346.0400,245.0000,442.0416,245.0000,442.0416,343.9800,346.0400,343.9800
341.1000,261.0000,441.9420,261.0000,441.9420,354.1000,341.1000,354.1000
411.8920,246.4273,447.0972,333.9740,343.5083,375.6303,308.3031,288.0836
381.7386,245.8627,422.6627,333.9570,317.8986,382.6250,276.9745,294.5306
365.4518,271.0814,366.6596,362.2134,251.8443,363.7351,250.6365,272.6031
303.8747,254.0393,334.3833,334.5691,229.9439,374.1359,199.4352,293.6061
208.2200,241.0000,312.6923,241.0000,312.6923,345.8600,208.2200,345.8600
317.1540,233.4524,320.3820,314.9923,217.8723,319.0505,214.6443,237.5105
313.2885,195.8530,323.4875,282.9563,217.7534,295.3367,207.5544,208.2334
299.7242,168.4634,354.9519,244.9827,266.5392,308.7945,211.3114,232.2752
352.2880,175.0628,373.3184,264.2951,262.4972,290.4135,241.4669,201.1812
293.0053,184.9400,391.6938,184.9400,391.6938,278.0988,293.0053,278.0988
307.4689,183.0000,406.9002,183.0000,406.9002,277.1192,307.4689,277.1192
316.0400,187.9800,414.0008,187.9800,414.0008,281.1580,316.0400,281.1580
322.9996,195.0000,418.0600,195.0000,418.0600,293.9800,322.9996,293.9800
325.0400,210.0000,423.0008,210.0000,423.0008,304.1192,325.0400,304.1192
371.8997,198.1450,447.4499,266.6300,368.5208,353.7018,292.9706,285.2168
378.5771,225.5648,395.8105,313.3779,283.0143,335.5142,265.7809,247.7011
340.4492,221.2341,358.1215,310.7442,238.9101,334.2805,221.2379,244.7704
296.4071,216.8179,321.6290,310.2675,206.7540,341.2722,181.5321,247.8225
181.1400,226.0000,279.8334,226.0000,279.8334,320.1192,181.1400,320.1192
284.4764,226.1085,293.3119,320.7007,190.9995,330.2572,182.1641,235.6651
306.4062,214.2360,349.2101,301.6965,248.0512,351.2046,205.2473,263.7440
245.1800,226.0000,349.8636,226.0000,349.8636,324.0000,245.1800,324.0000
343.0057,212.6121,362.6866,297.5630,258.5590,321.6865,238.8782,236.7356
376.8139,228.5859,370.9967,312.9006,258.5602,305.1432,264.3774,220.8285
432.1563,206.5412,455.8506,293.6539,342.9121,324.3728,319.2178,237.2601
464.7314,201.6805,469.0837,296.6412,361.9003,301.5537,357.5481,206.5930
443.6836,198.7180,453.3511,292.3393,339.1188,304.1351,329.4513,210.5137
394.9282,184.1841,424.2915,264.6419,305.4346,308.0191,276.0713,227.5614
322.6057,197.9267,346.7511,281.9214,235.1232,314.0104,210.9778,230.0156
258.1710,207.9954,275.0172,298.5885,169.2653,318.2535,152.4191,227.6604
227.6694,186.1414,283.7366,265.7181,192.7290,329.8392,136.6617,250.2625
256.0858,149.0222,325.8710,226.7956,230.0119,312.8088,160.2268,235.0354
215.2372,157.0000,315.9447,157.0000,315.9447,257.5381,215.2372,257.5381
309.2053,145.8291,326.0463,237.5733,221.4144,256.7800,204.5734,165.0358
219.2372,161.1000,317.9306,161.1000,317.9306,254.1134,219.2372,254.1134
347.4678,250.7324,261.8583,308.0125,202.1949,218.8411,287.8045,161.5610
232.1400,216.0000,334.9028,216.0000,334.9028,318.9000,232.1400,318.9000
331.1848,241.4426,329.0387,329.0413,229.1871,326.5950,231.3332,238.9963
238.0800,256.0000,335.9640,256.0000,335.9640,347.2956,238.0800,347.2956
247.0400,262.9400,345.0008,262.9400,345.0008,356.0988,247.0400,356.0988
241.0400,252.0000,337.0416,252.0000,337.0416,346.1192,241.0400,346.1192
315.3528,236.6286,338.6037,315.7282,224.5464,349.2547,201.2955,270.1552
218.2400,261.0800,323.6535,261.0800,323.6535,358.9640,218.2400,358.9640
258.1976,278.0000,354.0132,278.0000,354.0132,376.9800,258.1976,376.9800
272.6171,284.0000,372.9523,284.0000,372.9523,378.1192,272.6171,378.1192
374.8362,283.2465,366.0456,369.9370,259.9850,359.1822,268.7757,272.4917
360.3287,242.7492,382.9144,334.2361,274.5610,360.9858,251.9752,269.4988
271.2000,207.0491,376.8440,207.0491,376.8440,306.8835,271.2000,306.8835
277.0572,152.0000,372.0612,152.0000,372.0612,249.0004,277.0572,249.0004
323.1932,127.2173,373.5011,213.3892,279.3897,268.3322,229.0818,182.1603
323.3130,137.6993,353.3026,227.7404,241.2182,265.0719,211.2285,175.0308
323.8039,161.0927,345.3548,260.7156,231.7828,285.2840,210.2319,185.6611
328.6562,200.7730,335.8208,303.1125,215.1059,311.5635,207.9413,209.2241
330.3596,246.8970,318.7958,330.9136,214.2348,316.5220,225.7987,232.5054
325.9617,252.4041,332.6470,341.1784,225.8851,349.2183,219.1998,260.4440
321.3292,224.8609,361.8292,313.2809,259.5563,360.1261,219.0563,271.7062
343.8183,231.9310,342.7127,326.4864,235.9846,325.2386,237.0901,230.6831
244.1184,223.0000,342.0024,223.0000,342.0024,320.0200,244.1184,320.0200
257.0000,222.0000,355.9212,222.0000,355.9212,315.1000,257.0000,315.1000
278.1976,209.0000,377.9640,209.0000,377.9640,308.8816,278.1976,308.8816
279.1976,199.0200,378.9640,199.0200,378.9640,296.0204,279.1976,296.0204
267.0000,185.0000,367.9400,185.0000,367.9400,282.0004,267.0000,282.0004
278.0400,176.0000,376.0008,176.0000,376.0008,273.0004,278.0400,273.0004
398.8108,183.9935,389.2704,273.5094,273.3197,261.1516,282.8600,171.6358
288.9393,188.1400,395.6020,188.1400,395.6020,290.9028,288.9393,290.9028
278.0053,218.0000,382.8601,218.0000,382.8601,323.6440,278.0053,323.6440
273.0200,247.9600,370.0204,247.9600,370.0204,342.0792,273.0200,342.0792
378.7996,257.4701,385.7146,343.8965,286.1528,351.8625,279.2378,265.4361
288.0600,249.0000,386.9812,249.0000,386.9812,345.0400,288.0600,345.0400
279.0400,237.0000,375.0416,237.0000,375.0416,333.0400,279.0400,333.0400
270.0400,235.8800,368.0008,235.8800,368.0008,324.3521,270.0400,324.3521
273.1184,236.9200,371.0024,236.9200,371.0024,327.2744,273.1184,327.2744
273.0788,231.0000,370.0216,231.0000,370.0216,324.1000,273.0788,324.1000
267.0200,222.9800,364.0204,222.9800,364.0204,316.1580,267.0200,316.1580
350.3961,210.5948,360.0441,300.7853,259.9079,311.4972,250.2599,221.3067
254.0400,216.9400,352.0008,216.9400,352.0008,310.0988,254.0400,310.0988
251.0200,223.9200,348.0204,223.9200,348.0204,316.1184,251.0200,316.1184
332.5979,218.8315,344.5840,307.2787,242.4705,321.1169,230.4844,232.6696
237.1200,220.9400,338.9224,220.9400,338.9224,314.0988,237.1200,314.0988
261.2000,217.9000,362.6605,217.9000,362.6605,309.1380,261.2000,309.1380
393.2216,225.5267,380.0294,316.0285,274.7869,300.6875,287.9792,210.1857
363.7761,211.8241,394.4007,306.2065,291.6631,339.5421,261.0386,245.1597
342.1756,213.0208,382.9164,300.3805,278.4045,349.1203,237.6637,261.7606
253.0000,235.9800,354.9200,235.9800,354.9200,331.0596,253.0000,331.0596
262.0600,222.0000,360.9812,222.0000,360.9812,322.9400,262.0600,322.9400
265.1000,212.0000,365.9420,212.0000,365.9420,307.0796,265.1000,307.0796
268.0200,210.9600,365.0204,210.9600,365.0204,303.1968,268.0200,303.1968
271.0800,213.9800,370.9616,213.9800,370.9616,307.1580,271.0800,307.1580
280.0600,219.0000,378.9812,219.0000,378.9812,312.1000,280.0600,312.1000
280.0400,219.9600,378.0008,219.9600,378.0008,312.1968,280.0400,312.1968
270.0800,216.0000,369.9616,216.0000,369.9616,310.0800,270.0800,310.0800
272.0200,213.0000,369.0204,213.0000,369.0204,305.1984,272.0200,305.1984
275.0788,216.9400,372.0216,216.9400,372.0216,310.0988,275.0788,310.0988
275.0000,225.0200,374.9600,225.0200,374.9600,320.0804,275.0000,320.0804
268.1400,237.0200,370.9028,237.0200,370.9028,334.0204,268.1400,334.0204
264.0000,245.9000,362.9800,245.9000,362.9800,337.1380,264.0000,337.1380
273.0800,231.0000,372.9616,231.0000,372.9616,330.9600,273.0800,330.9600
284.0600,218.0200,382.9812,218.0200,382.9812,313.0804,284.0600,313.0804
283.0400,216.9204,381.0008,216.9204,381.0008,306.4086,283.0400,306.4086
348.8143,194.5286,404.5716,280.6216,303.9114,345.8133,248.1541,259.7203
349.1810,218.7226,382.1891,309.1536,279.4041,346.6710,246.3960,256.2400
264.0800,229.9204,363.9616,229.9204,363.9616,321.2348,264.0800,321.2348
266.0800,209.0000,365.9616,209.0000,365.9616,303.1192,266.0800,303.1192
271.0800,202.9000,370.9616,202.9000,370.9616,294.1380,271.0800,294.1380
273.0800,207.9400,372.9616,207.9400,372.9616,299.2356,273.0800,299.2356
274.0800,222.9204,373.9616,222.9204,373.9616,314.2348,274.0800,314.2348
353.6245,208.1421,398.4916,293.3871,291.4135,349.7457,246.5464,264.5007
262.1000,233.9600,362.9420,233.9600,362.9420,326.1968,262.1000,326.1968
339.6407,206.4247,389.4094,293.2166,291.8669,349.1500,242.0982,262.3581
268.0392,226.9200,364.0408,226.9200,364.0408,319.1184,268.0392,319.1184
333.4019,198.3283,390.9611,280.8918,292.8141,349.3152,235.2549,266.7517
323.0576,206.8451,382.0999,288.3071,285.2623,358.4935,226.2199,277.0316
246.0600,249.7620,344.9812,249.7620,344.9812,339.1752,246.0600,339.1752
333.7595,229.4400,360.4968,314.7579,257.0113,347.1886,230.2740,261.8707
344.7844,232.6425,350.0584,323.7860,248.4260,329.6670,243.1520,238.5235
250.0788,232.9200,347.0216,232.9200,347.0216,325.1184,250.0788,325.1184
342.1628,229.5784,353.4582,318.1438,248.3248,331.5523,237.0293,242.9868
248.1184,251.8412,346.0024,251.8412,346.0024,341.3109,248.1184,341.3109
347.1934,257.5994,349.2554,346.9888,249.5156,349.2897,247.4535,259.9002
250.1580,258.9200,348.9832,258.9200,348.9832,351.1184,250.1580,351.1184
347.7297,261.6196,346.6525,351.9676,246.8932,350.7782,247.9704,260.4301
340.9321,246.0974,351.6830,336.2904,249.3604,348.4872,238.6095,258.2942
331.9615,234.0263,354.5247,322.5753,245.7688,350.2875,223.2056,261.7385
328.9838,227.5257,352.2770,315.3827,242.8571,344.3929,219.5638,256.5358
339.5614,227.2872,338.4091,321.3602,232.7730,320.0663,233.9253,225.9933
337.0114,217.2320,335.9107,310.3255,236.1514,309.1460,237.2520,216.0525
335.3040,218.7686,334.7240,309.0443,236.3699,308.4123,236.9500,218.1366
333.0891,213.7097,347.4002,305.3011,244.9204,321.3135,230.6094,229.7220
329.9493,201.9322,357.9890,288.0918,254.9396,321.6282,226.8998,235.4685
334.0632,194.2673,358.1547,280.0940,255.1801,308.9989,231.0886,223.1722
340.9962,195.4326,360.4290,275.9823,256.6742,301.0134,237.2413,220.4638
352.6676,216.0288,346.5972,306.2168,246.3910,299.4721,252.4615,209.2841
253.1184,228.9200,351.0024,228.9200,351.0024,319.2744,253.1184,319.2744
349.5558,238.2351,356.1537,324.9798,256.5598,332.5551,249.9619,245.8104
253.1184,235.9400,351.0024,235.9400,351.0024,327.2356,253.1184,327.2356
336.9877,210.0718,369.3041,305.2722,264.9675,340.6900,232.6511,245.4895
350.5849,209.8973,371.9162,306.2570,270.9922,328.5988,249.6609,232.2391
355.2617,215.2677,372.0066,303.6090,269.2845,323.0798,252.5395,234.7384
339.9861,206.3622,389.9065,291.9865,290.4821,349.9526,240.5617,264.3283
342.4846,214.1801,380.3260,303.8002,270.1734,350.3113,232.3320,260.6913
334.7551,218.5721,363.9440,305.5657,261.5039,339.9373,232.3150,252.9437
331.5548,204.4143,372.2826,290.5038,271.6540,338.1098,230.9262,252.0203
338.0863,202.4165,370.0166,291.4318,264.6294,329.2348,232.6991,240.2195
320.7352,200.3847,370.9715,289.2150,265.2474,349.0052,215.0112,260.1748
319.4852,227.4434,353.1358,312.4035,250.6671,352.9888,217.0165,268.0286
236.1580,251.9000,334.9832,251.9000,334.9832,341.3132,236.1580,341.3132
337.8074,235.7152,363.8810,326.4704,260.4468,356.1866,234.3732,265.4314
359.5706,226.6579,384.5624,321.9517,278.9820,349.6413,253.9902,254.3475
369.7977,218.9993,384.9420,304.4530,281.6961,322.7505,266.5517,237.2968
356.2693,203.4457,395.9752,293.5971,285.5593,342.2282,245.8534,252.0768
336.3362,222.2516,369.1906,310.5604,257.9257,351.9553,225.0714,263.6466
369.6418,252.5054,370.6379,338.7314,248.8934,340.1377,247.8974,253.9118
375.7090,246.8491,383.1514,331.6246,276.5992,340.9787,269.1569,256.2032
382.9474,233.0692,376.2771,327.8953,266.4290,320.1683,273.0993,225.3423
359.5929,205.8675,382.9184,293.2925,265.0701,324.7352,241.7446,237.3101
339.6554,206.8841,368.4836,296.1214,251.0918,334.0449,222.2636,244.8076
235.0400,228.9200,333.0008,228.9200,333.0008,319.2744,235.0400,319.2744
331.0423,221.5742,341.1825,311.3957,239.0683,322.9236,228.9281,233.1021
238.0800,223.9000,337.9616,223.9000,337.9616,315.1380,238.0800,315.1380
233.1000,224.9200,333.9420,224.9200,333.9420,317.1184,233.1000,317.1184
329.5510,223.9646,332.0984,314.2831,231.4309,317.1224,228.8835,226.8039
237.1200,229.9400,338.9224,229.9400,338.9224,323.0988,237.1200,323.0988
339.6357,242.0552,337.1104,333.3159,234.3869,330.4733,236.9122,239.2126
364.3073,258.2711,346.0486,354.4755,240.9642,334.5315,259.2229,238.3271
400.4197,241.9877,414.1289,334.1517,302.8384,350.7059,289.1292,258.5419
423.0798,250.9274,411.8407,334.6030,304.5669,320.1942,315.8061,236.5186
383.3367,228.4520,404.1898,308.0236,300.3783,335.2292,279.5251,255.6576
349.5109,232.8676,377.4553,323.4547,260.6478,359.4876,232.7033,268.9005
317.8682,253.8823,341.2363,341.7054,225.6445,372.4623,202.2763,284.6393
319.3354,265.9940,330.2972,353.0046,223.2265,366.4936,212.2647,279.4830
350.9851,264.4419,350.3937,353.8532,238.9898,353.1164,239.5811,263.7051
354.2456,257.3547,355.8903,346.8093,253.3177,348.6952,251.6730,259.2406
330.8564,245.3478,358.2617,329.9363,254.1998,363.6506,226.7945,279.0620
322.3419,251.6755,337.8515,335.3806,232.3513,354.9286,216.8417,271.2235
308.1768,256.9951,319.1710,345.3284,216.0771,358.1597,205.0830,269.8264
319.7914,262.8575,325.5300,350.3499,222.0798,357.1351,216.3412,269.6428
334.1118,262.9947,343.7352,351.0547,240.8168,362.3018,231.1935,274.2418
341.9952,259.1164,341.8113,346.7412,240.9695,346.5296,241.1534,258.9048
343.7014,255.1098,339.3788,343.5515,238.6570,338.6286,242.9797,250.1869
333.4895,245.3023,339.4129,331.0630,234.9781,338.2762,229.0547,252.5155
326.1755,233.3526,345.2603,321.1559,238.7448,344.3080,219.6600,256.5045
339.2598,227.0460,353.6910,318.2586,247.4477,335.0679,233.0166,243.8552
344.5385,227.9799,344.7603,317.3929,242.9582,317.6454,242.7364,228.2324
338.6472,222.0542,342.1920,310.4552,242.3906,314.4572,238.8458,226.0562
339.2267,213.2824,344.2595,300.8181,243.5837,306.6064,238.5509,219.0706
342.2816,209.0826,348.3608,297.4210,246.7986,304.4102,240.7194,216.0718
249.0600,216.9200,347.9812,216.9200,347.9812,307.2744,249.0600,307.2744
342.9871,262.0728,344.9747,337.7646,222.9443,340.9691,220.9566,265.2772
327.4238,285.4969,331.5111,366.5623,229.9913,371.6809,225.9040,290.6154
321.1888,285.5879,328.3197,364.9941,229.8907,373.8334,222.7597,294.4272
337.3114,276.1169,336.0288,350.7647,234.2414,349.0158,235.5240,274.3680
341.8221,248.9622,343.8778,329.8786,242.2619,332.4602,240.2062,251.5438
350.5335,234.0881,350.5047,314.6997,250.8890,314.6642,250.9178,234.0525
355.2822,214.2138,356.1372,294.4553,255.3010,295.5298,254.4459,215.2883
358.0405,207.4467,345.2279,286.1910,246.7566,270.1686,259.5692,191.4243
345.8903,192.8313,341.1305,272.6909,239.5084,266.6339,244.2682,186.7744
348.5718,170.7525,344.4079,255.5082,242.7281,250.5128,246.8921,165.7572
343.1803,153.2899,353.4547,241.2763,253.4268,252.9568,243.1524,164.9704
362.1998,168.4121,355.1129,254.8986,257.6685,246.9137,264.7554,160.4272
378.3083,196.9346,356.0606,279.9304,254.2417,252.6369,276.4894,169.6412
374.7070,221.9917,365.5552,299.0101,243.4758,284.5038,252.6277,207.4854
377.0606,249.7439,368.2402,326.7455,269.0075,315.3785,277.8279,238.3769
374.3785,246.2403,369.4105,321.7111,269.7446,315.1504,274.7126,239.6795
376.6276,230.9993,365.4144,303.8995,261.2262,287.8738,272.4393,214.9736
353.4947,178.9158,386.3871,269.9486,286.6996,305.9682,253.8072,214.9353
389.5697,198.2338,388.9128,284.1791,288.5805,283.4122,289.2375,197.4669
414.8651,213.8616,405.7433,293.2519,300.6986,281.1823,309.8205,201.7921
394.0228,194.9929,426.9369,283.1955,327.7083,320.2241,294.7943,232.0215
382.3943,197.2162,421.1805,282.3100,322.8970,327.1080,284.1109,242.0142
368.9124,199.0720,410.6903,285.3886,312.0813,333.1161,270.3034,246.7995
391.4402,228.9818,386.1724,317.3723,287.4264,311.4872,292.6942,223.0967
402.5938,259.8201,387.6600,339.8745,281.0290,319.9828,295.9628,239.9285
407.6207,279.4654,402.2169,354.9062,303.6443,347.8455,309.0481,272.4046
406.8022,273.4896,413.1902,357.7716,312.6366,365.3929,306.2486,281.1108
402.8846,273.5849,402.9338,353.3842,299.4027,353.4480,299.3535,273.6487
392.4602,258.4067,388.6452,337.3748,285.0429,332.3697,288.8578,253.4017
385.0262,239.4306,384.9606,310.4529,281.2374,310.3571,281.3030,239.3348
388.1383,212.1657,379.0702,294.6779,277.0942,283.4706,286.1624,200.9585
379.0532,197.6897,383.5834,284.0222,283.1834,289.2906,278.6532,202.9581
379.6827,205.7648,381.7522,291.3882,282.1655,293.7952,280.0961,208.1717
397.3526,229.6772,387.4609,308.2295,285.8803,295.4380,295.7719,216.8857
401.7082,223.9569,407.1508,308.5520,307.7406,314.9478,302.2980,230.3527
400.4620,226.3157,410.3625,307.9099,308.7252,320.2424,298.8246,238.6483
392.5311,218.4923,423.2174,302.1889,313.2091,342.5220,282.5228,258.8254
387.8280,225.5497,422.0697,306.2053,310.3045,353.6544,276.0627,272.9987
382.8951,239.5215,399.2784,319.8084,294.6641,341.1561,278.2807,260.8692
387.7269,237.4381,396.0220,318.4355,292.3367,329.0541,284.0417,248.0566
386.7079,233.4521,389.6260,309.0300,288.0529,312.9518,285.1349,237.3739
388.6560,206.5383,396.1342,293.1448,291.3741,302.1905,283.8959,215.5840
386.9433,199.4050,393.4036,282.8889,295.1700,290.4907,288.7096,207.0067
385.9118,191.2527,398.4486,272.6057,297.4972,288.1627,284.9604,206.8097
388.5946,190.0574,403.5651,271.0214,300.1678,290.1399,285.1973,209.1759
406.2886,204.6690,402.2374,286.4051,297.2164,281.1999,301.2675,199.4638
427.5490,227.4603,420.7262,309.1190,321.6402,300.8401,328.4630,219.1814
429.5641,232.0259,433.6407,320.4039,328.3391,325.2611,324.2626,236.8830
379.6850,225.4366,435.0460,288.9737,348.1548,364.6836,292.7938,301.1466
377.2993,245.2523,389.7662,332.7252,282.0156,348.0821,269.5487,260.6093
354.7599,240.4540,369.3496,324.9844,263.9332,343.1790,249.3435,258.6486
244.2372,237.1976,342.9306,237.1976,342.9306,331.0969,244.2372,331.0969
328.7179,224.3906,321.5834,310.1171,217.8097,301.4806,224.9442,215.7541
322.5504,194.4209,332.2467,268.7621,225.2360,282.7194,215.5397,208.3782
334.1685,165.9613,355.3836,247.3503,255.6515,273.3467,234.4365,191.9577
366.8617,186.8350,355.9655,272.7668,255.1242,259.9800,266.0204,174.0482
365.5015,191.0219,367.9339,280.3060,275.7313,282.8178,273.2989,193.5337
370.1526,206.8283,369.6266,288.1794,275.5094,287.5710,276.0353,206.2198
378.2874,200.0938,392.1562,278.7966,285.9034,297.5203,272.0345,218.8174
376.1465,201.9417,395.5166,284.7723,293.4452,308.6419,274.0751,225.8113
383.0346,205.5351,396.5817,282.2246,292.3091,300.6441,278.7621,223.9546
379.4917,209.0382,392.2367,286.2762,291.8157,302.8466,279.0707,225.6086
378.2776,203.3503,398.2796,282.4538,294.8126,308.6162,274.8106,229.5127
