1
141.3699,27.3019,30.9375,126.1138
140.4379,26.3094,30.8074,127.9000
139.9039,25.5180,30.8017,128.8565
140.4648,25.5399,30.7707,128.9410
139.4156,25.5572,30.7822,129.5027
139.1438,26.4266,30.8454,129.5293
138.3118,26.4876,30.8343,129.9459
137.4853,26.9386,30.9774,130.2559
137.7160,26.8150,30.8277,129.9256
136.9480,26.8402,30.7216,130.6560
136.2481,27.9950,30.5706,130.4796
135.6132,28.9956,30.6065,130.2694
135.5874,29.8981,30.4786,129.9170
135.4720,31.7962,30.5254,129.5033
134.5433,32.2567,30.6468,129.0013
133.3264,31.2444,30.6782,129.7042
133.5615,31.3395,30.7851,129.7307
133.2572,30.9140,30.5685,130.4078
132.9800,31.0464,30.7212,129.9396
134.1396,30.7984,30.7684,129.2858
133.9268,29.8402,30.6856,129.6518
134.4034,30.0124,30.6306,129.4376
135.2703,30.3222,30.7977,128.5665
134.8564,29.0970,30.7288,129.2689
135.5754,29.7290,30.7108,129.1161
136.5059,30.7367,30.5899,128.5748
136.9496,29.1968,30.7265,129.0049
137.5335,30.1797,30.6566,128.8082
137.8407,30.3772,30.6512,128.9988
138.2675,30.5660,30.5641,129.0415
138.1830,30.1945,30.4527,129.9756
138.5688,31.2124,30.4819,129.5761
138.9274,32.0741,30.6273,128.6610
137.7976,33.5557,30.7471,128.0708
137.2644,34.4577,30.7497,128.0909
137.6081,34.7547,30.7074,127.7478
136.7842,33.0197,30.6375,129.1474
136.3398,33.5986,30.5452,129.4101
135.3606,34.1582,30.5327,129.2439
134.7777,33.9878,30.6100,129.7014
133.6596,34.7648,30.7016,129.1288
134.5164,35.4071,30.4936,128.7839
134.5709,34.0969,30.5253,129.6254
134.5924,34.6413,30.5460,129.6848
134.6706,34.5590,30.4784,129.8040
134.7594,35.3846,30.5460,129.5139
133.6684,35.4135,30.6557,129.3804
135.0062,35.9343,30.5936,128.2941
134.0285,36.7496,30.5255,128.5448
134.5083,37.5692,30.5321,127.8996
134.4065,36.8678,30.4394,128.4837
134.3236,37.7167,30.4244,128.1257
133.4827,36.0521,30.3588,129.4134
133.6932,37.2638,30.2415,128.8238
134.0542,37.7740,30.2355,128.3220
133.4185,36.7572,30.2240,128.7915
133.4187,36.8521,30.1283,128.3755
134.1720,37.3331,29.8344,128.1155
134.3527,36.7802,29.6897,128.0752
134.7438,35.4251,29.6822,128.2415
135.1001,34.8237,29.5322,128.0890
136.2796,34.3137,29.6352,128.6291
136.1936,35.7445,29.6223,127.9796
137.5096,35.9304,29.7601,127.3098
137.6697,37.1579,29.6779,126.6925
138.6005,38.2235,29.7291,125.3214
138.2059,39.0981,29.6457,123.5279
139.0984,37.7921,29.7747,122.8499
139.4270,37.9788,29.5388,122.2240
139.7207,37.1627,29.7290,122.1250
139.9410,38.4670,30.1272,121.6938
139.6488,39.7396,30.3959,120.6951
138.9845,40.1048,30.7538,119.2452
137.2846,42.3549,31.2932,118.4810
135.8641,42.1661,32.0407,117.9875
132.6716,41.6323,33.3999,116.0721
127.7674,40.6081,35.1771,113.6365
124.1345,40.4518,36.2254,111.7709
118.9456,40.4611,37.3224,109.8237
112.6777,38.9886,38.2035,107.9801
108.0490,40.7315,38.4527,107.4439
103.2944,39.6927,38.9722,108.3449
98.4612,37.9541,39.8429,108.1777
97.2649,40.3182,40.5754,106.2002
93.2005,45.1037,42.1736,102.9338
91.7354,45.5547,43.9641,100.3687
89.7402,48.6920,46.3228,97.5036
89.2022,51.0280,48.7520,94.8633
87.4775,52.1416,52.9310,91.8378
87.6214,51.8808,56.0746,90.2095
88.6801,52.2786,58.8771,90.0611
90.3919,52.4955,65.9674,87.4981
87.6471,53.1854,71.1936,86.2659
93.8284,50.5685,71.5834,86.5025
106.8750,48.0080,71.4814,88.0233
110.7073,45.7321,68.8545,90.0720
114.4928,42.9900,65.5541,92.1156
115.3135,38.6906,65.1509,92.5390
114.6302,38.6486,64.7351,92.2096
110.2257,41.6015,66.6591,90.3396
105.8366,41.3470,66.0960,91.4077
104.9342,39.9507,64.8541,93.0430
106.2385,41.0556,64.3003,93.7613
107.9614,44.1867,64.2612,92.6918
106.3060,46.4381,64.6241,91.7005
110.0608,47.9039,63.5740,91.4753
110.2741,48.0742,62.3152,93.1250
110.0206,47.3439,62.1044,94.2980
106.6675,50.2660,63.0238,95.0794
104.8051,49.4175,65.1942,95.4190
107.0846,47.3133,67.6780,95.6541
113.9198,43.1609,66.6869,96.1074
119.7782,41.5791,65.7714,96.2527
122.7313,42.6934,64.3792,96.4956
121.4443,43.6871,62.7614,96.9991
115.9117,45.8182,62.5396,96.0466
112.2404,44.9568,62.6901,97.0960
110.6793,43.9103,62.5965,99.5856
115.4000,44.1212,63.3387,100.4990
119.7258,46.4374,64.0923,101.2259
124.4974,46.3354,65.4651,100.1328
124.4921,49.7514,65.3295,100.1187
121.8782,50.9078,64.2710,100.4121
118.8285,49.6598,64.6065,101.8501
119.8307,46.2575,64.8472,103.8250
122.3556,41.6473,65.6014,104.7582
128.8237,42.1427,64.8298,102.8100
129.9276,46.5818,63.6138,100.8545
132.7918,48.6316,62.0374,99.1853
134.3684,52.2114,62.4450,98.2581
134.7368,56.7561,58.7148,100.6851
134.4996,58.0114,55.6975,101.7932
135.8544,63.2159,53.8720,102.6164
137.5770,67.8646,52.4107,104.4039
138.2273,71.2371,51.6678,104.6648
138.9325,70.1692,51.7340,103.3699
127.7330,70.2042,52.8020,103.2246
118.6102,69.8790,51.9631,103.1343
117.7714,64.8718,59.9097,95.9900
118.3132,51.2156,78.7447,80.1602
110.2509,49.5485,90.3675,71.1272
100.5294,40.4124,99.0829,65.6736
101.9233,26.5055,94.2549,71.8839
108.2332,18.4454,87.0131,79.4433
135.3379,20.4462,82.4289,86.6861
138.7713,19.3489,78.9417,92.9283
139.8976,21.2483,76.1854,95.3778
141.0241,30.0221,76.4133,94.2322
141.5504,52.4855,76.7190,91.3817
147.4657,61.8125,79.6630,85.8120
151.1144,68.9769,89.8410,76.6016
142.2972,85.7599,93.8928,69.1070
141.5417,96.9768,95.0339,68.0261
137.5816,99.6523,89.7608,72.4375
137.3611,94.4004,81.5253,77.8277
140.4819,91.8149,74.2167,81.8504
144.9998,88.3111,67.4716,85.2778
150.6772,80.6589,58.7971,91.6787
151.0264,72.1773,52.9330,98.3772
142.2794,64.8751,49.4120,105.2885
131.6571,60.0643,49.7252,105.8504
122.1442,59.1423,50.8682,103.7981
113.7062,51.9187,60.4206,93.9728
103.9241,38.7813,74.0977,79.8321
91.6108,40.4465,87.1561,69.0270
95.9090,40.9927,94.3602,62.9862
97.9560,32.8111,95.8689,63.3782
99.2569,28.5153,95.6333,66.0442
103.0849,28.3217,90.9478,69.4130
108.9557,25.0665,83.4754,73.4854
115.5323,21.6343,76.4222,76.6568
126.5601,24.0525,72.0716,78.1002
134.7611,28.1285,68.8476,77.0695
134.3659,30.6112,66.9021,75.1278
134.2210,32.2087,70.3528,71.6692
146.5976,33.5930,73.6009,67.7219
143.6726,40.5022,80.6439,60.7257
165.5251,41.4026,87.9087,55.6390
163.7818,51.0705,89.3179,54.6748
162.4320,70.2007,89.7140,54.4724
152.9317,69.8716,81.3637,60.1291
153.8239,68.5231,72.1600,66.9549
155.9275,67.2067,64.9490,72.0536
155.7047,69.7363,60.2443,74.4989
153.9324,71.8274,57.2577,73.7524
153.6860,71.1898,54.8872,72.8712
155.4143,70.1804,52.7594,71.8910
156.6033,68.5379,50.9956,70.8499
155.4187,68.8228,49.8858,69.8055
153.7898,66.9647,49.2393,68.6836
150.5595,65.2561,49.5967,67.2669
147.7168,65.3230,50.3331,65.7553
155.0032,65.2261,48.7505,65.3521
155.4236,64.0436,47.8657,65.0940
156.2339,63.6322,47.5188,64.9074
161.3564,64.3372,47.4557,64.8823
162.2688,64.1590,46.7532,64.7064
162.6529,63.8330,46.1997,64.5486
163.7843,64.0778,46.5304,64.0176
165.6856,65.0535,46.2635,63.6169
167.0454,65.9581,46.0331,63.3037
165.8993,65.8641,45.2848,62.6209
163.6465,66.3503,44.9315,62.2595
162.4695,67.4721,44.9210,62.0097
163.0084,67.2238,44.9985,61.6642
159.4445,66.9724,45.6576,61.5583
158.5286,66.9372,45.6894,61.6557
158.5450,66.8092,46.7206,61.6605
156.1543,65.8274,47.5531,62.1684
155.2378,66.3175,47.5300,62.3838
155.2329,63.2261,47.4002,63.8228
155.6772,60.7580,47.6151,64.6649
159.8941,60.0571,47.7568,65.3898
158.5830,59.7628,48.1102,65.9951
164.9691,54.6766,44.4041,70.9726
165.4289,51.2815,41.2055,74.7495
167.5245,50.4724,38.1749,76.7915
169.3004,47.8898,35.8652,78.4645
171.3524,45.9247,34.0002,79.7311
173.2964,45.5355,32.6227,80.5123
179.7209,45.0156,31.4567,81.7680
180.2836,45.3158,30.3876,83.0211
180.7658,44.1390,30.6063,84.0487
181.3607,45.4796,31.0511,84.2821
182.4671,46.7819,31.2225,84.6619
183.3082,47.1437,31.1292,85.7109
184.3291,49.5380,30.8947,86.0700
185.1516,48.8632,30.6149,86.5137
185.8196,48.7311,30.5788,86.7508
186.4913,49.4866,30.4731,86.8807
186.6171,49.1906,30.4771,86.7740
186.7967,48.5408,30.2243,86.8237
187.9397,48.3650,29.9076,87.0521
188.7173,48.9629,29.6624,87.2714
189.2711,48.3932,29.8050,87.3875
189.5843,48.1906,29.7545,87.6764
190.1160,47.9429,29.8851,87.8277
190.5649,48.1508,29.5804,88.6248
190.7119,48.6036,29.5286,88.8829
190.6143,48.2243,29.5980,88.7391
190.9310,48.9095,29.5063,88.6479
191.2828,48.9300,29.5393,88.4336
191.3210,49.2208,29.4164,88.4021
191.9220,49.3476,29.2397,88.6038
191.8024,49.1611,29.2274,88.5194
192.3042,48.9070,29.2775,88.9455
192.6785,49.1069,29.3081,88.8955
192.5954,49.0888,29.3867,88.8423
192.4549,49.2555,29.3808,88.8841
192.2233,49.1672,29.3815,88.8243
192.8237,49.7468,29.4015,88.5866
192.7348,49.4545,29.5373,88.5574
192.7630,49.4355,29.6760,88.1370
192.1725,49.5970,30.1246,87.7466
191.8735,50.2257,30.5386,87.5481
191.1262,52.0435,29.9138,87.4113
191.0842,54.4786,29.3931,85.1472
191.7138,54.9809,28.3618,84.1226
192.3745,55.8907,27.4334,83.1002
191.7014,57.0697,27.3117,82.3156
190.7987,57.2187,27.4088,81.8493
189.5703,56.9455,27.4404,81.3181
188.3595,56.9475,27.5530,81.0476
187.2440,57.2059,27.9374,80.6449
185.7332,56.3951,28.1658,80.7822
185.7493,57.2597,27.9901,80.3026
185.9136,57.5840,27.4154,80.4120
186.7873,57.9421,26.6944,80.2994
186.9514,57.3423,25.8795,80.4692
187.7279,58.0721,25.3001,80.5734
188.6617,58.8724,24.6419,80.8310
189.4611,59.1625,24.0031,80.7457
189.2258,60.5419,23.6534,80.4632
189.6316,60.9340,23.1492,80.0622
190.2630,61.8653,22.7832,80.4170
190.2667,62.9835,22.4536,79.9049
190.7072,63.4241,22.2783,79.9292
190.6970,64.8644,22.1470,79.6404
190.8572,64.9340,22.0082,79.6324
190.8784,65.1777,21.8874,79.4974
190.5356,65.0193,21.9315,79.3517
190.4269,64.8248,22.0010,79.2287
191.3596,64.7660,21.9117,79.7069
191.1378,64.6645,21.9569,79.6304
191.0049,64.6113,21.8954,79.4694
191.5340,64.9069,21.7625,79.5222
192.0459,64.3545,21.8968,79.4070
192.1298,65.1221,21.8276,79.3793
192.2412,64.8014,21.9057,79.1087
192.6517,65.1338,21.8138,79.1909
193.1493,64.5624,21.8197,79.3930
193.6081,64.3283,21.8350,79.4191
193.6492,63.4808,22.0350,79.4807
194.1064,62.8664,22.0646,79.4770
194.3772,62.6157,21.9801,79.7197
194.8688,62.6943,22.1071,79.7104
195.2462,62.3659,22.2155,79.8186
195.3395,62.9040,22.3733,79.4623
195.0377,62.9878,22.5649,79.1403
194.6267,62.8006,22.7389,79.0274
194.7454,61.6302,22.7716,79.3817
194.3937,60.9361,22.8045,79.7861
194.3145,61.0677,22.7696,79.7319
194.3132,60.3500,22.7102,80.2098
193.9117,59.6897,22.7394,80.4714
194.1030,59.0987,22.7286,80.7646
194.0796,59.7696,22.7239,80.9658
193.2529,58.4450,23.0594,81.0583
193.0832,58.8394,23.1155,80.8683
193.0903,58.9887,23.1062,80.7301
193.4012,58.8069,23.2149,81.0458
192.8146,59.4968,23.3538,80.8360
192.8374,58.2029,23.6996,81.0838
192.2616,60.1070,23.1974,80.1768
192.0022,60.7997,23.0940,79.1719
190.2329,61.4314,23.4871,78.6857
188.9344,62.0641,23.9558,77.4558
187.9469,62.4784,24.8279,76.6793
186.6886,64.6155,25.7002,75.5267
184.5916,67.4385,27.7932,73.1876
183.1865,68.4117,30.2892,70.3288
179.9422,71.2851,33.4966,67.5093
176.9514,73.8615,37.5252,64.4970
174.2471,75.7395,40.9084,62.4319
171.6596,76.7079,43.8256,61.1119
169.3295,76.5764,46.2500,60.4975
167.4742,76.5752,47.9414,60.4096
166.8824,74.5071,47.5063,61.1176
165.9778,73.2314,47.4426,61.0344
163.9283,72.9148,46.7362,60.8463
160.1394,73.3237,45.5095,60.6272
156.3071,73.4415,44.2549,61.0025
153.0607,73.1210,43.6568,60.6717
154.0061,71.9831,42.6115,60.6669
154.9166,70.4780,42.5615,60.5444
153.2303,69.6732,43.1362,60.6870
150.4565,68.5504,44.7329,60.3821
147.9507,68.8665,45.2788,60.1327
146.7146,67.6963,44.7522,60.5136
145.4335,67.8709,43.2153,60.6269
144.0915,68.4564,38.8443,62.6405
144.2694,67.5855,34.4131,63.7658
147.6064,68.1065,31.2771,64.5096
145.6674,66.8396,32.0769,63.7735
143.3640,66.0326,33.0148,63.4002
148.0470,65.6027,32.2623,63.8955
149.7110,62.7582,30.2446,65.9449
153.8384,62.8908,30.0690,66.6547
152.5804,60.9770,29.3235,67.7435
151.4231,54.6797,28.8732,68.9875
154.6252,53.2857,28.5762,69.1823
155.1609,51.8722,27.6706,70.8541
160.9246,50.5208,27.2121,71.3310
161.1822,50.3926,27.0236,71.1041
160.7506,47.8865,27.5942,71.4048
164.9270,47.7840,27.9462,70.4569
164.3354,47.6515,28.1541,69.8971
164.8805,48.4395,28.2488,70.0174
169.8318,50.2673,28.0666,69.4774
168.8530,51.9030,28.5913,68.0298
168.1111,55.6701,29.2516,66.0721
172.0854,59.4994,29.5973,63.8506
171.4491,61.2876,29.7874,62.3664
169.5619,66.7972,31.4587,59.6931
172.4091,71.7475,33.1539,56.7007
169.2453,75.6335,35.8976,53.3898
176.0483,79.4471,37.6897,51.0807
177.7571,83.0666,41.4339,48.4553
178.3878,83.0477,44.8955,46.2175
180.4009,88.0546,46.7004,43.6855
181.1371,87.2517,44.9443,42.9091
184.7446,82.3767,44.2389,43.9798
187.8200,74.1920,42.9337,47.0496
188.4840,69.1925,42.3488,49.8508
185.4044,66.8075,41.6828,52.0753
184.3349,67.7562,42.1584,52.1978
186.1033,59.8662,38.9106,57.1813
185.1912,58.2260,39.5213,58.5050
181.6306,50.3995,40.2232,59.0390
178.8599,50.4011,40.8654,60.3458
180.4332,58.5779,43.8787,57.7457
179.9199,61.2307,46.0289,53.4836
180.7200,66.1737,47.3724,50.1294
182.6910,67.9820,46.2187,48.7374
183.6463,66.1024,43.2195,49.9756
184.6511,58.1864,40.1987,54.0750
184.8010,54.7172,38.2546,55.4652
187.9630,50.3214,32.4489,60.3792
189.4370,42.5039,29.4199,62.8495
188.6808,37.0679,28.1514,63.9519
187.1177,35.6579,29.2995,61.5993
187.4664,35.4810,31.8714,59.0422
185.2662,35.5467,34.5072,56.8240
182.3213,38.4087,42.3038,50.8048
167.4460,33.0611,43.5012,50.3524
167.7690,30.9123,50.7585,44.2014
166.0533,30.1011,49.3669,45.9399
167.4951,27.3095,50.5448,47.5049
164.4267,26.3774,49.6536,49.0211
164.2291,23.8752,48.6469,51.7594
162.7662,19.2714,47.5683,54.3319
161.8633,16.9274,46.1198,56.5541
163.2706,14.7045,40.3871,63.6184
163.7672,14.0961,36.1213,69.2544
163.7855,15.1816,32.5571,75.2045
162.9615,14.4930,30.7291,80.3959
162.5305,17.0487,29.6158,84.0505
161.3398,14.7718,29.0911,85.5100
158.2541,20.6503,31.0488,83.4422
163.5805,40.7042,36.1107,76.6924
156.3366,37.3083,36.2123,74.2556
163.1921,42.4876,35.8116,71.4039
163.1626,45.3238,34.1281,69.8304
163.7771,48.6316,32.0531,68.5746
163.3139,50.7574,30.6292,69.2829
163.2653,51.9614,29.0529,71.0564
163.3728,52.0211,27.9959,72.0304
164.1343,54.6943,27.8338,70.3433
164.0151,55.7166,27.8743,68.0909
165.3743,55.2821,27.5879,66.2734
168.0650,52.9822,30.3724,62.5410
155.7109,58.3413,39.0977,54.3920
161.1377,52.5480,41.6884,51.6511
157.1365,33.8214,38.7786,55.8881
157.0873,37.2662,36.9337,57.6788
160.4839,38.3067,36.2902,58.2408
159.5678,33.8254,34.3852,62.2946
159.5001,21.3346,31.9489,68.4796
159.5670,22.8904,31.5563,69.5905
172.0855,21.8105,30.7046,70.7357
172.3583,18.2383,29.9285,71.6658
172.6684,19.0490,29.0584,72.8487
137.8384,53.0278,35.1390,64.0772
137.9822,58.8583,40.2862,57.5809
136.9516,65.4221,43.8898,52.3146
132.3392,70.3530,45.9486,49.3819
127.3839,71.2825,46.4049,47.5770
122.3110,69.7887,46.7671,46.9977
123.5695,68.7247,47.6607,45.7888
124.2286,68.0434,47.8348,45.4303
125.9002,67.0449,47.8738,45.4697
128.1967,65.0757,46.9237,45.9264
130.0806,64.0540,45.4694,46.3265
131.4471,65.2319,44.2520,46.1701
132.9146,63.7995,42.0405,46.9163
133.7210,64.9674,41.0153,46.5610
135.3861,64.4858,39.4979,46.8725
136.5859,64.4807,38.5221,46.9080
137.4065,66.2477,38.0616,46.4895
139.7521,66.9823,37.4528,46.3565
142.3141,67.9245,36.2869,46.3132
144.4686,69.0536,35.1089,45.9104
145.2673,69.6329,33.9556,45.2682
146.9252,70.4369,32.6650,45.0753
147.8543,71.4625,31.7051,44.6293
148.3752,71.6952,30.8973,44.0058
149.3588,72.1593,30.0146,43.6698
150.0594,72.2988,29.2049,43.3319
150.3745,72.5931,28.6847,42.8063
150.8538,72.9960,27.9204,42.4316
151.1879,73.0585,27.3142,42.0995
151.4087,72.5031,26.7636,42.0360
151.5278,71.0064,26.4554,42.1378
151.4627,70.5788,26.2506,42.1581
151.6177,70.1290,26.1856,42.2522
151.5444,68.7711,26.3056,42.4976
150.3060,67.7028,27.1313,42.3168
150.0416,67.2607,28.0275,42.2750
149.8475,66.8838,28.9935,42.2451
150.0693,66.8019,29.9145,42.0659
149.9494,67.1328,30.2720,42.2560
151.5567,67.4660,29.8760,42.7243
152.9730,66.9287,29.2719,43.2414
152.4007,66.4406,28.6333,43.6471
153.5638,66.3832,28.5743,43.7678
154.1250,66.6244,28.6417,43.9215
154.1488,66.8172,28.6103,44.1429
154.0260,67.2168,28.7201,44.7368
153.1239,68.5170,29.5363,44.5891
151.7666,69.9972,30.8441,44.4833
149.5756,71.5336,32.6102,43.6811
148.2196,72.0067,34.8132,42.8493
145.9144,72.0523,37.0828,42.3442
146.2387,71.3099,39.0838,42.7781
146.3358,71.4338,39.8982,43.9505
146.4181,70.7562,40.1138,45.2311
147.5422,71.0378,39.5740,46.5509
148.2374,70.7623,38.5932,47.7406
148.0893,69.9058,38.0059,48.6664
148.1249,70.1121,37.2588,49.6810
148.8975,70.6736,36.8166,50.4092
149.9026,70.8719,36.0625,50.9454
150.7031,71.6458,35.2960,51.4118
151.3227,71.6325,34.8527,51.8036
150.3786,71.2438,34.7792,51.7699
150.5672,72.1607,34.4398,51.9187
149.7118,72.3273,34.7213,52.2232
149.3710,72.0824,34.8520,52.4888
146.8815,72.6820,36.9319,51.6988
144.3092,73.0696,38.5551,51.4603
143.9796,73.8388,38.8546,51.8167
142.5300,75.3424,39.4498,51.8819
140.5097,77.3884,40.7067,51.4296
137.5780,78.8861,42.7175,50.8461
136.2876,79.4806,44.2608,51.0941
133.6859,79.4253,44.3077,51.8761
133.2225,80.1162,44.2310,52.5609
132.7699,79.6749,43.8806,53.4025
133.0180,79.9458,42.9102,54.3927
134.4358,79.1464,42.1383,55.5513
134.4107,79.0561,41.1941,56.0600
134.1930,77.0087,40.1731,57.1726
135.1697,75.5568,39.1938,57.8904
135.7030,74.7339,38.4323,58.3514
136.9044,74.3561,38.6099,58.2837
136.6315,73.6581,38.7560,58.1181
136.7757,73.0522,39.1476,57.6453
137.0708,72.6646,39.6328,56.9707
135.8787,72.2787,39.2060,56.5492
136.9409,71.2182,38.3186,56.3749
139.6139,71.4165,37.0281,56.3132
140.1914,70.6576,36.2873,56.1163
141.1096,70.0989,35.2610,55.5654
140.8422,69.5109,34.4819,55.0867
141.0705,69.2821,33.7737,54.5127
140.6459,70.1461,33.4037,54.1015
139.4985,71.0578,33.1808,54.2606
138.9868,71.8418,33.3094,54.2449
138.5167,73.4681,33.3407,53.9795
137.7092,74.6701,33.2610,53.6457
138.1388,75.0166,33.2796,53.2320
137.6249,75.4434,33.0643,53.0327
136.9342,76.0531,32.8765,53.1721
136.8304,74.9606,32.9492,53.0072
137.0846,76.2749,32.8945,53.1257
136.6981,77.3037,32.6911,53.2611
136.5159,76.6403,32.8482,53.0314
136.2663,77.2271,32.8356,53.0318
136.3520,76.7685,32.9142,52.8640
136.4954,77.2846,32.8380,52.8739
137.2776,75.8040,32.9574,52.8772
137.4815,76.0993,32.9964,52.7507
138.3111,76.2350,32.9593,52.7895
139.2585,75.3920,32.9007,52.7058
139.4214,75.5436,32.8736,52.4599
140.2632,76.2029,32.9454,52.3557
140.7940,75.4478,32.8188,52.3772
140.4549,75.4429,32.5495,52.5919
140.9052,75.0853,32.4430,52.5857
140.3123,74.6702,32.2773,52.5857
141.2991,74.2857,32.8412,51.9550
140.5391,75.3638,32.6647,51.9914
140.8972,75.3198,32.5358,51.7859
140.6095,74.3489,32.5261,51.8840
141.1558,74.9707,32.4129,51.7604
140.4318,76.1616,32.4067,52.1032
139.0784,76.1854,33.1467,51.8807
139.0235,76.0563,33.9967,51.2309
137.0705,76.2399,34.7852,51.5693
137.0533,75.6312,35.5227,52.1252
135.7803,75.0826,36.0430,53.0114
136.1883,74.8766,36.5976,54.4413
136.4517,73.9280,36.1369,55.9099
136.4556,74.0773,35.7889,56.8298
136.8705,74.1248,35.3928,57.6028
136.4838,73.7037,34.9589,58.4645
