1
770.6408,277.3410,772.7884,366.4061,635.6282,369.7133,633.4807,280.6483
773.0168,276.4765,775.5612,366.7995,639.2385,370.6397,636.6940,280.3167
777.4216,277.3087,780.3090,365.4763,641.2236,370.0312,638.3362,281.8636
780.3920,274.2053,785.9350,365.2440,647.0322,373.7013,641.4892,282.6626
783.7651,275.4052,789.1991,366.0394,649.3103,374.4264,643.8763,283.7922
785.0146,272.9994,793.3838,361.7753,650.9354,375.2043,642.5662,286.4284
786.1725,273.5320,795.9155,360.8553,654.6919,376.6123,644.9488,289.2889
787.8615,274.6335,797.5598,361.4901,654.3896,377.4764,644.6912,290.6198
788.5513,277.3413,798.3159,362.2573,656.1725,378.6024,646.4080,293.6864
788.3017,277.8389,798.0645,363.7217,654.9264,379.9931,645.1635,294.1103
789.8699,279.2756,799.2498,364.2350,657.0145,379.9385,647.6345,294.9791
788.2460,277.2924,799.1743,363.8251,657.2219,381.7523,646.2936,295.2197
790.2466,278.9998,800.0542,366.6529,654.9398,382.8899,645.1322,295.2368
793.3680,280.6847,802.3347,368.4277,657.0712,383.2726,648.1045,295.5296
796.0624,281.0086,804.9238,368.7624,656.7176,383.7284,647.8561,295.9747
799.6879,284.0409,808.0574,371.8429,658.7940,386.0710,650.4245,298.2690
804.3317,286.1711,811.2711,372.3281,659.8613,384.5230,652.9221,298.3660
806.2365,287.4405,813.4755,376.3262,661.0999,388.7358,653.8610,299.8501
811.0673,288.9654,816.6589,378.9518,661.1389,388.6158,655.5472,298.6294
815.0826,290.4624,820.4919,380.4599,662.9962,389.9262,657.5869,299.9286
817.8195,292.4011,822.8011,383.4049,663.3000,392.1362,658.3183,301.1325
821.3013,294.7027,824.4750,386.7680,660.9122,392.4064,657.7385,300.3411
822.7627,296.0925,826.3040,388.1444,661.7856,394.4734,658.2444,302.4215
824.2561,297.8816,826.1481,390.9624,661.5421,394.3082,659.6501,301.2274
822.4346,297.0233,825.9994,391.0357,660.4983,397.3112,656.9335,303.2988
822.1430,297.8775,825.1375,392.8904,660.5792,398.0766,657.5847,303.0638
823.5524,299.0546,825.9343,394.0847,659.3865,398.2592,657.0047,303.2290
826.2299,301.7860,825.9939,398.7857,656.4544,398.3731,656.6904,301.3734
825.1301,302.0929,825.1870,398.1329,655.6470,398.2333,655.5901,302.1933
830.6631,303.2635,829.2471,400.2732,657.7653,397.7700,659.1815,300.7603
833.1566,304.3319,830.9292,403.2869,656.5334,399.3613,658.7607,300.4064
834.6720,304.6440,833.7076,401.6592,657.3163,399.9057,658.2808,302.8904
836.1924,304.3044,835.0906,402.2982,656.7419,400.2929,657.8437,302.2991
837.7590,307.5443,835.1327,406.4894,655.8558,401.7309,658.4822,302.7857
837.4460,308.6591,834.6990,407.6010,655.1734,402.6167,657.9204,303.6748
840.6827,308.5752,837.7911,409.4738,653.6268,404.1961,656.5182,303.2975
836.0222,309.7642,834.1498,408.7264,651.7064,405.2745,653.5789,306.3122
835.0070,309.6368,832.9209,408.5948,648.5650,404.7083,650.6512,305.7503
833.7322,311.4829,830.1218,412.3583,644.8832,405.7285,648.4937,304.8530
832.4116,312.2374,828.4573,413.0999,641.3230,405.7633,645.2773,304.9008
832.4146,313.2014,827.1800,414.9868,637.2717,405.2203,642.5063,303.4348
832.2885,314.6091,825.7891,417.3037,633.1342,405.1107,639.6336,302.4161
829.2877,314.4993,822.5641,419.1435,628.0041,406.6426,634.7277,301.9984
827.8659,314.8993,820.7778,418.5372,625.3129,405.1689,632.4009,301.5309
827.5338,315.9957,819.9831,419.6010,623.6219,405.2902,631.1726,301.6850
826.4151,317.0984,817.9037,421.6124,619.7569,405.4759,628.2682,300.9619
826.6942,317.6626,818.3611,421.2079,618.2844,405.1062,626.6175,301.5609
826.5814,316.9786,817.5113,422.4293,615.6124,405.0633,624.6825,299.6127
825.4871,316.6064,817.0605,422.1104,614.1021,405.9001,622.5287,300.3961
825.7977,316.8335,817.8397,423.3566,612.8852,408.0450,620.8433,301.5219
827.9581,316.8805,818.7466,426.2533,612.9891,408.9241,622.2006,299.5513
826.9650,317.9408,817.7988,426.0782,611.0936,408.5570,620.2598,300.4196
826.7198,317.7365,817.1105,426.7997,609.5079,408.5083,619.1172,299.4452
826.7279,316.9967,817.4748,426.0906,606.9427,408.2336,616.1959,299.1398
825.7773,316.9789,816.9221,424.8531,606.3424,407.5669,615.1977,299.6927
824.7845,315.2053,815.1727,425.8492,602.7639,407.3967,612.3758,296.7528
823.5998,314.2938,814.3403,425.9123,600.9043,408.2065,610.1637,296.5880
822.0517,313.0920,813.1009,424.2753,598.6650,407.0121,607.6159,295.8289
822.0656,313.1691,813.0249,423.5421,596.6990,405.8228,605.7397,295.4497
818.3033,312.2112,811.1263,423.4881,597.0915,409.6836,604.2685,298.4067
819.4905,310.9763,810.8625,423.8396,595.9103,407.4073,604.5383,294.5439
818.3917,308.6140,810.7362,422.7837,595.8486,408.3747,603.5041,294.2050
820.6696,308.0749,811.8300,423.0480,593.8665,406.2899,602.7062,291.3168
823.0500,306.6370,815.5993,421.8235,591.9456,407.3566,599.3962,292.1702
823.7571,305.4190,815.9691,422.4176,596.2591,407.7926,604.0471,290.7939
824.7184,305.0422,817.5059,421.3659,594.9498,407.5664,602.1624,291.2427
825.7826,304.3219,819.9536,419.9342,596.3444,408.6600,602.1735,293.0477
826.2628,304.0563,818.9278,422.4664,596.7380,408.7027,604.0731,290.2926
824.7797,301.7003,818.9185,421.2648,598.5887,410.4640,604.4499,290.8996
826.1000,303.3759,817.5569,425.8157,597.8747,410.4877,606.4178,288.0479
828.3373,303.1820,819.5485,425.8359,596.4576,409.8503,605.2464,287.1965
829.1628,302.1755,819.7897,427.0812,596.1266,410.2972,605.4998,285.3915
828.7750,301.2917,820.1364,426.6207,597.0211,411.2420,605.6597,285.9131
828.9390,300.2691,822.2690,426.1435,598.5996,414.2913,605.2697,288.4170
829.2712,298.8268,822.5872,426.3218,598.7292,414.5858,605.4132,287.0908
831.8650,298.8044,824.9081,427.4021,598.1935,415.1374,605.1503,286.5397
833.5191,298.6921,826.2535,428.8384,598.6961,416.1346,605.9617,285.9884
834.9932,297.3505,830.0090,427.7448,599.7745,418.9442,604.7587,288.5500
835.3752,297.4542,830.3970,429.0005,599.5635,420.2650,604.5417,288.7187
834.8429,297.2626,829.0707,433.6574,598.6650,423.9067,604.4372,287.5118
836.8253,297.8210,831.8953,433.9004,597.4637,425.4073,602.3937,289.3279
836.7297,298.2179,831.3433,434.1383,596.3921,424.8274,601.7785,288.9070
839.9849,297.7163,834.4395,435.4396,596.8710,425.8742,602.4163,288.1508
840.2683,298.4643,833.9180,435.1546,593.8518,424.0016,600.2021,287.3113
841.6155,296.8158,837.3911,431.2690,596.0025,423.6845,600.2271,289.2313
843.5560,295.2228,839.8924,434.9286,596.5284,428.5466,600.1920,288.8408
845.0159,295.3570,839.9456,437.2014,594.9551,428.4440,600.0255,286.5996
844.4978,294.4279,839.7482,439.0503,594.7162,431.0031,599.4658,286.3807
843.8315,296.8078,840.5988,439.7211,593.2089,434.1252,596.4415,291.2119
845.0912,296.7605,840.8857,442.6215,592.0375,435.4466,596.2430,289.5856
848.0443,296.8553,844.6123,443.2830,591.3336,437.3466,594.7656,290.9189
851.9678,299.3306,846.5386,447.6458,590.0566,438.2571,595.4857,289.9419
853.2526,298.4135,848.1834,446.8304,589.5423,437.9964,594.6115,289.5794
853.2439,297.7945,847.2338,451.4964,589.4083,441.4148,595.4184,287.7129
852.4521,295.6362,847.1725,450.6854,589.1490,441.8995,594.4286,286.8503
855.6495,294.3688,850.7336,449.9848,589.6517,441.7372,594.5677,286.1212
854.6777,293.7070,849.1074,450.8134,589.0614,441.5934,594.6317,284.4869
856.3776,291.3018,851.2862,446.3696,588.9772,437.7571,594.0686,282.6893
856.1666,291.5068,851.8961,445.3735,587.0514,438.0228,591.3220,284.1560
855.5566,289.7589,851.2211,450.1993,586.1834,443.0372,590.5189,282.5968
855.2744,287.1603,851.6501,448.7641,583.7516,442.7560,587.3759,281.1522
854.8851,284.6463,853.2311,447.5349,584.0038,444.8012,585.6578,281.9127
854.7920,285.7555,853.5763,448.2610,582.2604,446.2314,583.4761,283.7258
854.5556,283.4878,852.8082,449.9757,581.5673,447.1288,583.3148,280.6409
854.3107,280.8359,852.7879,449.9763,581.0573,447.5298,582.5801,278.3894
855.6353,279.3902,854.7903,450.2458,580.9744,448.8917,581.8193,278.0360
854.1672,280.0357,853.3199,450.8857,577.7168,449.5188,578.5641,278.6688
856.3125,279.5078,855.9043,450.4243,577.9665,449.7604,578.3747,278.8439
855.1243,280.9458,853.5667,451.2610,574.5144,448.7088,576.0721,278.3936
854.6783,279.7083,853.1475,450.1716,572.7700,447.6536,574.3009,277.1903
853.3784,278.6075,852.4335,449.8694,568.5065,448.3029,569.4514,277.0411
850.7525,276.4419,851.7524,449.6441,565.8510,451.2946,564.8511,278.0924
850.5057,274.8631,852.3489,450.7893,564.3710,453.8065,562.5278,277.8802
849.2244,273.5757,851.8569,451.7529,560.3688,456.0596,557.7363,277.8824
849.0188,274.3748,851.5749,454.4823,557.1345,458.6610,554.5784,278.5535
849.5748,275.9395,849.0713,457.6324,553.1846,456.8125,553.6881,275.1195
849.9987,275.3154,849.2719,459.8900,552.3725,458.7209,553.0993,274.1463
846.4501,274.6179,845.6661,460.5589,548.5406,459.3060,549.3247,273.3650
847.8224,277.1117,844.6481,462.9835,543.2828,457.8367,546.4572,271.9649
846.6899,279.7765,840.9988,466.4187,539.6252,457.2292,545.3163,270.5871
849.7440,279.8784,842.6824,462.6031,544.7009,451.0874,551.7625,268.3626
844.6667,277.5790,838.3096,467.6320,542.5722,457.7397,548.9293,267.6868
847.4036,278.0196,839.2673,468.4593,538.3572,455.6033,546.4936,265.1636
851.4122,278.7803,843.0765,464.4814,538.3355,450.8022,546.6712,265.1011
854.0154,280.2028,843.1522,472.1896,535.8915,454.8039,546.7547,262.8171
855.1695,277.7779,844.0083,470.6998,538.1522,453.0050,549.3133,260.0831
853.9055,282.3077,838.7033,473.7851,541.2814,450.1715,556.4836,258.6940
859.5521,281.4984,844.7593,473.0079,539.3016,449.4134,554.0944,257.9038
858.7220,282.3360,841.6042,475.6195,538.3444,448.7619,555.4622,255.4784
857.1883,281.7269,838.7510,470.0252,537.9081,440.5681,556.3454,252.2698
858.3434,279.4058,841.7238,475.6835,539.3195,450.0777,555.9391,253.8000
863.3063,280.3575,845.4105,475.5387,540.0645,447.5420,557.9604,252.3607
870.2884,282.0538,846.1098,479.5190,540.7714,442.1319,564.9500,244.6667
873.1573,282.0568,849.2113,481.5246,539.1722,444.3045,563.1182,244.8367
877.0974,281.8388,852.0520,483.1468,540.1785,444.3456,565.2238,243.0376
877.0359,284.9365,854.1150,482.4135,545.4106,446.5825,568.3316,249.1055
882.2371,281.1823,857.6539,485.5088,545.9113,448.0021,570.4944,243.6756
879.2540,281.8218,853.9838,485.0769,543.2319,446.4420,568.5021,243.1868
882.9630,283.2880,855.9152,487.3028,537.1667,445.0440,564.2144,241.0291
889.9603,286.1544,860.6520,491.8367,534.5291,445.3665,563.8373,239.6841
891.0200,284.6663,861.2457,493.2520,533.2706,446.4356,563.0449,237.8499
893.8835,283.9451,863.6102,495.4294,532.8586,448.0833,563.1319,236.5991
895.4737,283.0537,865.5667,496.5694,532.8095,449.9602,562.7166,236.4445
897.4128,281.7176,867.9602,497.2748,532.3617,451.4203,561.8143,235.8631
900.6869,281.8103,866.8303,500.0922,528.3144,447.5866,562.1710,229.3047
904.4745,284.1234,866.7860,507.3441,526.5137,449.8927,564.2022,226.6720
904.8934,283.1228,866.5797,510.2134,524.4595,452.4923,562.7733,225.4017
907.9098,280.2552,869.8987,510.3770,521.3549,452.8053,559.3660,222.6834
912.6743,281.1762,871.3384,514.7061,518.8109,452.3071,560.1467,218.7772
915.7621,282.4013,873.8896,517.8266,515.8219,454.1410,557.6945,218.7157
926.6859,280.0194,884.3623,521.3361,518.2814,457.1305,560.6050,215.8139
929.2749,281.5684,883.9897,529.3237,515.7976,462.0248,561.0828,214.2695
928.1277,282.6599,878.8796,534.6526,510.3156,462.6225,559.5636,210.6298
931.1144,286.7617,880.6834,535.2413,509.0314,459.8114,559.4624,211.3318
935.5040,290.2325,881.4447,541.9700,507.7250,461.7156,561.7844,209.9781
946.1796,294.1302,887.6045,551.1831,506.0889,464.2466,564.6639,207.1936
949.1670,303.8312,885.7720,558.9598,505.9056,464.5697,569.3006,209.4411
951.8763,309.9691,886.9363,568.7878,505.1245,472.9878,570.0645,214.1690
950.2302,310.8562,891.7915,568.4857,507.5785,481.3337,566.0172,223.7043
955.2734,319.0069,888.9756,575.6407,505.9821,476.6998,572.2800,220.0659
956.7615,326.7037,892.3327,580.5326,503.0891,481.7318,567.5178,227.9029
960.2322,330.0553,895.8510,584.9109,510.7258,487.6212,575.1070,232.7656
958.8086,327.9628,888.2799,588.9448,508.8632,486.4099,579.3918,225.4279
965.5535,336.9444,898.4274,592.5127,512.3053,491.0961,579.4313,235.5278
971.8782,341.9781,898.4431,600.8140,505.8108,489.4191,579.2460,230.5831
975.1651,342.4406,896.9911,607.0187,514.0272,493.8656,592.2011,229.2876
977.8362,337.6953,904.4697,604.5024,511.5475,496.4567,584.9141,229.6496
989.8407,342.5428,910.2065,616.6643,507.9223,499.7980,587.5564,225.6766
991.0262,346.8954,911.4026,617.6026,505.7657,498.2917,585.3894,227.5845
992.9217,341.3271,911.3155,621.2469,506.8926,503.3439,588.4988,223.4241
998.2005,348.8748,908.1992,629.8557,504.2738,500.4738,594.2751,219.4930
1008.3916,369.2320,898.8970,640.2589,505.7661,481.4344,615.2607,210.4075
1003.0789,346.4268,913.7925,634.0427,502.2900,506.2975,591.5764,218.6816
1008.9650,353.2202,913.9091,641.3936,498.3655,504.3239,593.4213,216.1505
1013.0914,358.7052,909.3388,646.9793,497.7852,498.8573,601.5377,210.5832
1017.5219,366.1676,903.9519,654.5298,499.0995,495.0809,612.6695,206.7187
1020.2877,378.6078,908.1798,655.4881,498.5070,489.6131,610.6149,212.7328
1027.6455,378.3897,909.0409,664.5455,491.6893,491.5634,610.2939,205.4076
1028.7124,396.1718,903.4397,670.0697,497.3160,484.3208,622.5887,210.4230
1030.0675,384.0454,896.0490,671.5579,496.5002,485.3157,630.5187,197.8032
1027.7238,379.3442,896.2396,669.2380,498.2782,488.7386,629.7625,198.8449
1033.5994,363.5503,909.3365,662.9630,500.2119,493.1673,624.4747,193.7546
1024.2448,380.9449,869.6005,676.6307,496.7961,481.6533,651.4404,185.9675
1017.2321,407.8664,849.3974,680.5654,504.5240,468.3105,672.3588,195.6114
1005.1443,484.0129,792.2213,707.9023,485.4417,416.1490,698.3647,192.2597
968.7709,511.1825,729.6450,681.2362,486.2870,339.0315,725.4130,168.9778
954.3598,529.7335,726.9752,659.3514,520.5695,297.2609,747.9541,167.6429
950.0710,564.6871,689.1645,668.2711,531.3168,270.6857,792.2233,167.1017
913.1263,597.1060,677.8284,677.3968,535.8203,261.2318,771.1182,180.9410
901.6523,593.9028,660.5839,665.5483,539.9557,259.6658,781.0241,188.0203
915.1188,583.4471,688.7108,658.4481,555.0375,254.9244,781.4455,179.9234
942.7441,559.0405,731.4352,656.1631,552.3615,266.5538,763.6705,169.4312
951.5065,566.0958,748.1335,662.2338,562.7482,270.0647,766.1212,173.9267
914.8369,594.1245,729.4268,653.3008,598.7838,243.9725,784.1939,184.7962
917.7863,602.0168,729.6306,659.2915,604.1055,246.9237,792.2613,189.6490
918.2651,613.0044,738.5226,665.3288,616.8311,247.2994,796.5735,194.9750
910.8544,620.5223,738.0714,665.2657,629.1613,244.6927,801.9443,199.9494
910.5508,637.3998,753.9641,678.0327,640.7465,241.7273,797.3333,201.0944
915.4014,677.3933,756.9421,715.1285,647.0518,253.6718,805.5110,215.9366
898.2689,679.3624,740.5628,705.2095,667.6473,260.3141,825.3535,234.4671
907.2150,692.9637,743.8156,721.0234,672.4583,305.4902,835.8577,277.4305
905.7670,703.8817,745.7883,729.2375,679.9752,314.0007,839.9539,288.6449
908.3876,709.7944,738.6594,734.0910,687.5546,377.0903,857.2828,352.7937
901.8470,706.6237,752.7419,731.4899,687.6140,340.9634,836.7191,316.0972
899.7179,708.0067,759.1951,731.0550,690.6719,313.2772,831.1946,290.2289
895.0223,709.6185,752.8810,729.0370,696.1069,313.4572,838.2482,294.0387
889.8685,712.1354,742.5380,728.2134,699.6927,335.6044,847.0233,319.5263
892.4614,709.5765,743.3112,724.5670,705.6785,350.1333,854.8287,335.1429
885.5455,712.4857,738.9518,723.9944,710.3421,359.5757,856.9357,348.0670
880.7105,712.4961,740.1359,722.3142,714.3260,352.7744,854.9007,342.9563
872.2896,708.9510,736.4433,716.5282,715.9769,349.5985,851.8232,342.0214
867.0775,709.8197,734.8172,715.4589,719.2877,351.2297,851.5479,345.5906
866.6041,710.9761,731.8933,713.4860,725.3940,364.6666,860.1048,362.1566
859.5618,719.3344,725.7973,719.9619,724.1134,360.9658,857.8779,360.3384
731.2199,293.0514,854.3142,296.2542,843.2767,720.4507,720.1824,717.2478
733.3442,283.0884,854.9606,289.1856,833.7132,712.9933,712.0967,706.8962
734.8400,271.9419,856.4728,281.0927,823.2388,722.8443,701.6060,713.6935
734.1331,276.9840,852.6569,288.5789,811.0556,713.8289,692.5318,702.2339
739.2048,270.4224,855.3500,285.8757,798.0916,716.2232,681.9463,700.7699
734.0361,271.3603,849.3468,287.0252,789.8477,725.0022,674.5370,709.3372
730.7143,271.4824,845.0698,287.3067,784.4837,725.1347,670.1282,709.3103
721.5609,276.2287,838.9983,291.4196,784.5620,712.2535,667.1246,697.0626
716.9665,281.0637,833.4297,295.9081,780.2435,713.1874,663.7802,698.3430
711.8964,273.5460,829.4162,287.4222,779.3130,711.7545,661.7932,697.8783
711.7983,270.4240,825.4081,285.3864,767.5695,724.5541,653.9597,709.5916
716.1711,258.2293,831.1664,276.2225,762.2355,716.7623,647.2402,698.7691
716.0284,251.2344,829.0304,268.8945,760.0289,710.4152,647.0269,692.7551
715.4406,254.7104,825.8948,272.0343,757.8876,705.6363,647.4334,688.3124
715.8900,251.5814,826.3035,269.4716,759.1641,683.8392,648.7506,665.9490
712.6105,251.2689,820.4861,268.1940,756.6248,675.2263,648.7491,658.3011
703.5349,249.0956,812.3986,263.8993,758.0472,663.5887,649.1835,648.7850
695.6922,239.2631,806.6488,251.5347,764.3134,634.3211,653.3568,622.0496
690.9344,241.5232,802.4780,253.1076,762.1992,640.9440,650.6556,629.3597
688.4432,228.0831,800.5558,239.0428,761.1243,642.4089,649.0117,631.4492
682.6122,212.5668,789.9225,219.3562,764.2708,624.7947,656.9606,618.0054
677.6103,203.8848,784.0237,207.5117,770.1198,615.4449,663.7064,611.8179
672.5234,205.4848,779.9306,207.0322,774.2446,601.7157,666.8373,600.1683
782.3928,584.6613,672.6091,586.4825,666.3168,207.1767,776.1005,205.3555
781.4880,577.3907,671.6200,579.6672,663.8591,205.0970,773.7272,202.8206
781.3670,576.2856,666.2976,578.0266,660.6458,204.4737,775.7152,202.7327
780.2613,574.0436,663.6801,575.6849,658.4885,206.9279,775.0696,205.2866
786.9061,563.6431,670.7642,568.0215,657.2804,210.3528,773.4223,205.9744
783.4886,554.6527,665.4490,558.5001,654.2886,216.0880,772.3283,212.2407
786.8262,545.6682,665.9161,549.5229,655.4192,220.2730,776.3293,216.4183
784.4645,545.9789,664.9770,549.2191,655.8759,213.6004,775.3633,210.3602
786.1449,532.9115,664.3176,535.5168,657.3990,211.9871,779.2262,209.3819
789.2557,525.6064,664.2202,530.0830,653.1316,220.3658,778.1671,215.8892
790.7443,520.3344,662.0530,523.7669,654.0756,224.6755,782.7668,221.2430
798.0569,518.2599,661.7522,522.6939,652.1714,228.1715,788.4761,223.7375
799.2891,530.8492,658.1397,533.7350,652.0024,233.5575,793.1517,230.6717
805.0922,525.9352,657.1581,529.6207,649.8445,236.0599,797.7787,232.3744
808.9868,532.1006,656.1802,536.8397,647.1650,246.1511,799.9716,241.4120
814.1177,532.8004,657.4581,539.4340,645.4867,256.7142,802.1463,250.0806
815.8660,544.8052,657.5533,551.7750,644.8763,263.8258,803.1890,256.8561
825.3649,541.3741,658.9830,549.8955,644.7892,272.7603,811.1711,264.2389
833.4838,545.7279,660.3870,561.7037,635.5416,292.5063,808.6384,276.5304
840.8528,549.7604,659.4753,569.7537,630.7286,308.9650,812.1060,288.9718
855.8690,549.5444,682.9882,592.7175,618.6024,334.8932,791.4831,291.7201
861.9948,559.7724,688.8076,605.0516,621.8333,348.8837,795.0205,303.6045
869.4232,564.7191,696.3531,618.9271,615.9906,362.3532,789.0607,308.1452
883.2210,572.2276,716.0480,637.9388,615.8556,383.0438,783.0286,317.3326
882.8018,560.1675,716.7738,634.2205,612.2580,399.8943,778.2861,325.8413
886.9454,563.5181,726.3846,644.1957,611.2274,415.0153,771.7882,334.3377
886.3619,560.5601,726.8715,644.1458,612.5178,425.9470,772.0082,342.3613
893.4459,561.5854,736.6962,652.5353,613.1537,439.6131,769.9033,348.6632
905.2941,577.4291,742.0277,669.7493,615.5356,446.0506,778.8021,353.7304
912.1925,571.0991,756.2921,673.1233,617.1611,460.5209,773.0615,358.4967
909.4176,562.1203,745.0894,663.8889,619.4241,460.9742,783.7523,359.2056
912.7048,555.5248,742.2220,664.4673,617.0116,468.5270,787.4943,359.5845
926.0496,553.0020,758.2379,677.4649,615.0007,484.3402,782.8125,359.8772
946.1122,547.3975,793.5103,699.7791,611.1838,517.1892,763.7858,364.8075
969.0482,534.1432,852.7976,712.0775,624.5041,562.9255,740.7546,384.9912
969.9397,486.2551,890.6119,686.6880,653.9664,593.0281,733.2941,392.5951
979.9987,484.5918,909.8407,681.3096,662.8871,593.2354,733.0450,396.5175
936.8175,404.3912,954.0126,613.4417,680.5361,635.9359,663.3411,426.8854
956.5024,414.9475,961.6957,627.8763,677.5803,634.8059,672.3869,421.8771
968.8630,418.5628,970.9900,639.6538,677.9835,642.4726,675.8566,421.3816
978.6552,428.9957,976.7879,642.6954,671.3923,640.0270,673.2596,426.3272
983.8330,431.3445,984.9200,638.7880,667.9924,640.4489,666.9053,433.0053
979.0478,421.6203,996.8109,620.0584,668.3713,649.4584,650.6083,451.0204
988.5234,435.6360,999.7886,628.9036,663.2398,648.5202,651.9747,455.2526
990.3754,439.3628,1001.5671,630.7995,661.1083,650.7031,649.9167,459.2664
992.5596,439.3666,1004.8413,624.2528,660.6400,647.1177,648.3582,462.2315
973.9408,421.1708,1005.2512,594.0574,668.1116,655.1146,636.8012,482.2280
987.2749,430.2091,1014.9495,604.7520,670.8215,659.3151,643.1470,484.7722
1001.4821,429.0370,1025.1716,600.7179,669.0170,649.8622,645.3274,478.1814
1011.5421,421.7051,1036.2522,594.2022,663.0618,647.6616,638.3516,475.1644
1013.2934,411.9124,1041.4430,587.2029,661.3134,648.2474,633.1637,472.9569
1016.3461,405.7975,1045.7451,585.1205,661.8106,648.0646,632.4115,468.7416
1026.7311,395.6747,1056.4021,578.4007,654.6641,643.6350,624.9930,460.9091
