1
294.8712,143.5380,45.4133,149.2231
294.5263,142.7953,46.8356,150.4644
296.4634,142.6600,47.2905,151.8699
296.5967,142.3275,47.5176,154.2011
297.9816,142.0643,48.1549,154.7494
298.2347,142.0154,48.5875,154.8579
298.4973,142.2198,48.7173,154.3368
299.3311,142.5221,48.6506,154.0058
297.9916,141.9072,48.4921,153.8201
296.8159,142.8854,48.0091,152.8559
295.6070,143.4009,47.7548,152.4517
294.0653,143.2646,47.4240,152.1732
291.1333,142.4549,47.1778,152.6040
288.6665,142.2645,46.8683,152.0856
287.1692,143.1261,46.1648,151.0030
285.5225,143.9752,45.6183,150.3871
282.7961,144.5488,46.0711,149.5349
281.2504,145.5682,45.8094,149.2887
278.7941,146.4952,45.3432,149.4762
277.6379,145.8881,45.8160,149.4024
274.9655,147.2028,45.5160,149.0003
273.4586,147.7374,46.0116,148.7572
273.1779,149.4940,46.4590,147.0494
272.7066,152.2777,47.1737,144.9744
272.2992,153.0792,47.4523,144.4641
272.0300,154.3491,46.9864,143.5642
270.8362,154.0318,46.4891,143.5812
270.0281,156.1337,46.0464,142.1077
270.2553,155.8134,45.9315,141.8280
269.2350,157.2458,45.0648,141.8939
268.7798,156.8292,44.0711,142.5534
267.8192,158.5063,43.4963,141.6013
267.2031,158.9783,43.2239,141.4499
265.4921,160.8993,42.9750,140.2099
264.6170,161.0557,42.9698,139.6383
262.0606,161.6706,42.6301,140.7607
261.2173,160.2128,42.8680,140.0899
259.5544,159.9590,43.1097,139.8016
257.2622,160.6107,43.0730,139.9476
255.0400,161.4099,42.9608,139.2177
253.2467,161.3572,43.0157,138.6793
252.3350,162.6872,42.8275,138.5172
251.9470,162.8312,42.5599,139.3244
252.5105,162.2177,42.2661,139.6072
254.0128,162.0206,42.0225,140.3656
255.3199,162.7029,41.8173,140.9788
255.9289,162.6974,42.2081,139.5990
257.4560,159.2571,42.5011,140.2159
258.6068,158.5916,42.4719,141.4099
258.8688,158.4152,42.2702,141.8850
257.3770,158.6573,42.3477,142.2697
256.0592,158.3046,42.4817,141.9478
255.2281,159.8892,41.3635,141.4516
253.6858,158.3505,41.0929,141.2222
253.4030,157.2274,40.5174,141.9865
252.9462,155.4722,40.1928,142.8320
254.1118,150.8359,39.4661,145.0012
253.5948,148.8669,40.2102,146.4070
251.5704,147.5498,42.0795,146.8789
248.3471,143.8109,45.0036,146.9873
245.7329,141.4178,47.9267,147.2935
244.9016,142.0312,49.5051,147.1884
244.1613,142.5650,49.8511,147.1464
243.9263,142.2903,49.8353,146.4719
244.9820,142.5727,49.5083,145.8733
244.8572,141.1193,49.7129,144.7862
243.7493,141.4979,49.9318,143.3106
243.7185,141.7442,49.7837,141.7095
243.8805,141.3241,49.9577,140.9202
244.2042,141.4506,50.1991,141.5594
244.9922,140.4288,50.6087,142.3915
244.6152,141.7078,51.3935,143.3341
244.5125,142.9895,51.4889,143.4851
243.6736,144.0323,52.0152,142.1666
244.0434,144.0275,52.3833,141.1096
243.2596,144.9817,52.9577,140.1576
244.3962,142.8699,53.5026,139.5978
244.0272,142.9982,53.1116,140.2608
245.4219,141.1312,52.6929,140.9409
245.4694,140.4261,52.6473,142.0152
245.8345,139.8701,52.5579,142.2032
244.5431,140.0647,53.1463,142.3355
243.5189,140.2473,53.9341,142.4672
242.8534,141.1977,54.8634,142.6418
242.7879,141.0929,55.6784,141.9797
241.6589,140.5330,56.6954,140.4748
240.9790,140.8369,57.4982,138.7090
239.8893,139.9365,58.5373,137.2524
238.6368,139.3828,60.2965,135.8844
238.2158,139.1101,61.7760,136.2138
237.6047,138.2366,63.3066,136.8862
237.7069,137.9353,64.8826,138.2731
237.9109,138.0358,66.5476,139.2396
238.9481,137.6353,67.6278,140.8386
240.5389,136.7017,68.3694,141.7210
241.3225,135.8087,68.7147,142.1127
243.9164,135.9024,68.0873,142.1939
245.9355,136.5000,66.9288,142.5839
247.4085,136.1415,65.6481,143.5846
250.3749,135.6708,63.8420,144.3168
254.9613,135.6613,61.1297,144.6444
258.9180,135.2504,57.9711,144.0080
269.9487,137.3367,53.7336,143.8091
271.7112,137.0875,50.7582,144.3946
279.6187,138.7172,48.8402,144.0895
277.8004,143.0860,46.9107,146.6186
265.2843,167.2842,49.8881,146.3821
272.8881,170.1179,52.1037,144.9754
270.4806,152.6209,53.9013,146.1142
287.7372,198.2305,58.3772,139.3115
293.4839,207.6478,61.1601,134.5747
303.4728,199.6100,60.2355,133.6220
311.8161,208.0087,60.0141,131.0535
320.7059,203.7150,59.8905,129.6064
321.9172,186.1546,58.7288,130.9280
2
0
0
0
0
1
276.7903,154.4167,46.4348,91.8816
276.5475,152.8652,46.1140,95.1607
275.6632,151.2702,46.3610,96.7305
277.9131,149.8593,46.9001,96.6553
277.0295,150.7537,47.2143,97.8726
276.7110,149.8222,47.5664,98.0145
277.5533,151.8500,47.2369,99.2935
276.4847,152.4987,46.8554,101.3395
277.1674,152.0964,46.3213,102.7743
276.7686,152.0697,46.1773,104.2980
276.4993,152.1048,46.5513,106.0247
275.1013,151.7339,46.9697,108.2981
273.0009,152.7455,47.4305,111.1636
272.4418,151.8696,47.4567,113.3972
271.3550,151.8694,47.3729,115.4601
271.5648,150.7173,47.2316,117.2358
271.9912,150.3410,47.0627,118.7184
271.8873,150.1322,47.2784,119.9860
271.5932,149.5074,47.5926,119.9205
271.4370,148.9892,46.8986,119.8527
271.9881,148.9491,45.6791,120.0064
272.8310,149.1665,44.8964,119.9288
272.4243,148.2966,44.3063,119.5485
273.9021,146.1529,43.5646,119.7244
274.2874,146.8647,43.2935,119.8428
275.8432,146.3083,43.3326,119.5190
275.9506,145.6820,43.6505,119.1133
276.5245,146.1475,43.8191,119.6492
277.2664,147.4091,43.9823,119.7084
277.4250,148.0153,44.3789,119.5531
277.9487,149.4057,44.6791,118.3107
279.7281,150.4640,43.6868,118.5802
281.0726,150.1095,43.5430,118.5088
282.1584,151.7424,43.2342,117.9433
282.6800,152.3594,42.9583,117.9613
282.0701,152.8114,43.1598,118.4405
281.8781,153.4891,43.7690,118.6735
281.1972,154.4381,44.4045,118.7857
280.1207,156.3996,44.8892,119.3459
278.8402,157.2904,45.2816,120.6990
278.3260,156.2912,45.9316,122.1833
277.6320,156.9552,47.2153,122.3941
277.5289,157.4284,47.6305,122.6550
276.7325,157.7816,47.8568,123.4903
276.2203,158.3058,48.1917,125.0740
276.3472,158.3375,48.4676,125.4180
276.7777,159.7715,49.0561,125.2242
277.3067,161.4701,49.1482,125.1621
278.2035,159.9206,48.4896,125.0695
278.9666,157.9458,48.1333,125.8353
279.6834,156.9530,47.8222,126.7713
281.3270,156.0548,47.8639,127.9739
281.6099,155.4572,48.0353,128.3367
283.0414,155.2619,48.6168,128.8559
283.4384,155.6560,48.7079,130.4750
282.5515,155.2309,48.2654,132.4183
281.1131,155.7772,49.3759,132.2387
279.5992,154.0608,49.4333,133.1868
278.5842,152.7981,51.1472,133.0938
278.5884,151.3668,51.9048,132.4729
279.2634,150.8106,52.3343,131.2040
281.6721,151.6465,52.2718,130.2960
285.3197,153.0127,51.5399,129.3557
288.4045,154.1789,49.3950,128.7857
290.9206,155.4698,47.1294,128.3323
292.9986,157.1969,45.0445,127.3886
293.6655,158.2173,44.2173,127.2056
294.1075,158.2521,43.3167,127.4528
294.1230,159.1559,43.2523,126.4571
293.7438,159.5284,43.5148,125.3861
294.5764,160.7430,43.1245,126.4868
294.9158,161.4176,42.7895,127.5761
295.9103,162.2801,42.4275,128.3214
295.9022,163.0873,43.0104,128.5873
295.7621,163.2306,43.8105,128.0432
294.7057,163.9346,44.5573,126.8526
293.7881,162.7035,44.2564,127.3347
293.9742,161.7496,44.0372,126.8238
293.9486,159.8308,43.5621,127.5215
293.5079,156.8227,43.1256,128.6487
293.4642,153.9445,42.6986,129.8700
295.6363,151.0486,41.5993,132.1323
305.6378,150.6925,41.4935,133.1341
306.1743,148.8167,41.1483,135.2205
307.5910,147.0907,40.6406,138.4853
309.2077,146.1999,41.1726,140.8843
309.5392,142.1489,41.9480,143.4983
308.9592,144.3061,42.9344,143.6579
308.5274,144.6300,43.2770,143.6941
307.5896,141.3696,43.9870,144.0207
305.7390,140.8326,46.1488,143.0531
304.2379,139.5285,47.9347,143.3765
304.4473,140.6107,49.5462,142.9910
305.7261,142.1420,50.7637,141.7942
308.3018,143.8355,49.4069,142.2447
310.0075,147.1556,48.3891,140.9975
310.7379,149.6797,47.8379,139.4350
308.9923,150.9232,48.6842,136.2583
309.2039,155.3188,49.5959,132.9278
309.5041,158.1462,50.2395,129.8691
309.5663,162.4133,50.9414,126.5347
309.5944,162.2269,50.8159,126.1865
310.0257,162.3460,50.7579,125.9189
310.9283,164.5004,50.8205,125.2204
310.5695,164.2455,51.1959,124.6301
310.7964,164.1659,51.1746,123.8464
311.0102,165.1856,50.9857,122.2582
311.6069,164.5420,50.1898,122.7808
312.0432,163.9643,49.5908,123.1273
313.2904,162.1268,48.6151,123.7187
313.6607,162.6441,48.9808,121.9933
315.2829,163.2835,47.9924,122.3012
317.5225,165.4027,47.5564,120.1383
321.0789,169.0200,47.5574,117.0737
323.4083,169.7901,46.8219,116.4291
325.5274,168.6729,46.2949,116.0941
327.3250,168.5888,45.9536,115.6561
328.9474,167.7148,45.2525,116.9400
330.8606,168.3955,45.3958,116.3452
332.2355,167.6758,45.6256,115.9596
334.4955,168.8161,45.8253,114.6639
336.5177,170.4484,46.4354,114.0113
337.7772,170.7440,45.5659,115.6696
339.2642,170.2727,46.7499,114.2917
340.1090,170.6883,47.6853,114.2597
341.5544,170.8793,47.8611,114.0667
343.4817,172.3516,46.9399,114.9554
344.9658,172.3898,46.0431,115.7970
346.3953,172.2914,45.6922,116.5349
347.5718,172.2840,45.5595,117.1748
349.5425,172.1527,45.5275,117.3572
351.9900,171.4439,45.1822,117.6591
353.9144,170.6288,45.1386,117.8933
357.6674,169.0601,44.8451,119.1532
360.3727,169.0561,44.5783,120.4139
363.5842,168.8220,44.1418,121.9464
365.9689,167.9904,43.8297,124.3397
369.5375,167.5532,43.6785,126.5098
373.2284,166.7221,43.5626,129.0959
376.5215,165.4115,43.6682,131.6579
380.3259,164.7733,43.3937,133.6854
382.9742,163.8749,43.3276,135.1675
385.9080,163.7638,43.2317,135.7552
387.9454,164.9116,43.1737,135.7041
390.6013,165.3439,42.8345,134.9418
393.4086,166.0395,42.5248,134.7312
395.5478,167.0141,42.8643,133.6953
395.7577,167.0099,43.7603,132.4079
396.2039,167.3159,44.5019,132.0055
397.0621,168.7749,45.4501,131.7301
397.2677,170.4014,47.3612,130.9260
397.8184,173.3088,49.4531,130.6018
398.5150,174.4165,50.5124,130.6698
399.3517,174.9349,51.1247,131.2563
400.9879,174.3104,51.8985,130.4932
403.5019,173.9520,52.5304,130.3823
405.7928,173.7437,52.7004,130.1625
408.8265,173.3546,52.8090,130.6274
411.3069,170.8096,52.6796,131.7089
414.4951,168.9686,52.3574,133.1158
417.9845,166.8967,53.4207,132.5101
421.3396,166.2535,53.6805,133.0182
423.9774,164.3463,52.7329,133.2627
426.4467,162.2498,51.2725,132.7034
428.6217,161.7151,50.7628,132.4223
430.3226,161.0734,51.1670,131.3103
431.4294,161.4006,51.4301,130.1506
431.8829,163.0457,52.6250,129.1550
432.4857,162.3524,52.0437,130.8134
431.7154,161.1691,51.5828,132.1699
431.0268,160.8938,51.6249,132.8958
430.1654,159.4796,51.8173,133.6201
428.8200,160.5486,52.3672,133.1202
426.3189,159.4466,52.8250,133.0775
424.3943,161.9946,53.1862,132.9220
421.7914,161.9218,53.1978,133.9181
419.8150,161.1387,53.3757,135.4725
416.3515,162.2979,54.1716,135.4787
413.1103,161.7138,54.9227,135.4995
409.5789,161.6517,55.7292,134.6266
406.6472,162.9918,56.3386,133.1499
403.3681,162.3947,56.5699,131.8959
400.9870,161.8100,56.2646,131.1210
399.4804,161.6864,55.9699,130.6569
397.8110,160.8268,55.9583,130.6620
395.8311,160.1535,56.0325,130.2402
394.5846,159.9790,56.1644,129.3462
393.6596,160.1523,56.1060,128.6869
393.9976,160.3679,56.2770,129.0626
393.9360,159.1966,55.9855,129.8381
395.1068,159.3744,55.4736,130.7487
395.2625,158.1449,55.0206,131.4259
395.8279,156.8878,54.1150,132.3035
396.4813,155.3296,53.7627,132.2454
397.1418,154.9858,53.4954,131.9902
397.9485,155.7998,52.4398,132.7206
398.4688,154.3056,52.8106,133.3527
398.9005,153.8474,53.1659,133.4951
399.2346,153.6101,53.4576,133.7316
399.4886,153.9129,53.7014,134.0818
399.0254,154.0871,53.8245,134.8037
398.9292,153.9437,55.1095,135.0092
399.6326,154.8329,54.6986,136.1992
398.2927,153.5116,54.9880,135.2404
397.0794,151.7946,55.2530,134.9222
397.4171,151.9878,55.3860,134.2507
396.8236,149.5918,55.1191,135.2368
396.7229,148.7660,54.1503,136.5117
396.8351,149.0912,53.0853,138.7941
396.9114,148.2397,51.3845,141.1865
398.4084,148.4616,50.2483,142.1785
398.7326,147.0620,49.4305,143.2233
400.5148,147.3801,48.5723,144.2045
402.2405,147.9279,48.1906,144.0315
403.4938,146.3962,47.7046,144.5151
403.9057,145.4745,48.0565,145.6099
404.3144,143.5978,48.5586,146.3834
405.5109,142.2129,48.5152,148.7131
405.8990,141.0409,48.6870,151.1324
406.8505,140.0841,49.0123,153.7150
407.9170,139.0427,48.8918,155.1217
409.5175,138.5178,49.1262,155.6917
411.7511,138.8377,48.7912,156.2036
413.3358,139.4847,49.0152,156.4983
413.3178,140.7710,48.9031,155.9317
412.9691,142.2717,48.4489,155.3022
411.3782,142.5935,48.1609,154.3101
409.7427,143.0152,47.6002,154.4402
406.8936,143.3955,48.0142,153.8424
403.4102,142.8046,49.3093,153.3129
400.8722,141.0103,49.2604,155.0313
397.8021,139.2447,48.9603,156.4697
393.4992,138.3072,49.3074,157.3226
390.7634,137.3525,48.8929,159.6567
387.4899,135.5249,49.2472,161.2159
384.9461,133.8136,49.6183,162.5265
382.2235,133.2236,49.7881,163.8105
380.3070,131.6016,49.8642,164.9568
377.7123,130.4206,49.8199,165.4047
375.6396,129.9861,50.4006,165.5087
373.3337,130.0101,50.6207,165.5076
371.2458,129.9410,50.9573,164.6530
369.6937,130.2368,51.0952,163.7266
367.8756,129.8920,51.1484,162.8377
367.3521,129.9261,51.3466,162.1158
366.5697,129.6371,52.2349,160.7082
365.8158,129.5145,52.2521,159.9584
364.9091,127.6092,52.5671,159.4094
364.0068,126.4317,53.3131,158.1346
362.6510,125.4794,52.7361,157.9758
361.9538,124.3000,52.8871,158.1409
361.0606,123.2422,53.0965,158.4248
360.2793,123.1232,53.5030,158.1538
359.2979,122.1611,54.4849,156.6250
358.1482,122.0934,54.9120,155.2192
357.6938,122.5295,55.0158,153.9783
356.3412,122.2167,54.9455,152.9407
356.0976,123.4364,55.2372,151.6367
355.0036,123.2256,56.2473,150.1743
353.0492,123.0187,56.9681,148.9095
351.4807,123.9372,57.0593,148.3427
350.8793,124.1937,57.1775,148.3238
349.3838,123.8983,57.6536,148.1207
349.1920,124.5735,57.1906,147.0956
349.2318,125.5986,56.8554,146.1254
348.1870,125.8603,56.4616,145.7336
347.1609,127.0118,55.5688,145.2141
345.9531,128.4037,54.5740,146.2587
344.9291,130.0009,54.0654,145.8457
343.4061,130.9807,53.2035,145.7364
341.6729,132.4861,52.5944,145.3979
340.2318,131.7651,51.7400,144.7225
338.2599,131.4928,51.4941,144.4621
335.5082,131.0710,51.3710,143.9401
332.7699,129.9177,50.8726,143.6922
329.5954,128.1364,51.1689,142.8977
327.2374,125.6634,50.9047,143.7962
323.9766,124.8513,50.0971,145.6416
320.5536,124.0641,49.6652,147.1960
318.5929,123.3899,48.9738,148.1571
316.4159,124.3193,48.1917,148.8268
313.0470,125.2456,47.8579,147.5111
309.4015,126.7684,47.7413,144.8731
305.9094,126.9400,47.6566,142.2463
302.7019,128.1727,46.6685,141.6764
299.2855,127.1165,46.2944,140.9636
296.0581,128.1643,46.6549,139.1530
292.9425,128.5535,47.4486,137.3729
288.9731,127.6983,48.7626,134.5929
286.4209,127.5462,49.4373,131.4943
285.4569,126.6570,50.2600,128.4331
285.6724,126.7129,51.4126,125.0477
283.8342,127.5087,52.9115,122.1049
280.3534,128.4626,53.8172,120.3928
278.8936,130.0168,53.7251,118.8582
276.9692,132.1642,53.5140,117.5578
275.1220,132.1800,54.7802,116.0380
275.7076,133.8368,54.3866,116.0161
275.5311,136.1079,53.6764,116.7286
277.0294,137.4873,52.6697,119.2530
278.8855,139.0058,51.0754,122.7253
278.2543,139.7981,49.7055,125.9241
277.4589,138.9596,48.3555,128.0952
276.5296,138.4931,47.8400,130.3219
274.2433,138.1050,47.9342,132.5711
272.8119,137.2104,48.0952,134.6924
269.9344,137.3196,49.0368,135.6679
268.5181,138.5555,49.9068,135.5992
266.6736,138.5681,50.9689,135.4625
264.7191,140.1045,50.4575,136.0859
263.4691,140.5608,49.8503,136.3476
262.3322,140.3525,49.7314,135.9437
262.1408,140.7404,50.6490,134.4225
261.2438,141.6948,51.8491,132.5800
260.7264,142.7998,52.7862,130.3705
259.8575,144.6436,52.4006,128.8878
259.7107,145.0857,51.3816,128.3027
259.6466,145.5052,51.6057,127.6559
260.7527,147.2022,51.6298,126.9573
262.0982,148.6787,51.5202,127.1535
263.4937,150.0272,51.2215,127.1271
264.0939,149.9086,51.3039,126.6617
264.7931,150.0713,51.4327,126.5628
266.2403,150.4095,51.7942,126.1712
268.6830,150.5237,51.8463,125.8319
270.1016,150.0084,51.3750,125.8766
272.3553,148.7437,51.1174,125.6130
273.8256,145.8357,51.3816,125.3561
275.5439,145.5935,51.3480,125.1090
276.9052,143.5174,50.9384,123.2846
277.5808,142.1195,50.6777,122.6673
278.9626,141.6977,49.1073,122.9904
277.9272,138.8911,48.0493,123.1528
277.5756,143.1699,47.8398,123.5537
277.1277,142.3835,47.4937,124.6720
276.2184,142.0916,47.3304,125.8501
274.7907,142.9528,47.3008,127.0354
273.3771,144.5102,47.2238,128.3712
271.6522,143.9116,47.0645,129.3108
269.7622,143.0452,46.7859,129.0607
267.6622,141.0078,46.8899,129.2517
265.5455,140.1748,46.3836,129.2756
263.6331,136.2932,45.5056,130.2938
261.6378,135.1062,45.2365,130.6264
259.4972,136.4085,45.1351,129.9885
258.1337,136.4916,44.7548,130.3309
250.0596,138.1888,45.3190,129.1810
251.3914,140.3218,45.5606,128.0349
251.7620,140.0396,45.7114,128.0617
251.7164,140.2376,45.9711,128.6931
251.5504,140.2945,46.2005,129.2312
258.2860,139.5791,46.3360,131.8315
254.5564,139.6468,46.9635,132.8195
252.8323,140.8166,47.6749,132.8175
252.1999,145.4342,48.4663,132.1745
253.2605,146.0653,48.5509,133.1331
253.8322,137.8197,48.8154,134.3339
254.5904,149.7808,48.6836,135.4020
263.5330,148.3923,47.8640,138.4949
262.1527,136.3837,47.8464,139.5656
260.6996,137.8396,47.9045,139.8382
258.8472,129.4424,47.5417,138.6817
257.1995,132.9649,47.8693,137.0789
256.0878,139.7433,48.3020,135.5154
254.8680,132.4340,48.3078,134.5794
253.4530,136.9950,48.6352,134.4307
251.4352,139.9707,48.8210,134.6847
250.2894,136.2181,49.6635,133.5892
248.4726,138.2113,49.6757,134.9991
246.8071,134.1182,49.7693,135.2614
244.7615,137.5717,49.4868,137.7054
243.2426,126.3335,49.1831,139.9112
241.9407,130.3341,49.1401,139.7830
240.9482,126.0789,48.9729,138.8841
240.4581,128.7296,48.1590,139.8839
240.7966,131.1693,47.6351,140.4834
239.9920,125.4411,47.1086,140.2052
240.4805,128.4366,46.9186,139.9373
241.1086,130.7448,46.9528,138.8485
241.8219,135.7372,47.1098,137.1657
242.4178,131.6273,47.1883,135.2506
242.9397,135.9290,47.5421,134.9339
243.4106,131.0912,47.4501,134.1649
243.7903,127.5921,47.6285,133.6308
251.4829,118.5459,47.4459,135.5453
249.4497,120.7967,47.4121,136.8568
249.5748,126.1931,47.9097,136.4190
249.2476,117.4526,48.0443,137.4931
249.1295,110.7584,48.7885,139.0946
248.9792,99.8361,49.5159,141.2365
256.5929,90.2571,50.6686,141.3796
254.4192,93.2087,50.9798,141.4491
253.6147,96.7480,50.7538,141.0647
260.1618,91.8036,52.8204,136.7339
256.8152,96.9813,52.8798,135.7543
255.1090,94.5756,52.6992,132.6785
254.8865,98.5426,51.0428,133.4506
254.4871,97.3039,50.4108,131.2961
254.3181,97.8271,49.5801,129.7231
253.6591,98.5336,48.3640,129.3693
253.1133,95.6902,47.8276,130.7074
252.9911,95.3009,47.6344,131.0469
253.1463,100.8613,46.2881,133.0741
252.8638,96.3044,45.9082,133.5282
251.5845,94.5436,46.0603,132.8814
251.1139,94.5846,46.1959,131.4674
250.3068,94.7174,46.4646,129.6864
249.4203,97.2040,46.1381,127.8524
248.1849,95.8579,46.7469,126.2275
247.1581,93.0523,47.1007,125.0022
246.3799,92.7074,46.6787,124.3324
246.2643,88.8389,46.6424,124.4116
245.4177,84.1731,46.8395,124.0952
244.5158,79.3441,47.6672,122.9686
242.8921,84.0184,47.8102,122.0109
242.1930,77.8123,48.0988,122.4051
241.6314,74.8714,47.7800,121.0767
240.8987,79.5439,47.7162,120.8475
239.4469,76.0611,48.1561,119.5744
238.4826,72.9437,47.8499,119.2646
237.7401,70.2817,47.5072,118.6426
236.2443,67.8565,47.2805,117.5606
234.4038,67.3545,47.4273,116.0850
233.4882,67.3040,47.0949,115.4714
232.1762,69.6675,47.1727,114.0317
230.8467,68.3734,47.2846,113.6791
229.7758,70.9750,47.1676,113.0982
229.5648,68.0473,47.3476,113.4734
228.6384,65.8928,47.9655,113.2820
226.7698,64.3850,48.4490,113.8729
226.3813,63.9875,49.5302,113.7698
226.5536,60.9957,50.2121,114.0330
226.3340,60.4937,50.5546,115.0304
226.4867,58.1949,50.5625,117.5679
226.7886,56.2481,50.1292,120.0210
226.6003,51.8190,51.3436,120.3755
226.3972,50.8067,52.3084,120.5121
226.5339,48.3348,53.0005,120.5624
226.5400,46.5689,53.5643,120.8082
226.1014,45.3003,54.1627,120.2786
225.1814,42.8696,54.6532,120.7615
223.6351,42.6563,54.4809,121.5647
223.3683,42.8883,54.4319,121.8934
222.6712,41.7870,54.4528,122.7295
220.9771,42.7058,54.0859,123.0989
219.2994,41.7111,53.8192,123.8508
217.5923,40.1703,53.3515,124.5346
216.2896,41.4102,53.1294,125.7236
215.0191,42.6288,53.4405,125.9986
214.1962,42.4353,53.0901,126.6422
213.9113,42.4172,52.8451,127.9334
213.2462,41.4689,53.2015,128.6887
212.0875,39.4827,53.9278,129.6016
210.6019,36.7498,54.7773,130.3606
210.1257,34.1625,54.3477,132.3635
210.5804,31.3351,54.0381,134.1828
211.6591,30.2206,53.2598,136.0775
212.7550,26.7069,52.5723,137.1994
213.6291,24.5981,52.0057,137.2990
213.9322,22.4112,51.9961,136.8047
213.6074,20.4618,51.9034,136.5932
213.1527,19.8319,52.0399,136.5667
213.3645,19.1491,52.5318,136.6354
213.2079,18.9390,52.6482,136.7303
213.6380,19.2404,52.6857,136.8180
213.5030,19.0538,52.6825,137.1432
214.1605,20.6113,52.7421,137.7719
214.6476,21.2542,52.0649,138.3709
215.2751,21.1736,52.3759,137.9713
216.1801,22.9379,52.7030,138.0072
216.3749,24.6744,52.6991,138.1754
217.2564,25.2528,52.5640,138.2399
218.1405,26.4134,52.2477,138.3738
219.3069,25.2205,52.3391,136.8809
218.8546,27.6813,51.7747,135.6999
219.5506,27.6141,51.4064,133.0857
219.8033,27.1605,51.2684,131.0178
220.5931,26.8788,50.7521,128.9219
221.1880,26.7830,49.4627,127.6450
222.0399,26.9287,48.3089,125.8771
221.9573,26.5884,48.4486,124.0187
221.0876,26.6593,48.1008,122.3758
220.5629,25.4959,47.8992,121.9933
220.4881,26.6619,47.9068,122.0274
220.9722,27.4966,47.6168,121.8310
221.7907,29.4237,47.2159,121.1830
221.7549,30.5364,47.0855,120.1047
221.6316,31.6652,47.2201,118.9954
222.2529,33.4606,47.4142,118.0585
222.9686,38.1390,47.7203,116.8928
223.8260,41.4557,47.7387,116.7986
225.0896,45.6010,47.7168,116.5849
225.6939,48.2330,48.2311,116.6640
233.8406,50.2406,47.9826,117.3139
231.0701,53.4110,48.2975,117.2280
229.7776,55.4637,48.1872,116.9795
229.7238,54.9455,48.0186,116.6472
230.4297,55.4459,48.3792,116.3758
231.7020,55.0977,48.5160,116.6832
239.5978,54.7167,48.3771,116.4656
245.5513,51.9269,48.6138,116.9445
243.4520,51.5748,48.5235,116.7621
250.0818,48.8229,48.1115,117.7024
247.3649,50.4092,48.7900,116.4233
253.2343,49.9451,48.9658,116.9967
251.1439,54.1957,49.1558,117.8283
256.8659,51.5851,49.1256,117.5220
255.3121,54.3561,49.6695,117.9315
261.8583,51.3844,49.2287,119.1253
259.7569,53.7800,49.6974,120.5375
264.9478,56.6677,50.5328,121.9931
261.4689,56.8410,51.1133,125.7821
258.9434,53.9514,52.2680,126.8932
258.4090,55.0522,52.6162,127.9432
264.1208,46.3590,55.9666,126.4805
261.5387,47.1291,57.7013,127.0042
260.0284,49.2587,57.8565,128.3618
258.6989,36.3512,58.4857,130.0878
258.5345,36.5095,58.9334,131.4531
258.7284,39.4609,58.8495,133.7117
257.6390,41.5036,58.6408,135.2584
256.6230,41.2795,57.2062,138.3203
254.4599,40.2887,56.9808,139.8261
254.1306,40.6723,56.1090,141.8599
254.7043,40.5622,55.6900,143.2120
254.2950,42.1597,55.2159,143.2837
255.2070,41.3432,54.1020,143.9878
266.1122,37.3651,52.9108,144.6162
277.0482,34.9975,52.3808,144.6297
275.6222,33.0971,51.1881,145.1283
299.6972,16.4219,55.9526,142.7697
301.6779,13.9075,59.7675,141.3309
303.8062,12.4896,62.3416,140.6366
306.5603,9.8793,63.8166,141.7397
309.9080,8.8046,64.3668,144.3027
311.0827,7.7975,65.1849,146.1793
311.4653,6.7055,67.0335,146.4370
313.1229,7.0117,68.1407,147.2926
314.9435,6.7747,69.2131,148.5721
315.3559,6.1385,70.2026,149.3329
316.0763,7.4905,70.9209,149.9494
318.2487,7.9395,70.8708,150.7295
319.2722,7.3507,70.7283,151.1440
320.8418,8.9982,70.4311,151.0112
321.2438,10.1491,71.0984,151.4777
322.2563,10.8139,70.7687,152.2703
323.7385,10.2063,70.2911,153.3649
325.3280,9.6276,69.9106,154.5942
327.3632,9.3222,69.8112,154.8133
330.1543,9.2114,69.8691,154.3416
330.6299,8.0179,69.5651,154.1610
329.3437,7.9918,70.6496,152.3845
328.3715,7.0941,71.9579,149.8820
327.5678,6.2706,73.4458,148.0875
327.1037,7.3486,73.8640,146.9590
326.7765,7.3579,74.5112,145.0938
326.9967,8.6122,75.2915,142.7159
326.4703,10.2834,75.9538,139.9048
327.2283,11.9527,75.8900,138.5311
326.5496,12.2453,75.4820,137.7396
326.4770,12.5809,74.7948,137.5668
326.8517,15.2124,74.3909,137.4324
326.1982,18.9516,74.3561,137.6422
325.2537,21.5685,74.2965,137.3997
324.8122,22.8211,73.0408,138.0485
324.2238,23.5157,72.1089,139.0499
322.3589,24.8717,71.7092,139.8888
321.9563,26.0858,70.6142,140.7462
321.9250,26.0755,69.6342,141.5294
322.0408,24.4670,69.3691,141.7487
321.8569,23.1887,68.5284,143.3035
323.4403,21.7924,67.7397,144.2899
324.9079,23.3048,67.5732,143.8044
325.5706,25.2599,67.3801,144.7676
328.3359,25.0781,65.8634,146.4605
329.0553,27.9292,64.0687,146.0515
329.9654,33.0230,62.9523,144.0004
330.2193,32.4918,62.1096,143.4621
330.7621,33.4469,62.0383,143.3615
330.8495,33.4784,62.1141,143.1132
329.7969,31.7972,62.0982,144.1024
330.4164,28.5403,61.9554,146.3455
329.6060,30.1233,61.5327,146.6014
330.2285,29.9734,61.6943,147.7277
329.7889,30.1053,61.3602,147.5119
330.0692,30.2030,61.0562,148.0919
329.3897,31.5710,61.3354,147.1502
329.9497,34.3840,60.3233,146.5532
331.1425,35.5113,59.4411,146.9734
331.9679,36.4972,58.7965,146.6778
333.3701,38.2495,58.3714,145.7963
334.5439,34.2822,57.7223,146.6669
334.8055,31.1875,57.7868,147.7303
333.9712,29.5882,59.1415,147.5383
333.5873,28.7101,60.0659,147.3286
333.9464,26.9686,60.9619,146.7940
334.9443,24.2490,61.0916,147.2440
335.8008,21.7966,61.0837,147.4771
335.0219,19.3221,61.5356,146.9290
336.3612,19.8179,62.0039,145.9162
336.9110,17.9154,61.1631,145.3975
337.0290,15.8936,60.8807,143.9678
337.1177,14.5716,60.7665,142.8557
336.8182,14.4750,60.8307,141.8851
337.6434,14.0935,60.2723,141.2487
337.8383,13.8814,59.8141,140.8273
338.4308,14.2704,59.2314,140.3583
339.1700,14.0033,58.9036,140.0320
339.1758,14.2633,58.8809,138.8967
339.7546,14.6291,58.4998,137.9641
339.8815,14.9875,58.1207,137.8017
341.0139,14.6994,57.8496,137.7234
341.1357,15.1630,57.8132,137.1516
341.8481,15.5642,57.6389,136.1425
343.0344,16.1092,56.6743,135.5905
344.2044,18.1444,56.1862,135.3266
345.2044,18.4619,55.2406,135.1366
346.5351,18.2586,54.3637,134.5544
346.0038,20.0017,54.4180,132.6108
347.3500,21.5019,53.6287,133.1055
347.5079,21.2012,53.8933,132.5473
348.7675,21.6906,53.8439,132.1649
350.1300,20.2837,53.4815,133.5878
351.0992,19.6004,53.6081,134.5594
351.4252,20.8904,53.8338,134.6804
352.7334,21.5431,53.3569,134.8255
353.7695,22.4861,53.5443,134.2833
354.7545,21.6171,53.5388,133.3193
354.3158,22.2319,53.1450,132.8759
354.6582,21.7568,53.3184,132.2186
355.8115,24.0691,52.7477,133.2157
356.7921,22.5711,52.3178,133.3081
357.5686,23.7216,51.9017,133.2907
358.6519,24.8313,51.4477,133.1760
359.7372,25.2928,51.3962,132.9365
360.6764,25.5619,51.3818,131.6955
361.0014,28.1500,51.5426,131.0701
361.6120,28.5142,51.0663,130.6698
361.1806,28.7178,50.9864,130.6547
361.0930,28.7971,50.9117,130.5586
360.3918,30.7685,51.3042,130.3446
360.3318,31.1826,50.6847,130.6955
360.2162,29.1722,50.3708,130.8359
360.9928,31.7761,50.7320,129.0672
360.4746,33.2879,51.0231,127.8514
359.6578,35.8602,50.9874,126.0240
358.3437,37.1276,50.3094,125.0320
356.7320,40.1642,48.7932,123.8724
354.9418,39.6941,46.7796,122.9778
353.2087,39.9599,45.2591,121.6352
351.9422,41.5531,44.2198,119.6466
351.5087,42.2862,41.8506,119.2666
351.4121,43.6081,40.4436,117.8314
350.7920,44.0991,39.0620,116.6089
351.6802,43.7850,38.0786,115.7518
350.2570,43.8579,37.2836,115.5820
350.0288,43.6563,36.2461,115.0364
350.0567,44.2116,35.3286,114.6319
349.0821,44.2612,34.7858,114.2101
347.8525,43.6146,35.0346,113.8482
345.9680,43.1947,35.1897,113.6090
344.8797,43.3906,34.9346,113.9859
343.6879,41.7105,34.3810,115.1320
342.0175,40.4935,34.1938,115.0323
339.9231,38.7620,34.0411,115.1937
338.5589,38.0213,33.6165,114.3334
336.1954,38.0417,33.8268,113.2834
335.2101,37.5612,33.4114,112.3834
334.0626,37.5433,33.3805,111.5817
332.6453,36.1446,33.7690,111.1827
330.8842,35.8720,33.9146,111.4176
328.5432,34.3361,33.8917,111.9967
326.6690,34.2147,33.9547,112.5186
323.9712,35.8205,34.4197,112.1214
323.5615,36.5134,34.4430,112.1959
322.1935,36.2109,34.4625,112.3064
320.7164,36.2894,34.2382,112.8809
320.1490,35.6821,33.9638,113.5377
317.5788,36.8904,34.6390,113.0745
316.9723,35.6569,34.8294,112.9083
314.8396,35.3401,34.9918,112.4692
313.6719,35.7987,34.9573,112.3627
312.4355,36.2376,35.3238,112.7181
310.2807,35.3471,35.4923,112.4422
309.1365,35.6176,36.0067,111.7052
308.6253,35.7885,35.6052,111.3494
306.6169,37.3731,35.2886,111.0625
305.6880,38.2315,34.4899,110.2987
304.9313,38.0938,33.1544,110.2461
304.4238,39.0450,32.2939,109.4539
304.0793,37.6790,31.1415,109.7101
302.2467,42.6172,30.9372,108.4943
300.2513,41.9062,30.9089,109.6598
290.4757,40.1974,33.2187,112.2945
288.4648,37.3664,35.8530,112.5550
284.3143,36.2512,38.2629,112.0286
281.5594,38.3586,40.1282,114.5642
277.7255,35.6630,42.0835,115.0565
275.6269,36.4311,43.2890,114.3099
275.1620,35.9029,43.1224,115.0673
274.2180,38.0859,43.1968,115.2771
276.1184,38.3120,43.4435,115.3541
276.8446,38.7953,43.3069,115.1258
278.7897,40.4453,43.0268,115.1017
281.1403,40.9254,42.8307,114.6337
281.8176,43.8050,42.6437,113.9355
283.3203,46.2797,42.3439,113.8524
284.8918,44.1942,41.9441,115.0344
284.7289,44.6202,42.8121,115.1597
285.7295,45.5662,43.4195,115.3304
286.0182,45.4529,44.2854,115.7958
287.8166,45.1619,44.0818,117.3148
289.3578,45.6191,44.3674,118.4823
290.9347,44.4459,44.5627,120.5915
292.0529,44.4964,45.5471,121.6839
293.5416,44.0616,46.4209,122.6861
296.4944,42.8079,47.2454,123.4878
299.9203,38.8609,47.8037,124.7806
291.6020,42.6644,48.4133,123.6078
303.8476,37.7619,47.8714,124.7681
306.2096,35.8700,47.0970,125.0877
306.9199,35.7723,45.9892,125.9773
308.2962,35.5629,45.7771,125.7668
309.6946,34.2763,44.7797,126.4430
309.8277,34.7748,44.1629,126.9571
311.3584,32.3974,43.7487,127.5285
312.1306,33.4086,43.2718,126.8805
312.5432,32.2857,43.5079,126.3439
314.6371,32.1762,43.7459,126.0996
314.1262,33.2000,43.8413,125.2764
316.2913,33.2246,44.6341,124.2949
318.1160,33.4897,44.6985,124.1540
319.7891,32.6968,45.0609,124.3858
321.3598,32.9440,45.5913,124.5600
322.3399,32.3169,45.6371,124.8059
323.4286,33.9623,46.4410,124.0230
324.2056,32.7566,46.7918,124.1971
325.2224,32.9525,47.3253,124.2885
325.9382,33.5547,47.9719,123.8334
326.0542,33.6964,48.6875,124.0451
325.1952,34.7979,49.7430,123.7719
325.6940,35.0107,49.7843,123.9980
325.8170,36.8521,49.8822,123.5799
326.0197,40.8790,50.7992,121.8274
326.8920,41.7354,50.8470,120.6041
326.9209,42.7438,50.3050,119.8262
325.9917,43.5565,50.6370,118.2570
325.9931,43.1782,50.6801,117.2044
326.4035,42.6238,50.1317,116.9653
327.3511,43.9897,49.8654,116.3275
328.0795,43.8690,49.6740,116.7975
328.4069,44.0876,50.1026,116.2855
328.6775,43.7232,49.8754,116.4417
328.1329,42.8765,48.9138,116.7575
328.5977,40.5453,47.5296,117.3697
329.8775,38.7104,46.0835,117.9473
331.0843,40.3939,45.4077,116.6491
331.0894,39.1767,45.2280,116.3559
331.8658,43.2811,44.2303,115.2611
332.6319,45.3552,43.5469,115.1800
332.0383,47.6843,42.9825,114.8295
329.9935,48.8501,42.6345,114.4719
330.0527,48.7062,41.8094,114.0567
328.7728,46.9657,42.2444,113.3713
326.4644,45.4429,42.7050,112.9319
325.4619,45.4737,41.9980,113.8929
323.9881,45.2287,41.6947,115.2007
322.3407,41.8159,40.3921,117.5823
321.3958,38.3863,40.2211,118.5350
320.0504,37.4214,40.6064,118.4906
318.8262,36.3425,40.5214,119.5378
319.0901,38.6419,39.7121,120.9082
319.6782,35.4359,40.4785,121.1302
318.6638,35.4801,41.8187,120.1237
318.1067,36.3908,41.7807,121.2632
2
0
0
0
0
1
378.6315,67.0377,29.7241,98.7832
380.8810,64.9922,29.9158,101.5873
383.2288,63.4476,30.1394,103.7136
385.0993,63.5447,30.1939,104.6227
387.6983,63.4797,30.2287,105.3785
390.5132,63.1972,30.0116,104.4142
391.8906,63.9738,29.8251,104.0917
395.3354,62.9246,29.7355,104.4158
397.6655,63.5092,30.2731,105.7732
399.1318,63.2095,30.4218,106.6095
400.0435,61.8624,30.8417,107.9440
401.3214,62.0714,31.1184,108.4534
402.0967,61.8756,31.2053,108.7775
402.1701,61.1619,31.4881,109.3923
402.3227,62.9955,31.9865,109.3865
401.9137,63.7725,32.3131,108.4157
400.3638,65.1567,32.6974,107.6722
401.2125,64.9984,32.7738,108.1673
398.2818,65.0085,32.6279,108.7010
397.6343,65.5216,32.3723,108.6111
396.4876,66.2505,32.3493,108.1468
395.2143,67.6437,32.2256,107.4784
394.5451,68.2499,32.2099,107.3463
393.7421,70.1981,31.7695,106.5289
392.9992,70.9649,31.3455,105.8021
391.1556,72.2701,31.1177,104.7872
390.8024,74.3932,31.0114,103.6387
389.8978,75.3084,31.2168,103.3266
389.6838,79.3474,31.3779,103.2495
390.8548,81.9561,31.1811,101.8395
392.2895,83.2733,31.1288,101.0046
393.5331,85.0593,30.3540,100.9899
393.9492,86.4303,29.6882,101.1007
392.8759,87.2394,29.3118,101.2948
392.6026,89.5929,29.1930,101.6813
392.5718,90.3032,29.2873,101.7707
391.5777,91.9892,29.5673,101.3375
392.0033,92.4284,29.6748,101.2549
390.8577,95.0167,30.0058,100.8155
390.2192,96.2554,30.1536,100.3925
390.4020,98.3133,29.9473,100.6188
389.1303,100.1320,30.1214,100.2027
388.3399,100.6931,30.5725,100.4452
388.6063,101.9554,30.8174,101.0498
387.8676,101.9293,30.7800,102.6228
388.4478,101.4004,31.0039,103.8119
388.2836,103.4058,31.4054,103.2678
387.5380,103.9327,32.0159,102.9304
387.7080,105.3259,32.4325,102.6958
389.0902,105.9983,32.7298,102.2667
390.2108,105.3682,32.9377,102.2617
390.6382,106.6590,32.7353,102.7401
391.7764,107.3689,32.5589,103.0524
392.1774,107.4914,32.4688,102.9761
393.0925,108.3077,32.3231,103.2718
394.0523,108.9188,32.1018,103.0329
393.5126,110.5062,32.0811,101.7952
394.1534,110.7206,32.0225,101.1201
393.6649,111.1642,31.4649,100.1340
393.7643,111.9917,31.3752,99.9118
393.4236,114.2238,30.9631,100.0789
392.6340,114.8767,30.9917,99.7061
391.7288,117.3221,31.2085,99.0885
390.6714,119.2996,31.2171,98.4478
389.3077,122.0331,31.1027,98.2039
389.1602,124.2188,31.0764,98.1634
387.3287,125.4052,31.1867,98.6413
387.1266,128.2847,31.3639,98.6827
386.4088,130.8821,31.5042,98.4838
386.6074,133.6914,31.6625,99.0732
386.8110,135.0412,32.2491,99.2180
387.5805,137.4366,32.8058,98.7433
386.8151,139.4706,32.8666,98.2431
385.7725,140.7098,32.2960,97.9253
383.8997,143.1933,31.8848,96.7245
383.3711,143.8021,31.4531,96.3362
382.1582,144.6196,31.6281,96.3679
380.0627,144.9133,31.8049,96.3137
378.9396,145.7056,31.7481,96.2120
379.0236,142.8900,32.0818,96.3462
376.9240,143.8596,32.2365,95.5040
374.8748,145.1218,32.3230,95.3114
373.4613,145.3446,32.4576,95.7560
373.2708,145.2211,32.6377,96.3281
373.0406,145.1140,33.1167,96.8491
372.9928,144.1948,33.1490,96.3705
371.0801,142.7366,33.1078,96.8366
369.4624,141.0285,32.8596,97.9744
368.6083,139.4634,32.9168,99.7347
366.6406,138.6056,33.2474,101.4108
366.8661,134.0377,33.4571,103.0763
366.6948,131.6856,34.1032,104.2902
365.7432,128.7176,34.6942,106.4066
364.9046,126.5905,35.3111,109.3123
364.1233,124.6934,35.9968,111.6211
364.3873,121.9756,36.4133,113.4168
362.9050,118.9390,37.2215,116.8527
362.5376,116.9423,38.4290,119.6088
363.1305,113.4740,39.6769,123.2026
364.0642,111.6525,40.6300,125.2247
364.0532,109.3513,41.6763,128.0785
363.9626,106.4342,42.7236,131.4342
363.5851,102.5911,43.6113,135.6354
364.2016,102.5796,43.3721,138.9814
364.0322,102.8210,43.3091,141.6322
364.2701,103.2459,43.5459,144.8955
364.5475,102.2444,43.3205,148.0523
364.7474,100.5313,43.9614,151.0112
365.3366,99.3211,44.1998,153.1747
366.1112,100.6522,44.7024,153.8290
366.6310,100.9153,45.3012,155.4782
367.6754,100.7769,46.1335,156.6668
368.9228,102.3133,46.6873,157.1310
370.4962,106.5541,46.9045,155.2713
372.6898,109.0303,46.7112,154.5542
374.6162,115.3484,46.5842,151.3351
377.4686,122.4407,46.1484,147.7808
379.6894,125.4894,45.4225,142.9614
382.7117,127.2014,44.6324,138.0703
385.0045,128.3662,43.8207,135.1309
388.1590,129.3116,43.3781,134.1138
391.2008,130.8830,43.5468,133.7939
393.5960,130.4482,43.2127,133.8684
395.9666,129.5302,43.4218,133.8500
398.3237,130.5248,42.8683,134.3988
401.1646,128.6517,43.8003,135.3129
402.2623,131.2484,43.5078,135.6647
403.0531,126.5522,44.0229,138.3863
404.7736,126.2021,44.6117,138.8446
406.0300,124.9618,44.9553,140.0591
407.3922,122.0620,45.2056,143.4328
408.9656,123.0351,45.7399,145.6929
409.4309,124.3512,46.3802,147.9914
408.0374,125.6204,46.2660,149.4499
408.2874,122.1670,47.0680,151.3025
406.1003,122.2005,46.8180,152.8590
404.3112,119.7965,47.1677,153.9062
402.9723,118.1441,47.5744,154.3680
402.7219,118.9952,47.4942,155.4477
404.0898,115.8321,48.4291,157.7798
403.4084,114.7328,48.5144,159.7221
400.9619,115.2973,48.8502,160.3903
402.9730,115.2168,48.9793,162.1268
402.6162,111.5367,50.0503,164.9751
400.7410,113.1435,50.0524,166.4508
402.8349,108.4426,50.4373,169.3838
402.0091,107.6522,50.6591,169.8142
404.5442,103.6707,51.1114,172.1142
407.9251,101.4948,51.2270,173.6151
409.8166,103.4514,51.6461,174.1228
411.2002,104.7597,52.1092,174.1264
412.0421,105.2972,52.6891,174.3499
414.2215,108.1525,53.0381,173.4890
414.5716,107.3955,52.8638,173.2588
413.9873,106.3632,53.0873,173.7131
415.2491,103.9211,53.1841,174.4494
416.2760,103.0240,53.1786,174.8680
416.6447,102.3055,53.1121,175.6422
415.2350,102.0975,53.3241,176.2904
415.9682,103.8964,53.5981,176.3391
414.7773,106.1397,54.0846,176.6400
414.3512,108.2516,54.1482,177.3715
417.2252,109.6347,53.6625,177.7527
419.5953,110.1692,53.6194,177.5796
421.9392,112.3703,54.0281,177.2595
422.0606,112.8492,54.1755,177.1140
423.9608,114.2619,54.5954,176.1848
427.6029,114.6120,54.6753,175.2469
427.8589,116.7824,54.8785,173.9700
428.4481,118.0484,55.5154,173.5271
429.7471,117.0717,55.5026,174.3995
430.8895,117.1724,55.3113,174.8491
430.2940,116.3876,55.6645,175.1559
429.6845,113.3839,55.9927,175.3414
430.6398,109.3834,55.7854,175.8168
431.0714,105.6536,55.4471,175.8394
430.6859,103.9939,55.6166,175.9756
430.4309,97.5573,56.0821,176.6806
428.6302,99.1956,56.3712,176.9791
425.9098,99.1863,56.8223,177.5915
426.9424,99.4835,57.2392,177.4807
427.5121,101.5257,56.8743,177.8246
427.9782,105.0880,56.4937,177.0802
426.4288,107.8335,56.4198,177.0582
425.7946,110.2535,56.3931,176.8699
427.3867,114.1619,56.4781,177.0704
427.3632,116.5071,56.1878,176.6142
427.5855,118.7018,55.9244,175.9432
426.7072,119.5456,55.1877,175.4915
426.4276,119.7139,54.7274,175.5295
426.8368,120.6946,53.7424,174.9871
428.0660,121.9226,52.8611,174.7202
430.3679,121.4924,52.7996,175.0318
430.9156,122.9169,53.0613,174.1733
431.7151,122.5131,53.1874,174.3972
433.9471,122.6104,52.9049,174.4677
436.0848,122.9779,52.7998,174.3273
439.0485,122.8848,52.7635,173.8178
440.5894,123.2147,52.9793,173.6596
442.0647,121.6675,52.9288,173.8965
431.6856,124.1249,52.7850,171.7086
435.8485,123.4606,51.8814,170.7875
436.4452,122.4944,51.7368,170.4852
436.3358,124.2217,51.5780,168.7632
437.3559,123.8179,51.5352,168.4032
438.1809,126.2338,51.1141,167.9424
439.6479,127.8650,51.2735,168.0013
439.2081,127.6911,51.5786,169.0732
439.0757,129.6115,51.7854,169.1391
438.1579,129.6597,51.4027,168.7837
436.3579,131.7617,51.1309,167.0148
436.2330,132.7287,50.4611,165.9159
436.0960,134.6192,49.6865,165.1485
434.9989,136.0302,49.2304,165.2352
435.1032,134.5324,49.1918,165.7605
433.9970,135.4813,49.3426,165.6030
434.5709,136.8428,49.1690,164.3397
433.8339,136.3173,48.4455,163.6344
433.0269,137.2289,47.8959,163.2517
433.5008,136.0339,48.2511,163.2330
427.3562,136.0798,48.3119,163.5741
428.6195,133.9650,47.6132,165.8221
428.1747,134.2758,47.3214,166.8736
427.3801,133.0613,46.3697,167.1086
425.8873,131.3968,45.8109,167.6258
423.9384,132.4159,45.3923,167.5773
423.9644,127.6290,44.5364,170.8108
420.5679,127.6235,45.3506,169.7240
418.0455,124.3282,45.2756,171.1652
415.7265,121.7893,45.4497,171.5462
414.0477,116.0596,45.0688,172.8918
412.2747,115.4877,45.2112,173.0801
411.5910,112.1001,44.5218,173.7772
411.3078,109.6898,43.9869,174.0939
411.7794,107.7097,43.7967,174.0961
412.4895,103.1720,43.4535,174.3318
414.5778,102.6952,43.5958,173.2405
415.9551,98.2205,43.9937,173.3869
416.8995,96.2606,44.8144,174.1297
419.3315,95.0005,44.0476,174.0250
420.0282,93.5607,43.8771,174.7869
418.8055,89.7682,44.2517,174.3612
420.2596,88.0002,45.1561,174.4070
420.6045,85.9209,45.2652,175.6046
420.4359,83.3580,45.2226,176.7236
419.8572,81.7034,45.9746,177.5694
418.8269,81.9773,47.1751,177.8183
417.7595,80.5487,48.1309,178.4664
417.7119,79.7210,48.8272,178.5709
416.2555,80.4502,49.4077,177.2854
416.6076,77.8245,49.2636,177.9148
417.7398,76.5377,48.5389,178.4610
417.0806,77.2719,48.5649,177.9574
417.6903,76.6323,48.0273,177.7026
418.5880,75.4126,46.9166,177.6693
418.7870,74.4571,47.1170,177.5706
419.5878,73.6105,47.0095,177.2850
420.6572,74.8196,47.2733,176.7711
421.8606,75.1190,47.7610,176.4629
421.8672,74.3363,48.3699,177.7411
422.3875,73.3971,49.0713,178.7704
422.7794,72.2930,49.2671,179.5266
422.2695,72.3545,49.5576,179.6916
423.3778,74.3130,49.9427,178.1241
424.1394,76.4417,49.9597,176.6470
423.5379,76.5373,49.0845,175.8114
424.9015,80.4109,49.0651,173.9440
424.8853,82.1726,48.6118,172.9794
424.6846,84.7580,48.6021,171.4199
426.2375,86.6371,48.7937,170.5780
424.5352,87.4952,48.7356,170.9094
425.7575,91.4912,48.6771,168.6944
426.6542,90.5747,48.3777,168.9715
426.2137,91.2282,48.2853,168.9549
427.8412,93.3615,47.8118,167.7113
427.1677,94.3647,48.1798,168.0633
426.4519,97.0768,48.6531,167.9360
427.8957,97.8681,48.1153,168.3808
427.7941,101.6074,48.3785,167.6156
427.1088,105.1705,48.7795,167.6240
426.8849,108.1863,48.8077,167.4891
425.7775,111.6501,49.0808,167.1257
426.0825,112.8758,48.9886,167.0520
424.2935,115.8111,49.5596,166.8197
423.0675,118.0601,49.8660,166.8643
422.8971,121.2804,49.7847,166.3740
421.6400,122.5313,49.7206,166.8847
420.6012,124.4546,50.0013,166.6434
419.3563,127.0717,50.4166,166.9389
418.4954,130.4192,50.6456,166.6902
419.2467,131.1618,50.0076,168.0504
418.4471,135.0794,50.3798,167.1031
418.7210,135.7141,50.2146,166.4082
419.4180,136.3211,49.7220,166.0535
420.1485,136.9188,49.7924,165.9658
420.5718,136.8261,49.6014,166.0298
420.3277,136.7178,49.6709,166.5399
420.2214,137.0352,49.7665,166.8168
420.0380,137.5991,49.4045,167.0159
421.0828,137.0802,48.9487,166.6338
421.3220,137.6576,49.0372,165.4177
421.9951,137.8294,48.9180,165.4438
421.8987,137.3273,48.7778,165.8102
422.4386,137.5493,48.9735,166.0639
420.9883,138.5018,50.3816,165.6378
421.0532,136.0722,50.0693,166.5714
422.3293,136.6338,49.6495,166.9008
423.0400,137.3152,49.2358,167.5109
424.3301,136.7591,48.7746,167.7784
424.5126,136.6592,49.2339,167.6861
425.6743,136.0445,48.3728,169.3244
426.5094,135.3217,47.3639,170.0351
427.3626,136.0623,46.4895,169.4481
429.5565,135.8144,45.5253,169.4984
428.9343,134.2213,44.7903,170.7611
429.1096,136.8963,44.8496,168.8532
428.8688,136.1012,44.8332,168.5697
429.0642,135.3554,44.6561,168.6111
428.6054,133.4785,44.9730,169.7778
428.3953,133.8271,45.1482,169.7463
428.6464,132.9402,44.7672,169.7884
427.9937,133.5402,44.7273,169.1950
429.6160,135.4174,44.8301,168.1480
428.4088,134.4456,44.7798,168.8292
428.2563,134.7011,44.6631,168.9902
427.4767,135.1933,44.6338,168.2177
426.2192,136.1051,44.2996,167.5311
426.7768,137.2395,44.1692,166.5278
424.5365,137.8414,44.2987,164.9454
423.1047,136.6493,45.0959,165.8815
422.1357,135.0949,45.1852,166.4509
421.9553,135.1001,45.1616,168.1746
422.2169,132.1271,44.5294,169.4686
418.9028,128.2972,46.2056,171.5541
416.0534,125.3026,47.3387,175.1922
415.0005,127.3740,48.2323,174.7386
413.1352,129.6966,49.7098,173.3687
413.9507,127.5139,49.5137,173.4377
413.5067,126.7756,49.7337,173.1823
412.9838,123.2503,49.4516,175.9503
413.6395,119.3235,49.1910,179.5615
413.2606,112.6073,49.6576,184.7064
413.7024,105.8095,51.0381,190.1568
414.2431,99.4413,52.6752,195.2339
414.9985,92.6576,55.7130,200.4681
414.9161,93.5421,58.7706,204.9194
416.4899,83.0851,62.2168,209.9744
415.5371,82.2244,64.8348,214.2737
415.1876,80.5735,67.2980,218.3494
414.5149,79.0895,69.3422,222.0712
414.1431,79.3748,71.9069,219.8692
412.4423,80.9382,73.9848,218.8453
410.2781,81.2174,74.6302,219.6874
408.5852,83.0527,75.5979,219.3994
407.8526,83.8092,76.7394,219.6594
406.0333,83.8181,77.4681,219.7394
404.9513,81.6943,77.9551,220.8058
404.0345,81.4807,77.7357,222.2901
402.9710,80.0074,77.7631,223.3140
403.0199,80.7042,77.6226,223.8880
402.3794,80.2448,77.8587,224.3227
402.3560,81.6542,77.6004,224.1880
400.1189,81.8909,78.2100,223.6892
400.5412,83.4460,77.5318,223.3130
399.2480,83.1802,78.0429,222.5290
396.6222,85.2671,78.2791,221.5009
395.1858,86.6006,77.8858,220.0112
393.7970,87.1329,77.0728,218.8291
392.5794,88.9168,75.7906,217.6161
392.9456,89.6600,73.2805,217.5228
394.6408,91.2447,70.2841,215.9300
394.7811,93.1615,67.9212,214.2843
393.4681,97.1981,66.0666,210.5994
396.0624,100.8264,62.9552,208.0527
399.1595,103.9518,59.7208,204.8461
401.1147,107.2628,57.7704,201.4998
403.0496,111.4060,56.7923,197.8044
404.1377,116.3146,56.8281,194.7023
404.3176,119.2114,56.4540,190.1528
404.7714,120.2797,56.5101,186.9203
406.6900,123.6035,57.1703,183.2007
405.3860,124.5316,55.9534,180.7207
404.6924,124.2098,55.4862,177.9796
404.8108,123.0674,54.6980,176.1253
404.8244,123.3037,54.8072,174.6426
404.9482,121.7072,54.3359,173.6864
404.1806,120.9057,54.5700,173.9948
403.1467,119.2350,53.9656,173.3263
401.7107,121.4950,53.5304,172.6552
401.6931,121.0313,53.0193,171.7073
401.2118,119.5235,52.8706,171.2638
399.7311,118.3083,53.5028,169.9225
398.7732,119.9114,54.2535,169.0866
396.5221,119.2705,54.7248,168.5212
395.6707,117.8134,55.4426,169.4803
396.7255,116.2034,56.2587,171.6557
393.9774,113.9972,58.2170,172.6280
389.3087,113.8329,60.2545,172.2022
389.5128,114.4207,59.9997,171.4956
387.4248,113.4294,60.1409,171.2148
382.5670,116.3563,61.2131,170.1961
378.6609,116.8853,61.3618,169.1400
376.3887,116.1138,62.0024,167.6908
374.9536,116.1530,62.9694,166.0162
371.5374,117.6266,63.5060,163.5147
369.6156,119.1549,62.8494,162.3715
366.6079,120.3680,62.0377,161.4256
364.4741,118.3996,61.0841,161.9692
363.2724,116.8783,60.1861,162.6431
363.2888,115.8852,59.5225,162.7014
361.7143,115.3470,59.3051,162.4285
362.5650,116.0486,58.5160,162.3155
363.4681,117.1883,57.7040,161.8934
363.9602,118.8985,57.2677,162.0509
366.5730,121.7171,56.1538,161.8316
369.8462,122.1833,54.8394,161.9170
372.7061,124.8610,53.7012,162.7595
375.0024,125.6272,53.1305,163.5241
377.1687,127.5300,53.0632,163.7462
378.7528,128.7459,52.6597,164.5871
380.4357,128.3446,52.5803,165.8469
381.0855,129.6356,52.8087,165.7931
382.9628,132.8883,52.7262,166.0621
382.9396,135.7582,52.5973,165.6764
383.2084,137.3823,52.7465,164.8033
383.6317,139.9161,53.0919,163.8476
383.8092,141.5304,52.6926,162.5449
384.3219,142.3071,53.0514,162.5603
384.5352,144.4377,53.1357,162.1247
384.6089,147.8738,53.6861,161.7964
385.5244,147.5375,53.5910,161.7461
384.7913,148.0134,53.4867,160.9365
384.3742,150.1138,53.0654,160.1137
386.8234,149.6717,53.4219,160.7769
388.6789,149.6688,53.1356,160.6565
390.2159,155.0663,53.0901,159.3507
392.7233,153.9807,52.3437,159.4851
393.7814,158.3441,52.1738,157.4894
396.0214,160.2242,51.8352,156.8138
396.2077,163.5585,51.6826,155.4441
396.6058,167.8042,52.0112,153.3150
397.3435,170.4637,52.0088,151.3604
397.9350,174.1260,51.9873,148.6439
399.6826,177.3949,51.4578,145.9486
401.1915,180.5522,51.2300,144.0169
401.1834,180.5965,51.3028,142.9073
400.4792,179.1418,51.2809,142.5099
399.3095,179.5967,51.0432,141.9819
399.9073,176.3228,50.7614,141.8284
399.5011,177.7849,50.8559,141.2468
399.1943,179.3030,50.8849,140.6042
399.2538,179.8220,50.6011,139.6951
398.5757,179.2256,50.7536,139.7174
398.7495,180.4593,51.5855,139.2553
396.6494,179.5337,51.8804,140.3790
395.9154,179.1593,52.1271,140.4727
394.3589,178.7215,52.8411,140.5242
391.7857,179.6918,53.6839,139.7638
390.1408,178.7105,53.9225,139.9394
389.2977,177.5521,54.5076,140.7179
388.0764,178.3155,56.1114,140.1783
385.3846,177.6560,58.0906,138.6895
383.5661,176.5634,59.1755,138.2327
382.0314,175.6325,59.0678,137.6783
380.8657,175.3035,59.1009,136.2519
380.5279,173.7486,59.1931,134.9262
379.1479,171.4616,58.3590,133.6198
378.2051,168.3036,58.0412,132.6581
377.7852,166.4089,57.2954,131.7204
377.3738,163.8438,56.3892,130.5658
377.1087,162.2198,55.0243,130.5553
376.4928,159.8005,54.0835,131.1536
377.0063,155.2622,52.7129,131.8129
377.5685,153.2431,51.4920,132.0703
377.0549,147.7743,50.6135,134.7776
377.1061,145.7187,50.5593,135.8608
375.1115,145.4956,50.6371,135.6698
376.0063,141.5364,50.5380,136.0098
377.7988,139.6395,50.2324,135.7049
378.2998,141.0896,49.4646,135.3464
380.7318,139.1434,48.4488,134.5554
383.1893,141.7641,46.4021,132.3829
386.6076,142.5106,44.1029,130.3286
389.8286,142.2307,41.9074,128.1447
392.2156,145.2857,40.5137,124.2078
393.3190,147.0592,39.8525,120.4306
382.8933,145.2835,40.9625,120.2074
381.7803,142.9177,41.5115,120.3370
373.8101,136.4842,41.4199,120.1646
374.0157,133.7270,41.4599,119.8719
375.1678,136.8896,41.4662,119.7991
366.4762,136.2693,42.0780,117.0037
367.8198,135.2346,42.3915,115.3529
378.5790,133.9775,42.8235,115.8086
380.8621,128.7173,43.5376,118.5046
380.4659,124.1413,44.3086,120.6393
379.3402,121.7106,45.7299,124.8584
377.9627,122.9706,46.7776,126.7674
376.9115,128.8053,47.2722,126.8863
376.0778,130.7189,47.8709,124.8611
373.6582,133.6896,48.1507,122.7933
372.1902,134.5981,47.7546,121.6337
370.9837,133.7538,47.4283,121.2908
367.8115,132.8252,47.8517,120.9099
367.3324,133.1464,47.7118,120.6382
365.7279,133.6878,47.9338,119.8761
364.5587,132.7099,47.5865,120.3619
365.1757,130.7668,47.1638,122.4573
364.9610,133.4960,47.1962,123.4561
364.7051,131.6578,46.5290,124.7238
363.9295,136.1392,46.3019,123.8258
362.7617,134.3394,46.2431,124.3282
361.7269,135.8316,46.4862,124.9327
361.4376,136.7215,46.8202,126.1105
360.8023,141.8731,47.0266,125.5888
359.9721,141.3125,47.0562,126.0563
360.4806,142.1674,47.0745,127.1052
359.3287,142.7828,47.1858,128.4092
359.5152,143.7927,47.6908,129.0378
358.7531,145.3266,48.3718,128.9221
357.1133,145.9572,48.5872,128.3483
356.8889,147.7681,48.8323,127.2433
355.6456,150.5189,49.3239,126.3415
355.2399,153.3143,49.5157,125.3721
354.3239,157.5052,49.9334,124.1891
354.0044,158.2530,50.2850,123.7950
353.6723,158.7229,50.9693,123.3157
353.7712,159.0548,50.2762,124.2414
354.4027,161.0788,50.0399,124.2960
353.4042,161.9202,50.1347,124.1460
353.2322,162.9500,50.5075,124.1683
353.4396,163.0791,50.4322,123.9173
353.3268,162.2936,49.9835,124.3804
351.7559,164.8477,50.3354,123.5667
351.3228,166.2322,50.2394,123.6212
350.9416,168.8079,49.7621,123.2892
350.8693,168.5722,48.9109,123.5885
350.3089,168.1893,48.5194,124.8682
349.6693,168.9376,47.9971,124.9362
348.8969,168.1431,47.7636,125.2132
347.7892,166.7283,47.8537,125.2059
346.7907,168.1981,47.6044,125.3710
346.4523,169.1306,47.8651,125.4925
345.7254,169.8253,48.0446,125.7642
344.1946,171.8303,48.1459,125.9445
342.8817,172.2061,48.3627,125.6151
340.9229,173.5694,48.5609,126.1370
338.9127,175.0810,48.9130,126.1264
337.7714,175.0373,49.4964,125.7538
334.7079,174.6805,49.6020,125.5052
333.2353,176.1704,50.1354,125.8983
331.7165,176.5782,50.3098,125.4811
330.0295,177.2486,50.4358,125.3007
329.7598,177.6458,50.1562,125.9537
328.2537,178.5314,50.5431,127.0503
326.2239,179.1017,50.9686,127.1514
323.3967,180.8951,51.8082,127.7377
321.8468,182.3410,51.7657,127.6933
320.2841,181.3098,51.8386,127.7680
317.8445,183.2531,51.9516,127.0711
315.8728,181.3626,52.0298,127.5383
314.0645,183.1617,52.2533,127.1965
311.0184,184.1609,52.4611,127.8268
308.2878,182.0056,52.3820,127.8186
305.6779,186.1808,52.5827,127.6197
303.6951,186.4678,52.5226,127.5175
301.8273,183.7484,51.6330,127.8313
298.6860,185.8146,51.7097,127.9734
295.5459,182.6909,51.4601,128.1583
292.4137,186.1930,51.6822,128.1319
291.8538,183.7433,51.5750,128.0280
288.3130,187.3458,52.0313,127.6693
286.1935,185.5389,51.7710,127.9474
283.0842,184.7381,51.9147,128.2774
279.6268,188.0201,52.0908,128.0161
279.3849,183.9812,51.4364,128.5010
276.4497,186.1090,51.5218,128.2534
275.5078,185.2088,51.0348,127.5240
272.8729,185.8779,50.3320,126.6298
270.7098,187.5557,49.8552,126.0015
268.8522,189.7951,49.1404,123.9802
267.5089,188.4964,48.5115,123.5711
265.2628,190.5393,48.4583,123.2246
261.9325,190.0532,48.0278,123.3586
259.7122,193.2035,47.9568,122.4034
257.1060,193.0727,47.7973,121.6851
253.5425,194.8843,47.8950,121.3518
251.8176,194.8806,48.6139,120.9240
248.3572,196.2435,48.7751,120.9319
246.2621,195.3952,49.4322,121.1412
244.2990,196.3133,49.7781,121.1735
241.3464,199.2682,49.7055,120.3333
239.8057,198.3641,49.3758,119.3752
237.7273,199.7277,49.3129,118.6780
234.7173,198.7909,49.3051,118.7506
231.6502,198.7259,49.7239,118.5702
228.9256,197.9411,49.9770,118.6842
