1
759.0674,238.7634,155.6999,95.0547
756.6837,241.2440,160.4561,95.7287
758.5217,242.4920,164.0234,96.3536
756.4741,243.4315,165.0587,97.4981
760.0125,243.7485,164.7980,97.8166
763.3961,244.2293,165.7973,97.9284
763.5443,244.3711,169.1537,98.3671
765.1507,243.1616,170.4317,98.0106
765.7494,241.9475,171.8718,98.3545
767.4238,241.9186,171.5534,99.3163
772.2980,239.3192,172.1541,97.8742
771.5460,240.8937,173.6988,97.3582
772.1349,239.0493,172.8319,97.9529
775.3726,238.5886,171.3478,98.5890
777.6346,237.7607,170.3557,98.8154
776.1753,236.0271,168.5766,98.6542
775.7914,235.3568,167.7687,99.5410
777.4922,233.6588,166.9467,100.3882
779.2109,230.7831,167.9773,101.8504
781.6760,228.0727,168.2620,103.6887
784.0997,224.7261,171.0268,104.2232
782.9732,221.2112,172.5314,105.6315
785.4369,218.9623,172.8501,105.8745
791.7918,218.8345,171.2707,104.6393
793.0090,217.6354,168.2928,104.7648
797.9239,217.3959,165.9350,104.6453
800.6709,215.5027,163.7395,103.5921
801.4315,215.4169,162.4182,103.9334
807.5339,215.7852,159.2620,107.0527
810.4453,214.9809,155.8353,108.5652
817.7377,214.4031,153.0984,110.2920
820.4050,215.1539,151.3868,111.1208
821.6309,218.5148,148.9808,111.6372
827.8220,221.6704,142.1157,116.4695
830.0179,220.1328,137.8843,117.2099
834.4427,218.6144,133.8461,117.8645
835.2126,215.8383,131.9522,116.8605
837.7738,215.5378,130.3400,115.3038
839.9084,215.2926,128.4016,114.1624
841.3367,214.2800,126.8061,112.7428
844.6115,212.8368,124.2866,112.0654
845.8940,213.1633,122.7389,110.7234
849.9260,213.9127,119.5966,110.8426
849.7838,213.4438,117.3406,109.6200
850.9382,213.1629,115.5984,108.3253
854.2808,210.7670,112.5312,109.5355
858.2651,209.4086,108.1963,110.7557
859.2659,208.1541,105.3304,111.6268
861.3841,207.9371,103.2359,112.0390
863.2032,206.0557,100.4166,113.1142
867.6569,200.4362,97.5374,113.2639
872.9801,202.8434,93.8834,113.4777
876.4319,201.6041,90.8330,112.2436
877.7665,200.0193,88.3168,112.0852
880.2120,199.9864,85.9989,112.6134
880.9935,198.8723,84.6659,112.2024
883.8953,198.7737,82.8054,111.2248
887.9473,201.3590,79.8829,113.1962
889.8428,202.0913,75.4931,114.7840
891.4858,201.3724,72.5784,118.1049
892.9379,199.3203,70.9432,119.5157
894.5739,200.5100,69.3389,122.1125
894.6060,198.3670,68.5345,123.8961
895.2977,200.0914,67.9441,125.0843
897.1008,201.2094,66.4599,127.5526
898.4157,200.5125,65.2958,128.0977
899.3569,200.2575,63.5259,128.7653
899.5707,201.0237,62.7318,126.6751
900.2814,202.3109,62.2995,125.0602
901.1384,200.9205,62.1707,122.6879
902.4443,204.0757,60.8148,121.7136
904.1202,203.6185,59.2132,122.0196
904.4268,205.4708,58.3941,121.3622
903.6566,207.0270,58.0779,119.9554
903.7111,209.9809,57.9388,118.8193
902.9515,209.1802,58.5134,118.3126
902.2528,208.0419,59.0959,117.8282
902.4139,208.4382,59.3329,116.2135
902.1172,209.6961,59.4496,115.2162
901.7956,210.1541,59.8305,114.5559
898.6853,206.9188,61.3352,115.3471
896.3967,205.5597,63.0189,116.0546
894.8669,205.2346,64.8928,115.6990
893.4574,206.6562,66.3799,116.1580
892.1945,207.4811,67.4170,116.4169
891.9349,208.8537,68.5479,116.3663
893.9163,207.0956,68.0667,120.0467
894.2812,206.2450,67.5649,122.1720
893.9359,208.6972,67.4686,121.3304
893.4078,208.3915,67.3990,121.2140
893.4010,208.5935,67.7463,122.0765
893.2278,207.1326,68.0979,122.5295
892.8685,209.3266,68.4272,121.8823
892.5932,208.7133,68.7580,120.3206
893.5733,208.5166,68.8995,118.9374
892.8151,208.5800,68.9340,118.0065
892.3973,208.1972,68.8052,116.9422
893.6397,207.1317,68.7370,116.5133
894.0693,207.2022,68.0293,116.8650
893.7600,207.4400,67.6977,117.3285
892.8585,205.9525,68.1818,116.5085
893.3668,203.8131,68.4986,115.1247
892.8118,203.8857,68.6984,114.0092
892.9311,206.2672,68.5994,112.6125
892.8696,206.7924,68.7459,112.1369
893.5530,207.7579,68.3402,112.8374
893.3033,207.7678,68.3570,113.4693
893.5801,207.0538,68.6027,113.3108
893.7347,208.7228,68.6375,113.4823
893.5576,207.9720,68.9789,112.6505
892.3962,206.6990,69.2054,112.1900
893.1174,208.9629,69.9399,110.7207
892.0433,208.9454,70.1548,109.9094
891.8218,209.8646,70.8189,109.3223
891.6151,209.9628,71.1550,108.6705
891.8544,211.4050,71.5442,107.6146
890.9186,213.4730,72.1440,106.8206
889.1146,213.2990,74.1725,104.1164
888.6877,214.2038,75.0509,102.9996
887.9241,214.6132,75.9662,101.2320
886.6591,213.8204,76.7516,99.2800
887.5769,215.3062,76.4702,98.9130
886.1304,213.7700,76.8277,98.2907
886.5919,215.5596,76.6347,99.4395
885.9995,217.0912,77.2505,99.0346
882.7405,217.0077,78.7378,99.8543
876.1462,209.4873,83.6285,98.8939
879.3004,210.5416,85.3518,100.8774
869.1396,211.5014,89.9963,101.7525
859.5610,203.6640,97.5722,100.9146
852.2407,204.4010,104.6377,99.1709
846.6800,205.7220,108.6407,97.4252
843.2195,206.1655,112.2528,96.7789
842.3420,206.0355,115.1306,96.6564
841.2101,207.0185,117.2140,96.9074
839.9777,206.8172,118.5161,96.9594
836.4940,199.8523,121.7703,92.7690
839.6371,203.1767,121.2745,92.8921
839.3766,204.6735,120.7675,93.0617
844.5161,207.6467,120.0083,96.0716
837.5883,202.3927,120.6239,95.4578
839.2176,204.2331,120.3624,95.0981
843.4858,207.5746,120.2688,97.2992
836.5263,200.7817,122.7063,93.6036
840.1766,205.0803,122.3607,95.7774
839.6929,205.9594,121.2917,95.7852
844.8027,207.2152,120.3750,98.3026
846.4384,204.5867,118.5636,99.6788
842.4259,197.6187,117.8548,100.7952
845.5959,200.7703,117.8716,103.6911
837.7936,193.1507,118.5410,104.5057
840.0494,196.1702,119.9291,106.6271
841.8749,197.8743,120.9595,108.9218
842.8470,198.8453,121.7789,110.6880
833.1505,188.1153,123.8627,111.2903
833.8959,191.8173,125.7815,112.7165
834.9474,192.6694,126.8083,114.2053
827.7086,184.9943,127.7319,113.3788
830.7458,190.0363,128.4148,114.5456
832.9297,191.5007,128.5306,115.8639
833.0231,192.8372,129.7521,118.1110
828.9813,185.0716,129.8318,116.2039
830.3065,188.2717,130.4982,115.9726
830.7355,189.2373,131.5058,116.5181
829.7407,181.9726,132.7217,114.8742
829.2657,186.3933,133.3961,114.0865
830.5567,189.1934,134.0845,114.3722
834.1384,192.4332,132.6229,113.9288
836.7324,197.7954,131.0609,110.0966
835.4788,203.6551,129.9849,106.6718
834.4928,207.8609,129.9369,104.6440
833.3635,209.6276,130.0799,102.1830
832.7041,211.3382,130.0483,100.5391
831.9411,211.1564,130.2008,98.9248
832.3191,211.3897,130.2019,97.5072
830.7238,212.5047,132.5587,94.1974
829.5683,213.1197,133.8453,92.5326
830.2150,212.5578,134.6168,91.5222
828.8328,213.2369,134.8785,91.2883
828.6855,215.7651,134.9405,90.9932
827.7381,215.2671,135.6261,90.5052
818.9283,215.0745,139.0294,89.5378
812.8080,215.5399,142.1155,88.9960
807.0790,216.0099,145.6006,88.7703
801.5473,217.6491,148.9291,88.6618
798.9362,218.2059,153.0262,88.8418
799.6519,219.2870,155.1096,89.5307
799.7971,219.7045,156.2714,91.5519
798.9258,220.0585,157.4323,93.4782
800.2858,220.1354,157.9719,94.6748
797.9877,220.3202,159.8760,95.9020
789.2191,220.0433,165.3355,96.6963
781.1348,221.1654,171.9274,97.3845
774.6426,221.9614,177.7323,97.9363
768.0543,221.8426,183.1386,97.9659
764.1625,222.6217,187.7990,98.4141
761.9370,223.0409,191.6150,99.0626
760.3704,222.9699,198.1080,97.4380
759.3651,223.9082,202.6943,97.1051
756.3474,224.7578,205.8099,97.3091
755.3934,224.7862,208.8478,97.7120
753.2047,223.5420,212.3637,98.2395
759.2144,221.6990,211.7642,98.3786
758.4466,221.9991,210.9688,98.2647
763.6113,221.4025,208.6098,97.9720
767.8138,221.9973,205.0026,97.6906
766.3377,221.7290,202.7374,96.7812
767.8738,221.7847,201.2793,96.5524
767.4347,222.3996,199.2602,96.4410
768.3977,221.9828,198.2015,95.8397
769.2152,222.0437,197.8264,95.5648
769.4220,223.2553,197.7465,95.2817
767.9573,222.0703,198.1558,95.3651
768.2347,221.4501,197.9769,95.5184
765.5939,220.5580,199.3860,95.5458
767.4762,221.0781,199.3986,95.7038
758.6581,222.3554,200.8959,97.3514
756.1365,222.5315,202.3614,98.6133
755.4177,223.2766,204.0634,98.5280
756.1523,222.8757,204.9095,98.6452
752.9546,224.8468,207.8331,97.6520
750.1197,229.0268,209.6549,96.2583
751.1355,230.1590,211.0179,94.3658
750.1521,230.9942,211.5129,93.3504
752.1664,230.0863,210.5742,92.9585
755.5184,230.0854,208.9875,92.6937
752.7393,231.9289,209.6225,93.1860
751.6710,230.2656,208.7757,92.6792
754.7276,231.4680,209.7656,92.8898
753.7253,231.1888,211.7239,92.3403
749.9038,231.6901,211.1651,92.5360
743.9105,230.7730,211.8627,92.6591
743.9519,231.4995,212.0226,92.9435
741.5977,232.0782,211.2309,92.8477
740.0499,231.6824,213.0619,91.0132
733.5630,232.2402,214.6670,88.7606
723.8047,234.5030,216.0338,87.6869
722.3113,233.7337,218.5053,87.0546
720.4164,235.1365,219.8029,86.3358
714.5859,234.3430,219.4346,84.4174
710.1821,233.0467,217.9216,83.9101
709.4977,234.0074,217.2012,83.5815
762.9011,256.0988,215.3549,83.0154
764.5219,258.5316,212.6828,82.4923
760.6717,260.1549,212.2568,82.3122
2
0
0
0
0
1
426.7491,194.7988,208.0524,122.0404
421.5979,193.7825,208.1805,125.2244
423.1941,191.4361,208.4423,125.1365
422.9384,190.6863,209.2493,124.4786
421.1219,189.8397,209.6902,123.9908
423.9073,190.2059,209.3019,122.3527
420.7713,185.9715,206.6486,123.2693
420.4612,186.9528,204.5059,122.5907
419.5967,185.0755,203.5803,122.7970
420.4180,187.2003,202.8037,122.6255
419.0255,186.8236,202.0746,123.5725
419.6216,188.7896,202.5526,123.3277
420.0575,190.3484,202.4468,122.0794
419.4922,191.3823,201.3490,121.5745
419.3986,193.0527,202.3114,120.6608
418.3645,193.6544,202.8255,120.9825
413.3300,193.2856,204.5965,121.9923
411.4403,193.8567,207.5402,122.5859
409.9098,192.4728,210.2987,124.5580
407.8479,191.3881,213.3294,125.2213
405.8416,188.3064,207.4765,134.4719
403.6841,180.1964,204.3805,138.0466
402.0877,183.6758,203.4761,138.3362
403.1444,184.1005,202.4324,138.3769
401.7930,181.5814,202.3760,139.2438
399.1631,182.9426,202.2288,138.7698
396.7666,176.9319,203.1746,141.5320
401.8105,176.9946,203.9773,144.3907
397.0149,179.3946,205.9699,143.9708
394.1530,180.5438,206.9137,142.1902
391.7528,183.9236,204.3427,141.7033
401.1472,182.2430,201.0935,143.0762
405.5224,184.3905,196.7666,147.6372
407.6970,184.6621,194.1639,150.1159
411.2613,185.3096,192.5526,152.0344
402.7827,188.2384,189.8153,151.0215
399.8825,191.2552,188.3601,150.5954
398.7780,192.8348,186.6567,149.7372
406.3564,184.9492,186.9754,152.0046
400.0050,193.8660,185.6739,149.7289
396.6680,194.7416,184.1647,149.8572
396.2234,198.4805,181.0278,148.1146
389.0316,201.8778,173.8939,145.8406
387.6195,205.5162,167.9921,143.8606
390.6387,207.9629,162.3329,142.1055
391.8077,209.3455,157.3816,139.9582
392.2826,210.3173,152.7580,138.5416
389.1636,211.5473,148.6581,137.3576
388.4104,212.2648,144.1859,137.9290
387.8915,212.0327,140.6397,136.9806
386.2042,210.6303,138.0838,136.2116
385.2843,207.5993,135.3450,135.8150
385.5283,210.5121,134.3082,131.8292
385.0436,213.4104,134.4479,128.1771
384.8823,216.9010,133.9910,125.7910
384.6048,218.0310,132.9544,123.4486
383.3441,217.0913,130.9337,122.4647
383.9318,219.7371,129.9690,120.2444
384.1616,220.0858,130.4536,118.7793
382.9908,219.5564,130.0766,117.4859
381.5566,220.1936,130.9169,115.6666
379.9935,220.7783,131.3076,114.0949
379.9731,221.2335,130.9274,113.1178
379.3436,220.2892,130.6400,112.2076
379.1340,221.3616,130.2268,112.5120
378.5873,222.6188,129.2644,113.8859
377.2716,222.1525,129.0030,115.1096
377.7401,220.0314,129.2552,116.4109
376.7657,218.9821,128.6698,117.8213
374.8855,218.6377,128.0448,118.6704
375.5288,220.3168,126.9220,119.7305
375.9266,215.9920,127.7951,122.2841
378.1841,215.2184,127.6054,123.6601
377.6926,216.4452,128.0159,123.4882
377.6049,216.6746,128.6283,123.8768
377.5338,213.7101,129.7407,122.4257
367.1097,214.4754,137.6234,117.6410
367.3742,217.4526,142.6973,114.8063
363.4857,218.3999,146.4546,113.2657
362.3017,218.2702,149.5419,112.1581
358.2886,217.5683,151.1617,112.7037
354.1506,219.0562,152.6954,112.7356
355.3897,218.2537,152.8839,113.6751
357.2733,216.8758,151.8134,114.7561
355.8593,216.7281,152.6754,115.0671
353.9700,214.0058,154.7642,116.3522
359.3350,218.2495,153.4419,115.0963
361.1846,220.1071,149.4813,115.3217
358.9213,217.6906,149.0439,113.7515
359.9508,217.9058,148.8198,113.0582
354.2653,218.4730,150.5715,112.5845
334.8558,218.4812,159.3109,107.8604
341.8847,217.2649,160.5405,108.7484
329.3322,216.3252,167.0650,105.0243
335.4756,216.7439,169.8226,103.7114
333.9608,217.1562,173.4255,102.2831
339.1604,216.4477,173.7549,101.4438
329.6479,216.2106,174.9436,101.2446
319.3376,216.7943,177.4003,100.3010
325.8023,218.1854,178.0517,101.1395
323.0042,217.6959,180.5096,101.3882
330.7810,218.2571,176.6355,105.1267
329.1835,214.2677,174.1956,108.8053
258.1014,239.4655,167.5870,112.0491
256.5038,244.0245,162.1195,114.0707
256.9367,245.6635,157.6719,115.3813
256.0800,243.6876,152.7555,116.7739
258.0944,237.1660,147.1178,118.7358
258.9618,240.6759,143.2292,118.9652
259.0808,236.7548,138.5970,120.0698
260.2841,241.0900,136.9635,119.2775
262.3728,245.3118,137.2427,117.8784
260.3970,239.2277,134.5607,118.4146
257.5494,242.8015,134.0934,117.3268
233.8344,249.2714,128.9603,117.3559
236.6914,249.1935,127.8430,117.0112
227.4124,250.5652,125.3487,116.5308
228.9826,252.5677,123.5775,115.5956
226.4882,251.3591,122.7736,115.2348
225.4511,250.8486,121.2336,115.7440
225.1031,249.7731,119.9289,115.0936
221.7244,250.1791,120.6769,113.8148
213.2891,251.5485,122.3624,113.1645
205.2463,250.9591,126.2577,112.3403
195.9826,251.0923,130.9542,111.3787
179.7732,244.4516,132.4239,110.6067
176.3609,242.3968,136.6459,109.2993
170.6296,240.3701,140.9701,107.8072
171.3221,237.4433,145.4362,105.4770
171.2033,245.9067,146.9535,105.7589
169.9615,243.2535,149.3444,104.5772
167.0441,242.2174,150.2006,106.1044
166.5085,239.4351,151.5452,106.6292
168.0749,237.3317,152.5898,106.3654
161.2954,236.4160,151.8058,103.4603
165.3106,239.5054,151.4313,102.2779
160.2678,238.5516,150.9338,99.7441
158.3191,237.5629,150.1908,97.7488
160.3851,237.3648,153.0222,93.2313
158.4758,236.7490,156.8713,90.3603
156.0396,238.4407,159.0838,88.1674
154.6505,247.0551,155.5530,93.9400
154.8229,244.3907,162.0667,93.1876
147.8579,245.4468,167.5255,91.0871
142.3699,247.0885,169.2901,90.7311
137.6344,247.2278,171.4858,89.6766
135.3070,247.9820,172.8934,88.6709
180.9939,248.5468,165.0722,101.0775
175.0268,248.9356,161.4684,108.4496
171.8534,247.0811,159.3311,113.1227
165.4078,245.0056,159.1078,116.3139
178.2999,243.7499,159.6961,120.4455
196.0750,241.6807,157.4311,123.9887
199.4500,242.1615,154.5525,126.1135
197.1473,242.2909,154.6691,127.5711
202.6480,241.0396,152.9155,128.3398
189.8307,235.4893,157.5914,129.3100
183.2590,236.7425,160.6883,131.0916
175.6266,236.4475,164.6524,132.1752
136.8423,225.4711,184.4141,122.9933
125.9959,231.4455,197.9400,117.7039
120.5389,235.9401,204.9301,116.8488
117.5566,236.7637,207.8651,117.5932
134.0148,237.1992,208.1392,119.5460
129.1056,235.8495,209.7284,120.7407
125.5176,234.8812,211.6057,121.5924
123.2292,224.4190,216.3327,119.3857
119.9898,229.3108,221.1594,119.4912
113.3422,230.3105,224.6336,120.8781
102.3029,231.6840,228.8197,122.9436
85.7250,231.7403,236.8626,123.3215
103.5526,231.5942,237.5268,123.6325
105.5670,230.1348,235.1341,125.2736
100.0779,229.1188,235.7746,125.5828
89.3312,228.5802,241.4943,123.4210
88.4716,229.8779,247.2534,123.6632
89.9542,230.4363,248.8058,125.0058
88.5633,229.1071,249.5993,125.1791
77.4978,229.3201,257.1140,123.5763
66.4312,229.5127,265.4326,122.8184
62.7606,229.0813,272.3817,122.9785
64.6247,229.5501,275.8027,122.4272
59.3152,230.6329,280.8688,123.9134
69.0829,231.0897,276.7440,126.1643
67.9343,231.3268,278.1277,126.8674
63.2429,230.9820,280.2204,127.7724
76.1314,232.2704,274.8842,127.7377
76.1327,233.0602,272.3048,128.9869
62.5946,231.9624,277.4191,128.9741
51.2793,233.4028,282.7700,128.8994
48.9207,233.7297,286.5591,128.4316
46.0155,234.0603,289.4607,129.1526
36.1997,234.4626,292.4469,129.9152
36.0153,234.3834,291.0278,129.8142
33.7612,233.8335,291.1905,128.9238
32.6693,235.1819,291.6915,128.1444
32.5715,236.1238,291.7341,127.7063
30.6705,236.9565,291.2011,127.4395
33.5062,237.8607,289.5262,126.3868
45.6145,239.6853,284.1949,125.6333
55.2174,238.5151,278.1091,125.1007
61.9977,238.7054,274.0195,124.7522
72.9516,239.4259,266.9844,125.2500
69.4610,239.1024,264.3759,125.2901
75.8290,238.7932,257.9005,126.0481
76.9468,238.2723,254.1660,126.2249
81.7076,238.0039,250.0060,126.7493
84.6569,237.2345,245.2860,127.5907
86.0106,237.1765,242.6575,128.5252
92.1245,237.0709,242.4194,129.8299
84.4860,234.4584,238.6302,130.6595
89.0888,235.8527,237.4385,132.3324
81.2261,235.0318,238.2843,131.4418
85.3052,236.6012,238.6707,131.8774
88.2099,236.5998,240.2151,131.7623
90.7399,237.3696,241.9444,130.9900
78.5068,236.7872,240.7597,131.1086
84.0501,237.1009,240.1075,130.9925
76.2492,236.9193,238.9138,130.6252
83.4703,236.6790,238.9234,130.8784
74.7876,237.7922,238.6452,130.8801
58.0901,235.5233,235.7197,128.8216
25.1776,232.2370,242.6335,126.6533
19.0282,232.0237,249.0140,123.8534
17.0719,232.4912,253.0142,121.2124
14.3381,231.8930,256.6627,119.5586
13.0903,229.9929,258.4342,118.3691
11.1314,232.0499,258.3819,117.3996
13.2040,231.6122,257.8879,116.8006
11.6405,232.0163,258.8182,115.9752
11.3681,231.7702,258.5926,115.9971
13.5797,230.8033,256.4505,115.9276
11.2282,228.5571,257.8645,115.6389
11.6458,226.1288,258.1717,115.4614
9.3678,226.1869,258.7644,115.1467
9.3565,226.7925,257.5216,114.5047
9.6491,226.2105,256.2121,112.8173
8.2625,222.8165,253.6587,114.5367
9.0778,221.2712,251.0746,115.0315
5.4920,220.4676,248.0024,116.1754
2.8956,217.8700,244.5429,117.2517
3.6570,217.4090,240.7676,117.8541
2.6229,219.0682,237.1555,118.4435
3.7562,218.9264,233.0568,118.8693
7.6421,219.1450,229.7699,118.8467
4.1985,218.6832,228.8371,118.6807
5.5698,217.0778,226.9876,118.5583
7.8293,218.9969,225.0453,118.3710
7.4889,219.7093,224.1846,117.8544
8.0642,219.1537,222.8406,117.9585
7.3487,215.5757,222.5787,119.2265
6.4408,213.0925,221.1633,120.5648
5.3030,210.6123,222.7295,122.1155
4.3744,209.7198,223.7532,122.8643
5.1975,212.8219,225.3961,122.2349
3.8051,215.5303,228.8105,121.3629
1.3093,217.0908,231.1048,120.0910
2.5090,216.9601,231.7922,119.1264
1.2984,217.4105,232.7952,118.7075
2.5206,219.1296,232.3409,117.8889
-0.3191,218.7929,233.2236,117.8148
1.1914,218.1431,232.6034,117.3665
1.7082,216.6335,231.1484,117.8981
0.2922,212.9648,230.0643,120.2266
2.9450,207.9381,228.4037,123.7192
3.6664,201.1789,226.5257,128.0919
3.6026,197.5610,224.1636,131.1552
1.9044,196.1630,223.5407,132.9301
3.1659,195.9685,223.8690,134.0653
2.2921,195.1452,223.6771,135.2207
2.3831,193.3059,223.8670,136.4682
1.3838,193.2098,224.3848,137.5328
0.8597,194.3201,225.4426,137.5772
2.2444,193.7880,226.2392,137.6988
2.0067,193.8351,227.3083,137.7039
0.3606,193.4735,227.1648,137.7946
2.1355,193.9849,228.2772,137.4221
1.0898,192.9747,227.5098,137.6661
1.1650,192.6855,227.6510,138.0502
0.8180,191.7755,228.1142,138.0587
0.7844,192.8318,228.0905,138.3692
0.5533,190.6271,227.6519,139.1755
1.2165,191.8709,226.9552,139.4496
1.1977,192.7880,227.3025,139.1346
0.9128,192.4544,227.1977,139.0715
0.8416,193.6576,227.1882,138.6440
4.0956,190.1176,221.3275,142.1338
9.5502,185.3382,216.0139,145.5200
11.1700,183.6559,211.9639,147.3235
12.1920,182.8348,208.9535,149.0455
13.6553,182.3905,206.3891,149.8246
14.9768,181.4058,204.5053,150.6274
13.8813,180.2766,203.4585,151.3758
12.4229,180.2283,202.6247,152.1667
12.1953,180.0999,202.7599,152.6526
11.2746,178.6225,203.0831,152.9047
10.6609,179.7946,203.5880,152.7177
11.2128,179.2083,202.7697,152.4681
8.8825,180.0255,203.5644,152.2548
10.1107,179.6832,201.7306,152.2861
11.7905,179.4624,200.4585,151.8118
11.1153,179.4280,201.1849,151.3822
11.8649,178.7572,200.6695,151.6185
11.0053,179.0821,201.3726,151.8414
10.7839,178.0525,201.2731,152.1451
12.7339,178.9195,200.8548,151.7836
20.8167,182.2014,198.2478,151.1365
35.5934,200.1577,193.6066,147.2111
34.5325,211.3222,189.1010,143.5555
43.6584,219.5192,186.2168,139.5462
50.3138,216.6348,184.0010,134.2814
47.7751,217.0636,177.7918,129.6754
53.6889,218.2210,173.7998,124.6049
55.5727,218.6505,169.4507,121.3198
57.1314,219.5796,165.3250,118.1830
58.6047,221.5544,162.6989,115.6077
63.0223,222.6513,159.7252,113.4888
55.9071,226.4628,154.3836,113.1722
60.2833,223.4706,151.3579,111.8041
58.9844,224.2315,147.0285,110.1838
59.1574,224.7482,142.5008,108.7665
59.5262,224.3036,138.3117,107.2327
62.5567,226.7144,134.9071,106.3683
62.2479,224.1875,130.6642,105.1935
66.7517,223.8629,127.7160,104.4201
65.9240,226.3242,126.0527,103.7862
69.0332,224.2962,123.4134,103.3817
69.7787,225.7655,122.0310,103.5345
69.4276,225.1711,119.6921,103.6393
72.3079,224.4655,118.8857,103.8602
72.0498,225.2785,118.7901,104.5876
75.3484,224.4855,122.5672,105.3048
76.8417,224.4422,128.7849,104.6821
77.5365,227.1186,135.1394,104.8872
75.1334,225.8893,139.8195,105.1373
73.4810,226.0131,144.0713,104.0384
71.2903,224.7864,147.0504,103.0387
72.9667,223.8983,148.8683,102.4392
72.2544,224.3836,149.6658,102.9613
71.6203,225.0041,151.3075,103.4517
67.1320,227.2622,154.2193,104.4545
62.6118,227.6195,158.0271,105.4653
62.3378,225.6721,160.0627,105.6536
59.0017,230.0542,162.6344,107.5874
56.6077,228.8422,164.6201,108.7487
54.9323,229.8664,165.8713,110.6880
53.4386,229.7188,167.5466,112.5702
54.6111,229.0884,169.8455,114.0162
59.5280,231.7088,172.9956,115.5532
57.9367,231.6169,177.1101,117.5522
57.6294,232.8921,181.4740,119.0551
55.6601,232.4888,185.1163,121.0241
55.9449,232.1026,187.9696,122.5069
55.2279,231.6620,189.9793,124.3227
54.6687,231.4796,191.3845,124.9753
55.3713,232.0853,191.6064,125.2853
56.7193,231.3329,192.2284,125.8446
55.5266,231.6554,192.4268,126.0886
57.9228,231.4244,191.9987,126.0799
57.3986,231.7870,191.5694,126.2115
57.2784,231.2050,191.4202,125.7537
56.1318,232.0088,191.9455,125.2800
56.2675,231.6110,192.6057,125.6983
55.9430,230.9942,193.0366,125.8510
57.2530,231.5190,192.4792,125.5461
58.2595,230.7411,191.7092,125.7363
57.0937,231.3477,191.7512,126.0158
55.0325,231.0870,192.1510,125.9570
56.9516,230.9021,192.5728,125.7219
54.8533,231.2556,192.8293,125.5197
58.6824,230.7486,192.8416,125.4854
55.6658,231.7783,192.8106,125.4566
58.8233,231.0724,191.7813,126.3149
56.0752,232.0458,192.3493,127.2824
63.0064,231.4182,192.0637,126.5158
57.9818,231.9835,190.9314,127.6885
59.1133,230.8817,190.3725,128.0536
59.3075,230.3565,189.6299,128.1989
61.6170,230.7305,187.6081,128.3356
62.7316,230.3647,187.3086,128.6367
65.6695,231.2974,189.6086,128.7295
68.0673,232.0309,192.3060,129.3835
70.4812,231.0940,197.0448,129.1606
70.2005,231.3456,201.9477,129.8110
67.2142,230.3458,205.1606,130.3267
67.1631,225.9194,208.3531,132.2012
67.8147,225.6122,211.7010,133.8225
69.5056,226.5523,220.9030,130.5145
63.3852,229.5740,229.4139,128.0409
58.9098,230.3425,236.7512,127.0383
52.1390,230.0872,241.3375,127.9293
47.8936,228.8929,245.8040,127.4712
44.5974,228.0827,249.2547,126.9908
47.0863,227.8441,251.9687,126.8330
43.8160,228.6585,254.7914,127.3755
40.6440,231.6462,255.8347,127.1773
35.8707,232.2805,259.4712,127.0104
32.2677,230.8474,262.2080,126.6277
42.3563,236.8902,264.4816,123.9328
43.9981,237.9708,269.7037,122.8707
46.6632,240.3468,275.2120,122.0597
46.2994,240.9588,279.3826,121.3553
40.1057,243.5356,282.5494,121.9042
38.8272,243.7934,285.7752,122.5959
37.5131,243.9475,288.1512,122.9288
41.0092,245.0349,290.2172,123.2370
38.2133,244.6109,291.1930,124.1998
36.8436,244.5474,291.0506,124.7553
34.0165,245.8308,293.0809,124.6805
36.1756,244.2001,294.9116,125.6686
34.7711,244.7543,295.4887,126.0807
39.1467,244.4138,294.4331,127.1425
39.8538,243.8857,293.2557,128.0453
41.3605,243.1476,292.8215,128.5158
38.9593,241.3807,291.3685,129.3864
38.9504,241.3413,290.1783,129.4969
40.3241,240.4213,289.1858,129.1063
40.7451,240.8789,289.9325,128.8091
45.5466,240.0357,289.2801,128.7274
47.6234,238.9960,289.1926,128.1737
52.9864,236.2909,287.2287,128.6891
53.2470,235.3677,286.0810,128.8459
52.0428,233.8631,286.6706,127.8275
53.7999,232.2233,284.3371,128.0694
51.2336,232.3228,285.9558,127.2105
54.4154,232.2422,284.3634,127.6524
50.7042,227.6200,285.7307,128.4483
51.7381,231.3331,286.7301,128.1758
52.7632,229.0804,287.4763,128.4168
49.9621,226.7402,289.8066,128.2186
56.3462,225.9377,288.4904,128.1919
57.6561,226.3471,287.8282,128.6680
57.8618,226.0492,288.6242,128.8320
60.7908,226.0959,288.2067,128.8728
60.1687,224.7251,289.4357,129.0553
63.1800,224.8565,293.6617,127.8183
63.5632,224.2626,293.3610,128.3593
62.2117,225.5491,294.0729,127.9274
74.8685,225.9312,290.6154,127.7716
88.2440,228.2412,282.5634,128.1461
92.5907,227.0919,278.7454,128.8776
101.7934,226.7768,273.2781,128.4603
111.6182,226.3582,267.7789,129.4193
120.8027,226.2594,265.2390,129.3491
126.1061,226.2854,264.7925,128.8564
129.2623,227.1706,266.6543,127.8279
125.6212,227.8573,266.3766,128.3171
129.1266,226.4245,263.4067,128.9570
136.4149,227.6192,261.9807,129.3139
136.0805,228.0649,261.7567,128.8620
134.8790,227.2341,262.3590,128.5125
137.9020,228.1913,260.9051,128.5246
140.5573,225.6599,260.8851,127.0718
143.2603,226.5401,265.1667,126.0366
145.4250,225.6801,269.2183,124.1682
146.6434,226.7522,273.3180,123.8317
145.1012,226.6404,275.5161,124.4937
148.2739,227.0387,276.0780,124.8901
149.6817,226.5652,276.5681,125.8747
149.9598,224.8992,278.2166,126.0165
151.4423,224.4036,279.6456,127.2265
151.1297,223.7657,281.3436,127.6734
148.9299,222.2523,282.5011,128.0743
155.5975,221.9234,282.8214,127.4415
158.6281,221.6160,282.4501,127.2021
164.0462,221.6133,281.1328,127.4453
160.6694,222.6853,282.9401,128.2708
163.3181,221.3060,281.4758,128.2495
165.6192,221.5347,278.3996,128.8152
169.0231,222.0240,275.6116,129.5152
171.9814,221.1324,272.8658,132.0479
180.8414,218.8128,268.8028,134.2665
179.4866,217.1594,269.5571,134.9053
186.1231,215.3721,268.4656,135.6132
185.8287,215.7623,269.6605,136.8400
192.3810,214.9829,268.2105,137.6563
197.3302,213.8587,266.5547,137.3064
194.2311,213.1302,267.8032,136.6383
201.0943,212.6064,265.3131,135.6791
191.9831,212.8682,267.6812,133.8222
197.9998,212.2861,266.5863,132.6062
197.3308,213.7780,264.6417,131.3887
190.6112,213.4568,269.3272,131.5297
203.4463,212.9095,267.4576,131.4262
205.0744,212.3649,267.4568,131.3888
206.7318,212.1106,268.9630,130.0899
209.0742,211.3532,268.7440,129.0667
208.8252,211.7642,269.4785,128.2152
212.7706,210.6146,269.1189,127.7632
213.4143,210.6078,269.0243,127.1971
212.1646,210.6590,270.2129,126.7862
212.5746,210.3768,269.8080,125.9227
209.6456,210.9144,270.0909,126.0425
214.2091,209.5939,268.3522,126.2156
213.9663,209.2815,268.9023,125.0416
214.1553,209.8798,269.1157,124.9693
214.7305,209.8373,267.5716,125.1846
214.1738,210.6748,267.6251,124.4887
215.0966,210.9209,267.0639,124.9112
217.9224,211.3422,266.1611,125.3765
215.8694,211.5765,267.3164,126.0079
221.3289,210.8210,264.3238,128.0348
218.8554,210.1958,263.7490,128.8212
220.8448,209.6363,261.1577,130.2743
220.4637,209.0038,258.4854,131.5388
223.0342,207.2532,257.9395,132.5701
221.4689,207.7179,258.8110,132.4355
220.7193,207.5065,260.3782,131.9093
221.5167,207.2104,260.0463,132.1222
219.6547,206.0834,262.2142,131.8864
222.5208,206.1736,263.0938,132.0204
218.1675,206.1547,263.9349,133.4397
222.2675,205.4833,263.8080,133.0592
221.6923,206.3614,263.8682,134.4351
214.7016,205.7051,266.3058,134.3250
220.0832,205.8017,266.5001,134.8994
217.4866,205.3668,266.4785,134.8806
217.7935,203.2269,267.0940,134.6913
219.7926,203.4101,267.8215,133.3428
219.3309,203.6251,268.1287,132.7766
218.0002,204.1113,269.5544,132.7946
217.8975,204.0545,268.3994,133.6658
218.8815,203.8242,266.0935,134.4769
219.8636,203.2966,264.7252,135.2209
221.2343,202.4277,264.5309,135.8821
219.2813,201.9600,264.2430,136.4674
221.1789,200.9174,263.7258,136.9287
216.7949,200.7462,265.3155,137.5755
218.3177,199.3847,266.8217,137.1046
212.3841,200.1571,269.8925,136.8652
211.8424,200.7703,272.4131,136.0915
213.2290,200.8699,273.4182,136.4364
211.4766,201.3395,275.3592,136.3907
215.8533,200.0155,274.9313,136.7159
213.5850,201.6585,273.1903,137.8703
210.5039,199.8140,273.1582,138.0115
211.7849,199.8461,272.8917,137.6083
214.3346,199.4477,271.8633,138.5728
213.8676,200.5509,271.3219,139.5181
210.8686,197.7953,273.1207,139.7090
213.8744,199.3039,272.0540,140.0433
215.6033,198.3320,270.8198,140.3563
216.4879,198.7278,270.4625,140.9499
215.7985,199.6650,271.3581,141.4415
219.1671,197.4488,271.6187,140.5211
220.1658,194.9473,270.9005,141.7621
228.8366,195.4762,270.4761,143.0925
220.8909,192.8710,274.9047,143.6193
226.9167,191.8047,278.6874,142.2319
225.5188,192.5048,278.6401,144.9200
224.5313,191.9028,280.7545,143.9559
222.4270,191.4560,281.3586,144.2194
216.2452,191.7519,283.5024,142.7696
223.2539,195.0676,281.5087,142.6544
221.8276,195.1658,286.4107,140.8370
225.5608,194.5439,286.9962,142.4627
226.1740,192.4441,290.5013,142.6029
217.1400,189.0321,290.6757,141.6145
220.0342,190.7893,289.4102,141.8314
208.7581,186.1900,282.4843,145.8604
211.8830,183.0043,276.6739,148.1516
214.7230,180.1392,271.4885,151.2871
215.1998,178.0350,268.5400,152.5880
215.2940,177.3538,265.9914,152.6132
214.8481,176.1954,265.4630,151.0487
223.1841,175.7676,262.7797,149.2915
217.8781,177.5375,262.7300,149.7268
219.0836,177.6902,260.9795,150.2531
223.3551,178.5843,258.7729,150.5586
220.7055,177.8970,256.7895,151.5366
224.3591,176.9962,248.4100,156.6817
227.8054,177.0629,242.0832,160.0566
228.0122,175.0921,237.7493,161.8103
231.6123,174.9658,234.7308,162.6059
227.9897,174.4053,234.3503,163.3468
228.3324,174.8408,234.2449,163.1872
230.6766,175.5070,233.5760,162.0122
227.8811,175.9992,234.1679,161.7653
230.9461,175.2214,234.6059,161.0954
229.7779,175.8513,235.3394,162.1236
230.7507,173.9856,235.3829,162.2952
234.2712,173.6071,234.0595,163.1273
233.9820,172.6587,235.3277,163.6127
229.1936,174.1359,236.7601,164.1326
230.5856,173.6492,237.1313,163.8936
229.1133,175.0105,236.5625,165.1509
230.2488,175.2058,236.6979,164.4686
228.8451,176.9169,236.1100,165.2212
232.9447,175.2044,236.5677,164.3065
227.8419,175.7357,236.3632,166.2509
230.3628,174.0075,236.7025,164.1937
231.0497,173.2724,236.9598,164.2463
228.1490,175.0226,236.7816,166.9645
233.6122,175.7292,235.8985,165.5281
229.2502,177.5551,234.6929,167.6056
235.2383,174.5520,234.2971,165.2719
227.8029,176.2647,235.2758,166.4358
231.2278,174.6680,235.9621,164.6194
226.8242,176.3113,236.3922,165.1171
224.1013,176.0299,243.8636,158.0877
228.7896,175.6242,239.8469,160.8860
227.6163,178.1816,237.1982,164.4949
229.7203,177.5898,236.5168,164.1092
230.0829,176.4660,235.6473,164.8088
232.3945,176.6755,234.5572,164.8865
231.5649,178.8235,233.7139,166.1033
231.8361,178.0495,233.4823,166.4437
232.5482,177.1431,233.0916,166.7252
233.0041,176.4781,233.7152,166.1046
231.8491,178.4248,234.0108,166.6382
232.7742,176.4496,234.2499,167.4255
230.6658,175.9783,233.1836,168.5233
230.5017,175.3356,233.1767,167.9414
232.2919,175.1275,233.0249,165.9221
235.1581,176.4865,231.9512,165.5103
233.8657,178.4367,231.3798,166.5648
234.5294,178.0876,232.4001,166.4792
234.0202,178.4941,232.4699,167.3793
233.0661,177.0952,232.9347,167.7032
232.6191,177.2553,232.9185,167.6961
232.7477,176.2395,233.5455,168.2774
229.9466,175.0367,233.8161,168.2097
232.1335,175.8097,234.1170,167.5138
230.6118,176.2524,234.7250,167.5999
231.4278,175.3086,234.6956,167.0443
233.4034,176.0567,234.6889,167.5257
233.3034,177.4957,233.0590,168.0918
233.0911,176.6853,234.0463,168.0115
232.9744,177.2859,232.7955,168.6834
233.4955,174.9333,233.8768,167.7163
232.8218,176.0891,233.5988,167.9255
231.4508,174.6530,233.5502,167.8296
232.6627,176.0960,233.6082,167.2961
232.3926,176.7439,233.4295,167.6786
232.9592,177.5644,233.7459,167.7727
232.6543,177.5524,233.1976,168.1791
233.7854,176.5536,234.1132,167.2219
236.3187,177.3836,233.9561,166.9534
238.8361,178.0651,233.0156,166.4340
239.3137,181.7263,233.7262,165.5884
240.6907,183.8951,240.4523,159.1870
240.2430,188.2446,245.3122,154.6721
235.2153,189.3185,251.5907,151.1068
234.4545,192.1025,255.8182,148.4298
231.9758,190.8072,258.9958,145.9241
236.1527,192.3785,258.2410,145.3769
233.5207,192.8567,259.1196,145.6749
234.7346,190.8654,259.8222,145.3439
238.2972,192.2231,258.8818,144.8725
242.5129,191.5575,258.3727,144.8706
243.6811,193.8146,257.8189,145.2013
246.0411,193.8940,256.9871,144.2780
247.6143,193.7014,257.2272,144.0129
250.1819,197.5297,259.4928,142.6193
258.1765,202.9775,263.1190,140.3662
254.0476,202.5401,263.0510,137.5468
254.6856,202.6919,269.8620,134.2411
253.4151,204.3519,275.4341,132.9885
260.0273,203.6968,274.9859,132.8773
260.3792,204.1578,274.9442,133.4958
263.7234,204.0312,273.9227,134.1727
262.0728,202.5003,271.1607,134.0645
266.6495,202.4352,272.3672,132.5435
262.9292,204.4439,274.1654,133.4434
264.2054,192.5146,266.1512,139.7237
285.6785,194.7826,260.9588,138.7901
275.1741,204.3152,261.0150,135.5223
282.4811,206.6250,257.9095,135.1863
283.1067,207.7273,256.8771,134.7480
288.2245,208.0564,253.9020,134.7145
297.5794,208.5049,250.8269,133.6604
297.6357,208.4325,246.9716,131.1474
305.4203,208.2425,248.5050,129.9151
313.3968,206.6751,250.8212,128.1421
312.4774,206.0748,250.9603,126.9416
314.1673,204.2878,250.7131,126.3199
315.7697,203.9902,249.4855,125.2788
327.4238,202.5504,251.7922,125.0980
324.1042,202.9384,253.0284,125.6366
325.9285,202.9623,250.5756,125.5523
338.1213,200.2240,252.2312,125.4136
339.9057,199.0210,254.1195,126.2010
342.5163,197.5943,254.8705,126.7770
345.2403,197.5015,256.6375,127.1779
339.9632,198.5840,254.1245,125.0961
342.6973,198.7074,251.6259,124.8538
346.3199,199.5935,249.7598,123.7078
354.7404,201.2330,252.4434,122.3636
361.3450,201.0680,255.2687,123.0389
363.1800,200.5948,256.9872,125.0246
373.7180,197.6212,255.1590,129.8747
383.4885,193.0591,246.4521,140.3893
391.1400,189.4780,240.5568,148.9864
391.5105,192.9606,235.6953,151.9072
397.7794,192.8804,233.3202,153.6204
417.9201,190.8643,227.6652,156.7153
424.9135,199.3048,221.9691,155.4562
444.3050,185.3786,212.9601,161.0807
445.3000,189.9101,204.9342,162.0648
457.7535,183.6677,199.3737,165.5049
456.1401,182.0652,192.7077,162.7701
458.6981,184.8930,186.5207,158.6654
458.7349,174.0774,183.5665,153.5667
459.8631,177.8443,179.2586,148.8168
459.5768,177.6004,175.5646,146.3296
470.8835,174.3080,174.0211,148.7525
469.9049,171.4595,171.2431,149.2843
470.2924,171.4238,169.4544,147.9435
474.1499,169.3706,167.4865,147.2190
470.4928,167.6091,167.0324,146.2449
2
0
0
0
0
1
718.4790,232.0532,146.4718,67.5585
717.6345,230.9187,150.3476,68.9787
718.7934,231.3598,152.1789,69.6934
718.2693,229.7758,154.4311,70.5316
718.4277,228.7445,157.1571,72.3190
720.1926,228.2945,159.8958,73.9222
717.1552,228.6798,161.9517,75.0306
718.6564,229.3782,161.8009,75.7998
716.3163,229.3901,162.3311,76.0615
713.5666,228.7346,160.2344,75.6326
713.9041,227.5573,157.1939,74.9214
713.4729,226.5437,155.8268,74.0011
718.3887,225.4686,155.3770,74.7432
723.0869,225.2406,156.2139,75.4384
723.0323,226.1062,157.4011,76.3051
722.6388,225.7098,160.4787,76.2807
719.9641,225.6698,163.2058,76.8098
720.3569,224.9743,165.4580,76.5127
722.4117,224.2945,166.9848,77.3632
725.7159,223.4596,169.0749,78.5739
726.4824,222.9009,173.8413,79.1417
729.1707,223.2352,175.9563,79.7523
731.1652,222.3762,180.0573,81.2075
734.2845,221.9226,183.7296,82.1861
731.1948,221.4177,189.2414,82.7736
731.9937,220.6961,192.2399,83.0971
736.2103,219.7896,194.3740,83.3987
740.4519,220.1549,195.8365,84.2586
743.6765,220.4780,195.4384,85.6172
747.9407,221.0592,195.6172,86.2957
745.0867,221.4924,195.7846,88.0582
