1
333.9499,26.7382,372.8619,29.3569,368.9122,88.0454,330.0002,85.4267
336.7283,17.6031,378.6982,22.8862,371.3680,81.1187,329.3981,75.8356
374.2458,70.7904,335.2581,71.7688,333.8281,14.7867,372.8158,13.8084
336.7944,10.6125,377.6951,13.4650,374.0351,65.9422,333.1345,63.0896
352.1584,4.9242,389.5025,22.0961,366.6166,71.8664,329.2725,54.6945
347.7207,11.9507,387.9004,18.9106,379.0448,70.0340,338.8651,63.0740
375.6217,16.9527,407.2897,48.6348,370.2640,85.6440,338.5960,53.9620
367.7970,23.6320,407.2104,38.0864,387.9287,90.6622,348.5154,76.2078
359.3982,42.7089,398.3937,43.2989,397.6070,95.2929,358.6115,94.7029
380.9024,41.2947,415.4421,67.7551,384.0988,108.6687,349.5591,82.2083
368.4653,53.0821,410.2901,57.2186,405.5659,104.9856,363.7411,100.8490
412.3064,99.6686,374.2711,112.3482,359.1599,67.0190,397.1953,54.3393
407.7601,103.0841,374.6585,110.7704,362.4446,58.1698,395.5462,50.4836
395.0599,98.5409,353.6530,99.4657,352.4919,47.4787,393.8988,46.5539
389.1696,88.0474,351.3836,92.0749,345.9784,41.3621,383.7643,37.3346
382.4481,80.3185,339.9182,82.1356,337.7839,32.1812,380.3138,30.3641
374.4005,74.4506,330.2820,74.9393,329.7393,25.9423,373.8577,25.4536
381.8487,46.7537,354.1678,76.8417,318.3706,43.9083,346.0515,13.8204
322.0000,18.0000,369.0000,18.0000,369.0000,68.0000,322.0000,68.0000
369.5803,53.4100,334.5611,69.0366,314.3347,23.7095,349.3539,8.0829
364.2983,58.5811,326.3440,64.1709,319.6401,18.6525,357.5945,13.0627
363.0650,67.2808,326.1854,70.9273,321.3174,21.6933,358.1970,18.0469
354.9751,17.6478,376.9659,52.0178,337.4223,77.3188,315.4315,42.9488
357.8580,20.2407,380.3540,52.8279,340.8777,80.0796,318.3817,47.4924
375.2876,76.7075,336.4502,80.2646,331.7986,29.4772,370.6360,25.9201
342.9368,25.2245,382.4672,36.5105,369.9247,80.4416,330.3943,69.1556
390.3772,64.3793,350.4801,84.1145,327.8615,38.3883,367.7587,18.6531
381.5209,78.3259,336.5743,80.5182,333.8950,25.5835,378.8416,23.3912
333.0000,21.0000,383.0000,21.0000,383.0000,76.0000,333.0000,76.0000
351.6875,13.8703,391.4159,21.0380,382.5636,70.1034,342.8353,62.9358
354.0000,21.0000,399.0000,21.0000,399.0000,66.0000,354.0000,66.0000
379.3112,21.7641,415.6087,43.3797,390.5858,85.3988,354.2883,63.7832
380.1392,41.8953,418.5335,42.1145,418.2595,90.1137,379.8652,89.8946
431.6222,107.5202,393.8386,109.7626,390.8663,59.6815,428.6499,57.4391
436.6392,116.5883,401.0311,121.4019,395.6725,81.7624,431.2806,76.9489
447.2104,133.4237,415.4636,147.4081,396.1139,103.4810,427.8606,89.4967
445.2259,100.1457,451.1314,135.2581,401.8239,143.5511,395.9184,108.4386
450.3959,147.8491,411.2362,159.4949,398.0424,115.1303,437.2021,103.4845
440.8765,158.3916,399.9978,161.5437,396.3844,114.6828,437.2631,111.5307
401.6308,110.1920,441.3281,114.0589,436.3835,164.8187,396.6862,160.9517
404.0514,108.6431,441.8442,116.6616,430.5183,170.0431,392.7255,162.0246
408.9311,102.8354,444.9636,121.2844,421.2133,167.6709,385.1807,149.2219
397.2778,88.3836,438.1242,99.6873,422.9401,154.5561,382.0936,143.2525
423.7854,86.7176,425.9674,129.9120,376.8613,132.3927,374.6793,89.1983
418.6812,157.9869,380.8877,160.8372,376.7805,106.3763,414.5739,103.5260
404.5944,144.3346,374.8924,148.8755,365.6736,88.5761,395.3756,84.0352
393.2175,90.5115,369.3666,110.4035,341.8254,77.3810,365.6764,57.4890
328.4258,74.8632,373.3630,77.2400,370.5636,130.1660,325.6265,127.7892
318.3546,18.6356,356.9582,29.6960,341.6962,82.9641,303.0926,71.9036
308.3011,13.1631,352.8273,24.7138,339.6048,75.6842,295.0786,64.1334
301.0000,20.0000,347.0000,20.0000,347.0000,70.0000,301.0000,70.0000
299.0000,25.0000,350.0000,25.0000,350.0000,82.0000,299.0000,82.0000
305.0000,28.0000,353.0000,28.0000,353.0000,79.0000,305.0000,79.0000
364.6469,72.4999,323.0774,88.5067,301.9643,33.6762,343.5338,17.6694
306.0000,23.0000,357.0000,23.0000,357.0000,80.0000,306.0000,80.0000
360.7746,69.1064,313.2906,81.5976,297.5666,21.8242,345.0505,9.3330
300.5537,7.8832,351.5029,10.1591,348.4399,78.7292,297.4907,76.4533
294.0000,10.0000,349.0000,10.0000,349.0000,69.0000,294.0000,69.0000
293.8478,5.5531,346.7639,8.5342,343.1388,72.8806,290.2227,69.8995
297.5334,4.8331,347.0743,11.5926,338.2869,75.9959,288.7459,69.2363
300.4806,6.5877,352.2203,11.7838,345.2421,81.2685,293.5024,76.0723
314.1113,0.0678,368.3679,11.5377,352.6424,85.9247,298.3857,74.4547
317.7243,0.8191,367.4615,5.5303,360.5776,78.2050,310.8404,73.4938
335.6777,-6.8234,387.7470,10.8666,362.9776,83.7739,310.9083,66.0839
343.8562,-8.5783,391.5794,17.2968,357.0438,80.9932,309.3206,55.1181
323.9551,2.4342,384.3437,5.6986,380.5653,75.5965,320.1766,72.3321
328.3640,2.3313,386.3579,10.5199,375.9571,84.1812,317.9632,75.9926
329.9530,-0.8000,389.7774,15.7639,368.0078,94.3901,308.1834,77.8262
318.0000,5.0000,383.0000,5.0000,383.0000,71.0000,318.0000,71.0000
313.5136,-1.2626,380.6169,1.3355,377.4938,81.9976,310.3906,79.3996
385.8617,19.3256,352.8316,70.1370,296.2781,33.3742,329.3083,-17.4372
306.0000,0.0000,376.0000,0.0000,376.0000,67.0000,306.0000,67.0000
297.0000,1.0000,374.0000,1.0000,374.0000,69.0000,297.0000,69.0000
290.3188,-5.7695,360.2001,6.7842,346.2317,84.5409,276.3503,71.9873
275.0000,21.0000,346.0000,21.0000,346.0000,91.0000,275.0000,91.0000
370.5746,111.7970,307.6825,142.5054,271.3227,68.0392,334.2148,37.3307
316.4262,91.0042,386.2137,104.7840,370.7167,183.2686,300.9292,169.4888
384.4889,125.5884,410.2590,192.0666,330.1824,223.1080,304.4124,156.6298
371.1944,138.7840,425.5823,191.5593,366.1789,252.7778,311.7910,200.0025
332.4151,180.8827,396.5880,183.2426,393.8685,257.1927,329.6957,254.8328
339.5794,159.3116,402.9147,170.1324,386.7474,264.7613,323.4120,253.9404
386.0389,244.3803,332.2949,247.2876,327.8115,164.4088,381.5556,161.5015
393.8996,229.3521,331.1472,252.5276,301.1869,171.4040,363.9393,148.2285
380.6136,220.2278,313.9702,237.4247,293.2320,157.0572,359.8754,139.8604
359.9351,200.2011,293.1567,221.0817,265.8633,133.7941,332.6416,112.9135
344.3229,187.9741,281.2442,205.1226,256.4588,113.9529,319.5375,96.8043
330.2213,162.2235,266.5883,184.0247,233.5286,87.5309,297.1616,65.7296
311.2767,147.1741,244.0056,150.5321,239.4156,58.5829,306.6867,55.2249
305.9454,126.1538,229.4069,134.5715,218.0376,31.1948,294.5760,22.7771
220.5812,4.4742,300.1831,19.4225,280.2433,125.6051,200.6414,110.6568
187.4895,0.1290,277.1400,8.0526,268.1099,110.2235,178.4594,102.2999
261.4262,46.2256,230.4351,118.5520,146.8429,82.7336,177.8341,10.4072
247.0493,101.2054,156.0783,120.4229,133.7561,14.7549,224.7271,-4.4626
243.5509,114.4185,147.9150,122.7708,138.0836,10.1993,233.7195,1.8470
143.7868,11.4796,220.3376,12.5367,218.7191,129.7337,142.1683,128.6766
140.0000,21.0000,244.0000,21.0000,244.0000,127.0000,140.0000,127.0000
149.0000,24.0000,256.0000,24.0000,256.0000,140.0000,149.0000,140.0000
153.0521,19.2328,265.0607,22.8915,260.9145,149.8238,148.9060,146.1651
267.1909,146.3025,163.7330,154.2414,153.3275,18.6401,256.7854,10.7011
