1
221.0844,183.2467,183.7139,184.2515,182.1936,127.7089,219.5641,126.7041
228.9733,151.7392,191.7264,152.5188,190.6377,100.4988,227.8846,99.7193
200.7055,90.2067,238.2633,94.2386,233.0390,142.9032,195.4812,138.8713
242.4092,138.6655,205.2200,142.4687,200.6723,98.0001,237.8616,94.1968
256.3430,154.7301,219.3716,168.8494,201.6338,122.4032,238.6052,108.2838
262.9620,194.7742,228.0834,208.9225,206.8218,156.5078,241.7004,142.3596
269.7502,245.3366,236.0224,260.0515,215.0638,212.0124,248.7916,197.2975
2
0
0
0
0
1
243.9091,149.4062,233.2345,186.8666,192.2730,175.1943,202.9476,137.7339
224.0856,143.5829,240.8232,179.9149,202.1350,197.7379,185.3974,161.4060
230.2628,201.7404,197.2950,219.8192,177.6265,183.9523,210.5943,165.8736
221.6344,260.5734,186.6242,265.5963,180.4676,222.6844,215.4778,217.6615
2
0
0
0
0
1
209.7629,140.9951,174.4262,150.5940,164.3556,113.5211,199.6923,103.9222
213.4849,126.8317,184.0565,151.2503,159.5972,121.7728,189.0256,97.3542
172.9199,112.2019,211.8188,120.9641,203.1312,159.5318,164.2323,150.7696
210.5517,178.9097,178.9290,190.9145,163.8620,151.2253,195.4846,139.2206
217.2850,219.3168,182.7818,243.1328,157.8672,207.0382,192.3704,183.2222
2
0
0
0
0
1
166.3361,148.7061,204.4647,149.3039,203.7872,192.5087,165.6586,191.9109
171.7778,138.4047,205.7158,148.0429,195.1694,185.1784,161.2315,175.5401
200.9896,186.7057,166.9099,186.7063,166.9093,148.7063,200.9890,148.7057
199.2565,210.1808,168.2616,210.7399,167.5591,171.7942,198.5541,171.2352
168.8044,204.7955,206.1398,206.3345,204.4510,247.3025,167.1156,245.7635
2
0
0
0
0
1
169.2212,202.4398,204.5902,205.7745,200.3294,250.9655,164.9604,247.6308
173.7212,179.8094,207.8327,187.6045,197.1061,234.5444,162.9946,226.7493
171.5639,174.0919,207.3091,178.5311,201.1908,227.7958,165.4457,223.3565
175.2713,178.3086,211.4014,189.9314,198.8906,228.8220,162.7605,217.1993
173.7185,198.1301,209.3380,206.1668,200.3831,245.8560,164.7636,237.8193
207.7697,270.8887,175.7567,279.5096,163.3516,233.4446,195.3647,224.8237
2
0
0
0
0
1
188.7913,254.7975,224.1180,261.3031,216.9169,300.4062,181.5902,293.9005
190.8542,249.5430,226.8094,257.3487,218.2519,296.7673,182.2966,288.9616
226.7239,263.4326,219.5754,299.9801,184.2720,293.0749,191.4205,256.5274
230.2564,311.6133,196.0368,327.2201,179.6973,291.3938,213.9169,275.7870
227.9972,327.2885,236.9949,355.2477,200.4463,367.0096,191.4486,339.0505
2
0
0
0
0
1
189.7101,231.2552,216.7528,252.9678,194.4255,280.7761,167.3828,259.0634
186.5474,232.5952,213.1327,254.1310,189.4776,283.3324,162.8923,261.7965
183.0712,257.0494,208.6310,274.2782,187.6346,305.4273,162.0748,288.1985
177.2499,291.7249,205.9644,303.4223,191.5994,338.6849,162.8849,326.9875
178.1888,356.6330,147.4157,370.7024,132.2410,337.5116,163.0141,323.4422
2
0
0
0
0
1
174.0897,278.4830,143.6143,285.5302,135.6433,251.0595,166.1187,244.0124
167.4868,259.0203,169.0733,287.3959,136.0125,289.2443,134.4261,260.8687
168.2810,309.1300,139.4977,314.8723,133.6146,285.3834,162.3979,279.6411
2
0
0
0
0
1
132.1412,327.5382,160.2869,328.5753,158.4104,379.5008,130.2646,378.4636
151.1966,360.4776,122.9933,361.1633,121.8729,315.0769,150.0762,314.3913
159.7336,352.8847,133.6778,362.1830,120.1733,324.3404,146.2291,315.0421
131.9614,325.6496,156.6947,338.9428,139.8505,370.2832,115.1172,356.9900
160.4467,378.5501,132.2555,379.6773,130.4941,335.6266,158.6853,334.4994
2
0
0
0
0
1
153.9044,338.7158,168.7900,363.1542,140.1613,380.5922,125.2757,356.1537
166.0513,345.6197,158.2120,371.5923,130.0661,363.0970,137.9055,337.1244
140.6061,344.0485,168.8927,346.8448,165.8075,378.0533,137.5208,375.2569
167.7371,371.8923,171.5342,397.3173,142.4362,401.6630,138.6391,376.2380
2
0
0
0
0
1
141.8481,341.1203,167.7553,351.1030,156.0912,381.3736,130.1840,371.3908
145.8590,340.2603,167.9120,357.4753,148.3833,382.4921,126.3304,365.2772
135.6561,350.3481,162.5709,362.5699,150.0100,390.2315,123.0952,378.0097
157.9384,401.7967,132.5050,412.1251,121.4699,384.9514,146.9033,374.6230
2
0
0
0
0
1
161.7343,353.8615,137.6614,361.7635,124.4822,321.6136,148.5550,313.7116
160.5182,353.5077,133.0661,356.7111,127.6117,309.9687,155.0638,306.7653
160.9137,357.2405,134.4434,359.2390,131.0569,314.3841,157.5272,312.3856
166.8758,370.6878,139.3743,376.9177,130.0642,335.8189,157.5658,329.5891
2
0
0
0
0
1
137.2685,240.6648,163.0385,240.9919,162.4768,285.2466,136.7068,284.9195
167.1444,276.0936,136.2116,276.6562,135.4258,233.4453,166.3586,232.8828
143.0036,229.6789,173.3374,240.7608,160.9086,274.7813,130.5748,263.6993
167.1826,279.8695,140.3240,289.5781,129.2379,258.9089,156.0965,249.2003
162.1494,317.8697,136.8153,318.8670,135.3217,280.9290,160.6558,279.9316
161.9585,359.9457,136.2366,360.0226,136.0991,314.0012,161.8210,313.9243
2
0
0
0
0
1
167.8345,219.5741,194.3849,238.7284,174.6480,266.0863,148.0977,246.9320
185.4094,224.5829,198.5809,253.4024,165.1304,268.6904,151.9589,239.8709
205.1538,254.0529,194.3997,284.9427,158.5481,272.4612,169.3022,241.5714
210.1908,293.1440,196.0083,321.2278,163.5264,304.8242,177.7089,276.7404
2
0
0
0
0
1
185.4466,214.0438,221.4716,218.1652,216.9046,258.0848,180.8796,253.9634
190.5176,204.9757,224.9960,216.9312,211.2240,256.6484,176.7455,244.6929
218.8591,212.9504,222.8167,250.2708,181.4071,254.6620,177.4495,217.3417
199.3771,234.7107,228.3475,252.3135,208.2990,285.3089,179.3286,267.7061
199.6619,263.2339,231.4338,269.9496,221.3004,317.8904,189.5285,311.1746
2
0
0
0
0
1
239.2015,229.7023,197.9859,239.1763,186.8995,190.9460,228.1151,181.4720
203.9923,168.4359,241.1762,180.8164,224.0538,232.2422,186.8699,219.8617
215.9092,169.5485,246.0047,193.7634,220.0726,225.9933,189.9770,201.7783
246.1169,199.1808,242.8606,239.3860,196.8159,235.6568,200.0722,195.4516
240.5203,225.8428,248.8744,266.7141,200.2229,276.6584,191.8688,235.7872
223.5101,277.6136,254.4541,296.9933,230.6997,334.9223,199.7557,315.5426
228.1160,290.6551,258.4117,304.0857,239.3612,347.0585,209.0655,333.6279
266.2489,330.6049,267.8485,354.6437,197.4442,359.3286,195.8446,335.2898
