1
220.6739,183.5738,184.0487,184.1602,183.1403,127.4268,219.7655,126.8404
228.8404,151.8329,191.5895,152.4493,190.7278,100.3763,227.9787,99.7599
200.9737,90.0491,238.5514,94.4667,233.1660,140.2769,195.5882,135.8593
242.4945,138.5907,205.3021,142.5864,200.5224,98.0966,237.7149,94.1009
256.0617,154.3964,219.8133,169.1030,201.1232,123.0360,237.3716,108.3295
260.8153,194.4602,228.5073,207.3402,207.9681,155.8200,240.2761,142.9400
269.0647,245.8075,235.7027,260.2170,214.8745,211.9940,248.2365,197.5845
2
0
0
0
0
1
243.9908,149.4702,233.1861,186.9243,193.0211,175.3375,203.8258,137.8835
223.5557,143.3676,240.9900,179.4054,203.4034,197.5889,185.9691,161.5511
228.7256,202.7125,196.9070,219.7706,177.5529,183.6694,209.3715,166.6112
221.5510,260.5450,186.5452,265.5567,180.4014,222.6429,215.4072,217.6313
2
0
0
0
0
1
209.3068,140.8967,174.7775,150.8505,164.1286,113.9098,198.6579,103.9561
213.6024,125.8768,184.9903,151.3319,159.5411,122.7264,188.1533,97.2713
174.1763,111.4710,212.6119,122.2508,201.9387,160.3063,163.5031,149.5266
209.8641,177.5396,178.0552,189.2113,164.0075,150.9270,195.8163,139.2553
217.5783,221.1108,182.2200,243.6953,158.5376,206.6182,193.8960,184.0337
2
0
0
0
0
1
167.9411,148.6555,204.6011,149.3892,203.7364,192.5953,167.0763,191.8615
172.2903,138.1136,206.0016,148.5168,194.6043,185.4494,160.8930,175.0462
201.3672,184.8276,167.2741,185.6075,166.4395,149.1218,200.5326,148.3419
199.4038,210.1262,167.9946,210.8647,167.0971,172.6912,198.5062,171.9527
169.8977,205.2673,205.7607,205.9284,204.9979,247.3143,169.1349,246.6533
2
0
0
0
0
1
170.6185,202.5842,204.5328,205.7630,200.1636,252.3786,166.2493,249.1999
175.1250,180.0864,207.2389,187.5090,196.6111,233.4898,164.4972,226.0671
171.4644,174.1593,207.2350,178.4417,201.3033,227.9884,165.5327,223.7060
176.6365,178.7954,210.7713,189.6531,198.3698,228.6413,164.2350,217.7836
175.0974,198.4835,209.4267,206.1299,200.7535,245.0693,166.4242,237.4229
207.7899,270.7012,175.8080,279.5282,163.3637,234.4402,195.3456,225.6132
2
0
0
0
0
1
189.1625,254.6319,224.2819,261.6439,216.3933,301.1536,181.2739,294.1416
190.3691,251.2175,226.4019,258.8127,218.4428,296.5718,182.4100,288.9766
228.7688,266.8198,215.8023,302.2741,181.5878,289.7610,194.5544,254.3067
230.7375,310.3578,197.2538,327.5672,179.2540,292.5457,212.7377,275.3362
226.6976,327.8451,235.4585,355.9197,201.6335,366.4751,192.8726,338.4005
2
0
0
0
0
1
187.5568,231.5555,216.5027,250.7815,196.7149,280.5731,167.7690,261.3471
185.2382,233.7861,211.6196,254.4774,189.2912,282.9461,162.9098,262.2548
183.0901,257.0512,208.6336,274.3028,187.6115,305.4292,162.0680,288.1776
177.6324,291.5705,206.1787,303.8083,191.4497,338.1658,162.9034,325.9280
178.1361,356.6221,147.3662,370.7419,132.1452,337.5724,162.9150,323.4525
2
0
0
0
0
1
173.9692,276.8889,144.1528,284.1941,136.0378,251.0725,165.8542,243.7673
167.5139,259.0402,169.0034,287.4212,136.6367,289.1198,135.1472,260.7389
168.0232,309.5085,139.0831,314.6061,133.8615,284.9620,162.8016,279.8644
2
0
0
0
0
1
132.0771,327.5694,160.2889,328.5347,158.5463,379.4648,130.3345,378.4996
151.1833,360.5851,123.5386,361.2513,122.4501,316.0864,150.0948,315.4202
159.6908,352.7277,133.6744,362.0607,120.3783,324.9970,146.3947,315.6640
132.8995,326.1899,156.7606,338.9263,139.9299,370.4581,116.0688,357.7218
160.5107,379.6068,132.7802,380.8135,130.8102,335.5410,158.5406,334.3343
2
0
0
0
0
1
153.7758,338.6646,168.8083,363.0276,140.2844,380.6273,125.2519,356.2643
165.9708,345.6103,158.4352,371.0719,130.2439,362.7285,137.7795,337.2668
142.0569,343.9165,168.7203,347.0601,165.0836,377.9058,138.4202,374.7622
167.7155,371.8916,171.5646,397.3464,142.3861,401.7586,138.5370,376.3037
2
0
0
0
0
1
142.7200,341.5788,167.7088,350.9792,156.2628,381.4062,131.2739,372.0059
145.7004,340.2734,167.8835,357.3014,148.5332,382.5098,126.3501,365.4818
136.5451,350.8818,162.4742,362.3829,150.1563,390.1536,124.2271,378.6526
157.7623,402.1082,132.1299,411.9447,121.6061,384.5208,147.2384,374.6844
2
0
0
0
0
1
161.7742,353.8520,137.6082,361.7177,124.5293,321.5351,148.6952,313.6693
160.2642,351.6295,132.7680,354.7681,127.6422,309.8637,155.1384,306.7250
160.7727,355.4958,134.2032,357.4186,131.0856,314.3381,157.6550,312.4153
166.6193,368.9615,138.8868,375.1606,130.2347,336.4539,157.9671,330.2549
2
0
0
0
0
1
137.2554,240.6715,163.0811,240.9837,162.5462,285.2242,136.7206,284.9120
167.0715,276.2196,136.1133,276.6606,135.4977,233.4469,166.4560,233.0060
142.9421,230.0728,172.6745,241.0958,160.4862,273.9715,130.7538,262.9485
167.0294,279.9481,140.1204,289.4497,129.4606,259.2604,156.3695,249.7588
162.1690,317.8683,136.7892,318.8683,135.2947,280.9353,160.6745,279.9354
161.9856,359.8072,136.2170,359.8503,136.1398,313.7912,161.9084,313.7480
2
0
0
0
0
1
167.7967,219.5636,194.4076,238.7016,175.4877,265.0093,148.8768,245.8713
184.4438,225.5468,197.1598,254.3411,164.8436,268.6124,152.1276,239.8181
204.8203,254.0101,195.0767,284.0659,158.9877,272.3664,168.7313,242.3106
210.2273,293.3570,195.6866,321.3402,163.4176,304.5725,177.9583,276.5893
2
0
0
0
0
1
185.4104,214.0723,221.4423,218.1328,216.9428,258.0601,180.9109,253.9995
190.2747,205.0744,224.8769,216.7113,211.4704,256.5751,176.8683,244.9381
219.1306,213.1007,222.7327,250.5627,181.1323,254.5627,177.5302,217.1006
198.8115,235.2844,227.9211,252.6193,208.4165,285.3724,179.3069,268.0375
199.4896,263.2955,231.3561,269.8432,221.6912,316.8805,189.8248,310.3329
2
0
0
0
0
1
239.5191,229.4757,199.1436,239.2624,187.4678,191.0937,227.8433,181.3069
204.1457,168.4238,241.2225,180.9442,224.1491,231.5042,187.0723,218.9839
215.8887,169.5807,246.0299,193.7540,220.0847,226.1046,189.9434,201.9313
246.1227,199.1704,242.7859,240.1949,196.6999,236.4465,200.0366,195.4220
240.4886,226.7556,247.4048,268.1848,199.2888,276.2173,192.3727,234.7880
222.9144,279.0544,253.6399,298.8725,230.3076,335.0463,199.5821,315.2281
2
0
