1
683.2656,408.3947,654.7205,409.4097,649.8450,272.2964,678.3900,271.2813
685.9677,413.1812,657.2897,414.6219,650.3077,275.6372,678.9857,274.1965
689.2078,412.8066,659.8984,414.5580,651.4811,273.6892,680.7904,271.9379
690.2679,414.9649,660.4415,416.6130,652.6556,275.7079,682.4821,274.0598
683.5316,419.1221,650.2260,420.1287,645.8152,274.1953,679.1208,273.1887
675.2781,417.1765,644.8501,418.7527,637.6004,278.8004,668.0284,277.2242
671.4199,421.0155,643.2358,421.7168,639.7253,280.6405,667.9094,279.9391
679.0040,419.0544,648.1493,420.0871,643.4940,281.0050,674.3488,279.9723
677.9877,420.3481,649.6826,421.8930,642.1522,283.9183,670.4573,282.3735
670.9244,428.4526,641.7105,428.4952,641.5020,285.4153,670.7159,285.3727
668.1938,430.5013,637.6387,431.8401,631.2894,286.9391,661.8445,285.6003
661.8768,436.3273,634.1180,436.7646,631.7582,286.9608,659.5170,286.5235
631.8271,296.0034,662.2747,296.1882,661.3715,445.0474,630.9239,444.8627
655.2654,457.6337,626.7950,458.3485,623.0071,307.4760,651.4775,306.7612
623.5928,305.6716,653.7586,306.2613,650.8997,452.5079,620.7339,451.9182
655.0722,451.9835,627.7692,452.1888,626.6783,307.1529,653.9813,306.9476
664.7053,448.2592,635.0890,449.0269,631.4556,308.8555,661.0718,308.0879
642.0936,306.7541,670.3303,306.9630,669.2939,446.9987,641.0573,446.7898
670.1050,440.1642,642.9553,440.5364,641.0476,301.3895,668.1973,301.0173
638.2587,301.7256,667.6456,302.1573,665.5325,445.9843,636.1455,445.5526
658.5422,444.7147,630.2461,444.8177,629.7291,302.6794,658.0251,302.5765
666.6606,441.0965,633.1006,441.6158,631.0202,307.1759,664.5802,306.6566
677.3988,439.1994,646.8114,439.5458,645.2247,299.4148,675.8121,299.0684
677.3856,438.5594,650.0392,438.6467,649.5731,292.6274,676.9194,292.5401
649.2510,296.6620,676.9118,297.2048,674.0827,441.3570,646.4219,440.8141
676.6962,441.7794,650.8478,441.9909,649.6531,295.9758,675.5015,295.7643
679.2993,438.8964,652.8066,439.3428,650.3961,296.2635,676.8887,295.8171
682.9667,439.6237,655.6445,440.4203,651.4460,296.4214,678.7682,295.6248
684.8757,428.2229,658.6619,428.7860,655.7365,292.5974,681.9503,292.0343
687.8834,421.6870,661.5620,422.3464,658.1996,288.1285,684.5210,287.4691
689.2471,418.1450,660.3978,418.6595,657.9684,282.4612,686.8177,281.9466
692.8130,417.6539,665.2529,418.3120,661.8843,277.2322,689.4444,276.5741
696.4879,409.6601,668.5755,410.0677,666.5607,272.0824,694.4731,271.6748
695.3859,398.4447,665.0205,398.6049,664.3140,264.6067,694.6793,264.4466
687.6251,399.5602,658.6972,400.1373,655.9017,260.0252,684.8297,259.4481
682.6737,395.8120,654.0801,397.0526,648.0118,257.1842,676.6054,255.9436
648.5908,252.9410,677.9146,253.0510,677.3729,397.4420,648.0492,397.3320
649.0227,250.6029,677.7997,251.1100,675.3156,392.0819,646.5385,391.5748
675.6929,391.6152,648.3001,391.6561,648.0807,244.6563,675.4734,244.6154
673.8677,390.9242,644.8296,391.0708,644.0875,244.0726,673.1256,243.9260
641.1494,242.8100,670.0840,243.3509,667.3195,391.2267,638.3850,390.6857
660.3643,389.5034,630.8897,389.7453,629.7234,247.6109,659.1980,247.3690
653.3705,391.2891,625.6013,392.0650,621.4118,242.1235,649.1809,241.3476
631.0996,243.5221,664.4779,244.6870,659.3526,391.5388,625.9743,390.3738
669.2252,380.5998,639.6974,380.7517,638.9413,233.7536,668.4691,233.6017
640.9916,234.7134,670.0933,234.9598,668.9222,373.2418,639.8206,372.9953
635.6311,227.6867,668.3572,228.3973,665.1755,374.9319,632.4494,374.2214
633.2538,234.3377,667.3417,235.4215,662.9736,372.8098,628.8856,371.7260
633.6097,233.4632,672.3959,234.6994,668.0139,372.1791,629.2277,370.9429
638.7717,235.4197,681.1280,236.7068,677.0723,370.1658,634.7160,368.8787
642.9483,238.3457,686.5420,239.8000,682.2372,368.8392,638.6434,367.3849
642.7746,238.7398,691.5589,241.5983,684.0840,369.1653,635.2997,366.3067
642.2119,240.4844,695.7606,243.9775,687.8043,365.9454,634.2556,362.4522
639.9772,242.1926,697.1541,246.3411,688.6035,364.1904,631.4266,360.0419
641.3235,238.4516,700.9113,245.8882,686.3115,362.8737,626.7237,355.4371
646.7729,238.6771,697.2899,241.7484,689.9236,362.9117,639.4066,359.8404
647.8815,236.7737,697.4141,237.2389,696.2231,364.0590,646.6904,363.5938
699.0059,364.6592,651.7331,365.0435,650.6778,235.2406,697.9507,234.8562
656.4507,233.5544,703.7247,234.5132,701.0818,364.8264,653.8078,363.8676
663.7725,232.2196,707.7901,234.0517,702.2473,367.2164,658.2297,365.3843
668.6716,230.2820,712.2506,231.9629,707.0382,367.1024,663.4592,365.4215
678.0253,228.7880,720.1231,231.7486,710.7042,365.6779,668.6064,362.7172
680.3094,229.8802,719.8115,231.9314,712.8890,365.2473,673.3869,363.1962
715.5091,364.6827,678.8604,364.8521,678.2297,228.4768,714.8785,228.3073
720.2598,363.0482,685.3062,364.2100,680.8077,228.8683,715.7613,227.7065
726.5283,363.5097,692.2371,365.7718,683.1968,228.7325,717.4880,226.4703
732.3693,361.4981,699.6399,364.3105,687.6353,224.6069,720.3647,221.7945
736.6934,360.1730,704.4550,362.8825,692.6312,222.1997,724.8696,219.4902
739.3851,359.3494,707.7929,361.9893,695.3022,212.5103,726.8945,209.8704
738.7711,358.3266,708.3425,360.5256,698.0292,217.8178,728.4577,215.6188
735.9811,352.2263,701.4913,353.1828,697.6603,215.0560,732.1502,214.0994
734.3440,348.0043,699.0034,348.3914,697.4361,205.3200,732.7767,204.9328
736.1176,343.9922,702.9454,344.8235,699.3128,199.8691,732.4850,199.0378
740.1501,342.7917,708.5087,344.4979,700.6463,198.6897,732.2877,196.9835
740.7302,337.8319,709.1312,339.5259,701.7793,202.3856,733.3783,200.6917
740.1931,334.8748,710.2480,336.2549,704.0670,202.1372,734.0120,200.7572
740.2411,328.4244,704.4941,329.3130,701.1331,194.1148,736.8801,193.2261
743.0132,323.4790,704.4722,324.5008,701.0359,194.8923,739.5770,193.8705
746.9772,322.9956,707.1716,324.6471,701.7840,194.7916,741.5897,193.1401
715.1365,196.5977,759.2789,197.4059,756.8408,330.5784,712.6984,329.7703
777.7601,317.8470,728.7017,318.4012,727.2734,191.9893,776.3318,191.4350
792.6439,319.4226,743.7855,320.0017,742.2260,188.4439,791.0845,187.8647
797.0591,314.1625,753.1008,315.8027,748.2094,184.7110,792.1677,183.0708
745.9709,187.4558,792.2167,190.2833,783.9347,325.7423,737.6890,322.9149
784.0383,330.1612,739.9714,331.4014,736.2051,197.5699,780.2719,196.3298
792.2369,336.1043,744.6442,338.1786,738.7375,202.6527,786.3302,200.5785
795.7639,338.1161,749.9774,339.1009,747.1689,208.5310,792.9554,207.5461
745.8479,209.3368,795.7693,210.7097,792.0693,345.2533,742.1479,343.8804
789.7689,349.3937,744.5417,350.7045,740.6833,217.5727,785.9105,216.2619
790.9960,344.2476,745.0596,345.9466,740.3618,218.9347,786.2982,217.2356
783.0759,346.5850,737.4626,346.7455,737.0121,218.7354,782.6254,218.5749
780.6068,353.9430,736.4896,354.0101,736.2879,221.3603,780.4051,221.2932
735.1190,222.9612,778.8069,223.0395,778.5686,355.9713,734.8806,355.8930
779.1750,352.2491,735.3318,353.4395,731.8350,224.6415,775.6782,223.4511
780.3618,347.0398,736.8254,347.2667,736.1497,217.6077,779.6860,217.3808
782.5755,347.0255,736.0618,349.4168,729.1323,214.6283,775.6460,212.2370
770.2975,341.5337,726.6048,342.1872,724.6415,210.9187,768.3342,210.2652
770.6461,339.6915,725.8858,339.9342,725.1700,207.9366,769.9303,207.6938
775.0728,335.2613,731.9196,335.4711,731.2870,205.3843,774.4402,205.1744
736.4279,202.8671,778.7192,203.1396,777.8619,336.1750,735.5707,335.9025
739.9995,199.6971,782.2796,200.3236,780.2766,335.5059,737.9964,334.8794
740.8367,194.6841,781.6821,195.3658,779.4743,327.6474,738.6290,326.9657
740.4878,189.2776,781.9165,190.9171,776.6462,324.0928,735.2175,322.4533
742.9749,188.8564,787.4861,190.7746,781.6632,325.8892,737.1520,323.9709
754.3010,189.1415,791.6182,190.6064,786.3440,324.9589,749.0268,323.4940
756.2181,186.3804,794.4719,187.7499,789.3201,331.6577,751.0663,330.2882
753.8408,188.2648,793.2777,189.8479,787.5885,331.5801,748.1515,329.9970
753.9158,185.2706,792.1873,186.8116,786.6620,324.0376,748.3906,322.4966
755.6032,185.5478,795.2498,186.4718,792.1447,319.7156,752.4981,318.7917
761.1402,187.5902,798.7780,188.4497,795.8025,318.7557,758.1646,317.8962
763.3732,191.6249,801.5856,192.3908,798.9404,324.3643,760.7281,323.5984
764.7156,193.7023,800.5471,194.3290,798.3019,322.6894,762.4705,322.0626
765.8379,197.6571,804.1712,198.4094,801.7867,319.9060,763.4535,319.1537
768.5041,199.7493,807.4763,200.2782,805.8805,317.8673,766.9083,317.3385
807.0242,314.9318,768.1943,315.0838,767.7344,197.5508,806.5642,197.3988
803.9239,313.4297,763.3655,313.7097,762.5456,194.9791,803.1040,194.6990
804.4002,315.2821,763.8574,317.1135,758.4769,198.0025,799.0197,196.1711
805.4159,318.6258,764.6504,322.3847,753.4212,200.6043,794.1867,196.8454
803.9675,322.9874,766.3222,326.4538,754.5994,199.1438,792.2448,195.6774
802.5264,325.3009,767.3690,329.4646,752.0809,200.3734,787.2382,196.2097
804.6088,316.9525,765.9601,321.1688,752.3982,196.8545,791.0468,192.6382
814.2413,309.9056,771.2706,315.0559,756.8948,195.1147,799.8655,189.9643
820.3096,305.7857,778.3873,312.4493,760.0616,197.1584,801.9839,190.4948
813.2993,314.3204,779.4091,318.0334,766.2515,197.9385,800.1417,194.2255
809.6471,319.7321,777.2546,323.9424,761.3962,201.9348,793.7888,197.7245
810.7165,324.0748,768.6898,325.4847,764.5074,200.8120,806.5341,199.4021
815.5803,328.0659,768.5084,329.9544,763.4334,203.4569,810.5052,201.5684
816.4397,334.4313,769.2972,335.7769,765.5394,204.1311,812.6819,202.7855
814.6818,335.8273,772.4252,338.5777,763.8414,206.7011,806.0980,203.9507
812.3964,333.9333,769.8514,336.4591,762.4042,211.0199,804.9491,208.4940
816.4674,341.8699,777.2285,344.4651,768.1971,207.9134,807.4360,205.3182
815.3997,339.3029,772.9610,340.5001,769.1714,206.1638,811.6100,204.9666
821.7071,338.0968,774.5943,338.3945,773.7650,207.1544,820.8777,206.8567
829.5443,341.5741,778.8073,342.1911,777.1656,207.1890,827.9026,206.5720
840.1326,342.1387,784.2521,346.0677,774.5663,208.3114,830.4468,204.3824
802.8407,204.9638,843.1881,207.4198,834.6524,347.6459,794.3050,345.1899
817.3320,198.3564,855.8690,199.8205,850.6232,337.9009,812.0861,336.4368
860.3012,324.0945,818.5655,325.1656,815.4280,202.9090,857.1637,201.8379
874.8036,341.0920,823.9811,342.3309,820.6543,205.8547,871.4769,204.6158
892.4697,344.5817,837.0932,346.6360,831.9620,208.3253,887.3386,206.2710
909.5909,341.5987,857.1891,345.4250,847.9570,218.9888,900.3588,215.1625
865.3737,209.4953,914.9891,211.2699,910.3909,339.8290,860.7756,338.0544
929.3210,347.4395,883.8856,347.8794,882.3793,192.3019,927.8147,191.8620
936.8055,342.8806,895.7823,345.9782,883.7062,186.0467,924.7293,182.9491
928.8438,344.2655,887.1190,345.1115,883.7136,177.1460,925.4384,176.3001
924.4616,341.2824,881.4539,342.2292,877.8394,178.0406,920.8471,177.0938
924.5426,338.6135,880.8953,341.8976,868.8274,181.5137,912.4747,178.2295
922.4492,336.8497,876.0696,340.4704,863.3228,177.1873,909.7023,173.5666
923.9549,341.6352,878.2094,346.7932,859.7009,182.6446,905.4464,177.4866
929.2635,339.5269,886.7034,345.6914,862.6113,179.3571,905.1714,173.1926
927.2062,339.9912,877.9238,344.8635,861.0103,173.7860,910.2928,168.9137
921.1578,341.6147,875.5925,346.2863,857.5590,170.3946,903.1243,165.7230
923.0487,343.3045,879.7719,349.4810,854.4777,172.2507,897.7545,166.0742
922.2938,347.0052,875.1303,351.2182,858.9215,169.7666,906.0849,165.5536
925.4290,351.0925,874.7008,354.2179,863.2523,168.4005,913.9805,165.2750
922.9806,359.8681,869.0874,360.7229,866.1577,176.0152,920.0509,175.1603
867.4345,187.6206,923.4929,188.5044,920.6348,369.7819,864.5765,368.8980
860.7187,202.4625,920.9182,203.7552,917.1100,381.0943,856.9105,379.8016
922.2705,378.7505,855.4012,381.4638,848.6585,215.2905,915.5278,212.5772
936.3212,382.7058,856.4466,392.3363,838.3441,242.1959,918.2186,232.5654
931.8346,382.6914,838.4639,384.8535,835.1970,243.7713,928.5676,241.6093
957.3443,385.8026,858.6700,396.5863,842.6517,250.0139,941.3259,239.2302
849.4570,243.0775,928.9557,248.9213,918.2047,395.1774,838.7060,389.3336
887.8665,225.3277,934.2863,250.8087,858.4954,388.8802,812.0756,363.3993
878.6865,221.8672,935.2205,243.7615,879.7162,387.0807,823.1823,365.1864
876.7849,220.1724,938.0671,237.1563,896.6988,386.4233,835.4166,369.4394
876.2518,224.9861,931.0925,232.7885,909.5416,384.2627,854.7009,376.4603
868.6252,229.5703,924.9062,230.7893,921.5485,385.8143,865.2675,384.5953
933.8420,384.4031,880.0292,389.8797,863.7565,229.9857,917.5693,224.5090
942.1782,377.6517,883.9428,389.3383,852.8987,234.6425,911.1340,222.9559
945.6121,376.3431,895.7045,391.4759,851.1897,244.6675,901.0973,229.5347
938.3123,381.3859,889.5586,387.1516,872.0758,239.3197,920.8295,233.5541
935.8984,386.3061,882.5689,391.4898,867.5209,236.6765,920.8504,231.4928
940.3468,374.5088,889.3715,381.8866,868.8408,240.0352,919.8161,232.6573
940.3528,352.6296,876.1885,364.0962,853.3096,236.0705,917.4739,224.6040
945.7699,341.4437,887.7403,357.8803,851.3417,229.3744,909.3713,212.9378
906.0753,213.1302,956.8645,215.0221,951.4293,360.9409,900.6401,359.0491
2
0
0
0
0
1
855.7472,186.3626,956.6266,247.1363,855.9902,414.1846,755.1108,353.4109
843.4390,153.0895,946.2771,167.8280,907.2852,439.8943,804.4470,425.1558
872.0089,162.0713,968.1364,179.3163,919.6349,449.6747,823.5074,432.4297
877.8759,167.3629,982.1429,174.9953,961.8240,452.5726,857.5569,444.9402
994.4477,449.4316,902.5311,467.9201,861.8354,265.5984,953.7520,247.1100
997.3016,466.0789,904.5187,486.7607,859.2015,283.4580,951.9844,262.7763
1001.4397,473.5138,917.8705,496.8876,858.6161,285.0334,942.1854,261.6596
1008.7362,440.3972,934.6130,487.5934,828.6054,321.1046,902.7286,273.9084
998.9297,410.6703,886.2289,490.4042,775.8527,334.3915,888.5535,254.6576
988.8879,321.4896,944.9392,476.1666,760.4638,423.7512,804.4126,269.0741
901.0784,247.2491,976.2328,348.3817,805.8291,475.0133,730.6747,373.8806
790.3744,233.3099,926.5240,256.4774,881.9699,518.3103,745.8203,495.1428
841.0006,485.5133,736.2029,488.0767,729.5410,215.7182,834.3387,213.1548
849.0223,515.5825,770.3668,523.9604,735.9066,200.4304,814.5621,192.0526
843.1976,486.9912,767.4552,497.9821,725.5381,209.1155,801.2805,198.1246
845.0261,374.1463,689.1315,459.8536,574.1656,250.7401,730.0602,165.0328
845.9524,351.8511,683.7325,440.3835,573.7032,238.7743,735.9231,150.2419
828.1342,223.5434,803.1780,348.1681,577.3385,302.9434,602.2948,178.3187
842.5473,220.1240,839.5611,334.1592,570.5979,327.1160,573.5841,213.0808
789.3556,199.9578,812.0706,279.0078,569.6351,348.6716,546.9201,269.6217
699.6838,213.4459,735.7083,292.0341,544.4187,379.7204,508.3942,301.1322
625.8455,185.9977,740.1165,262.7482,626.0586,432.5649,511.7876,355.8144
640.2095,170.7112,732.5737,231.2375,607.9573,421.4041,515.5931,360.8777
579.4257,214.8454,702.2059,240.5500,650.2974,488.4965,527.5171,462.7920
505.3876,229.6320,680.6624,236.7691,670.4641,487.2259,495.1893,480.0889
713.3085,437.2219,623.1681,453.2531,569.5183,151.5911,659.6588,135.5599
718.3160,237.7891,649.4432,370.4662,451.6872,267.8110,520.5599,135.1339
706.9303,317.2473,557.5622,402.4024,453.2087,219.3591,602.5768,134.2040
675.0201,197.8696,628.7272,346.4078,437.0891,286.6826,483.3819,138.1444
683.3362,182.6254,670.5294,308.6363,470.2251,288.2788,483.0320,162.2680
788.0843,277.1681,819.1199,377.0849,624.0867,437.6651,593.0510,337.7482
795.8542,267.7618,814.9336,376.2691,583.1706,417.0211,564.0912,308.5138
742.2748,259.5473,804.4038,323.1343,681.8585,442.8698,619.7295,379.2828
758.7136,237.4579,810.8831,288.2216,677.7224,425.0697,625.5529,374.3059
730.1309,214.8426,804.8777,257.0815,702.4092,438.4119,627.6624,396.1729
705.3510,208.4020,795.5837,235.8691,732.8329,442.0135,642.6002,414.5464
689.0755,202.2431,773.7166,216.9605,722.5637,511.1454,637.9225,496.4280
676.6342,188.2204,771.4440,195.2712,748.5115,503.6362,653.7016,496.5854
749.1902,453.3873,647.3911,457.7651,635.3068,176.7648,737.1059,172.3870
758.0432,392.5282,676.2364,406.4920,633.5289,156.2908,715.3356,142.3269
733.0208,428.7381,658.6350,430.2568,652.7137,140.2372,727.0995,138.7185
728.9131,430.4259,660.0818,433.8741,645.5190,143.1787,714.3503,139.7305
735.8152,511.0497,570.1265,523.4420,554.6287,316.2311,720.3174,303.8389
752.4677,469.3774,580.3073,552.4974,509.5847,406.0148,681.7452,322.8949
586.1269,342.9249,734.7176,374.4073,695.9346,557.4554,547.3438,525.9730
750.7092,370.7089,725.3832,528.0994,477.1462,488.1552,502.4721,330.7646
740.4423,493.4531,558.2319,569.3999,483.8088,390.8453,666.0192,314.8984
695.6826,537.9363,582.1315,540.1695,575.6205,209.1147,689.1716,206.8815
690.0509,515.4615,589.0589,517.2248,582.8793,163.2904,683.8713,161.5271
694.4276,583.9927,576.1404,590.2136,557.6359,238.3590,675.9232,232.1381
700.6356,578.2416,574.8915,587.3023,550.3633,246.9041,676.1075,237.8433
702.4316,570.5154,576.9344,581.3186,548.1680,247.1482,673.6652,236.3451
695.8420,595.6406,575.6487,601.9564,556.4948,237.4490,676.6881,231.1332
699.8720,592.5419,582.4937,603.5002,547.2671,226.1768,664.6454,215.2185
694.9625,573.1487,588.5359,586.9978,539.4643,209.8943,645.8909,196.0452
686.9058,547.7422,593.8049,558.8008,549.7091,187.5641,642.8100,176.5055
