1
146.0000,238.0000,146.0000,207.0000,178.0000,207.0000,178.0000,238.0000
169.4000,251.2000,140.6000,236.8000,154.0000,210.0000,182.8000,224.4000
145.0000,249.0000,145.0000,219.0000,177.0000,219.0000,177.0000,249.0000
141.9301,247.4760,137.9651,217.7380,170.5197,213.3974,174.4847,243.1354
131.0000,246.0000,131.0000,216.0000,164.0000,216.0000,164.0000,246.0000
120.0000,250.0000,120.0000,219.0000,153.0000,219.0000,153.0000,250.0000
108.0000,252.0000,108.0000,220.0000,143.0000,220.0000,143.0000,252.0000
101.0000,251.0000,101.0000,218.0000,136.0000,218.0000,136.0000,251.0000
95.0000,239.0000,95.0000,208.0000,133.0000,208.0000,133.0000,239.0000
102.0000,233.0000,102.0000,199.0000,137.0000,199.0000,137.0000,233.0000
115.7195,225.4756,112.2317,194.0854,148.8902,190.0122,152.3780,221.4024
2
0
0
0
0
1
202.0000,261.0000,202.0000,226.0000,240.0000,226.0000,240.0000,261.0000
246.1568,254.3405,221.7649,250.4892,226.5324,220.2946,250.9243,224.1459
245.0000,239.0000,245.0000,197.0000,269.0000,197.0000,269.0000,239.0000
283.0000,230.0000,269.3842,218.0180,299.3192,184.0009,312.9351,195.9829
2
0
0
0
0
1
302.0000,271.0000,302.0000,235.0000,333.0000,235.0000,333.0000,271.0000
286.0000,269.0000,286.0000,235.0000,319.0000,235.0000,319.0000,269.0000
268.0000,254.0000,268.0000,223.0000,303.0000,223.0000,303.0000,254.0000
261.0000,243.0000,261.0000,211.0000,296.0000,211.0000,296.0000,243.0000
299.3243,260.0540,267.5405,254.7568,273.0540,221.6757,304.8378,226.9730
2
0
0
0
0
1
2
0
0
0
0
1
307.2647,290.5588,274.6177,270.9706,292.5294,241.1176,325.1765,260.7059
2
0
0
0
0
1
435.1154,288.4231,426.6231,257.2846,459.2000,248.4000,467.6923,279.5385
418.0000,279.0000,418.0000,243.0000,450.0000,243.0000,450.0000,279.0000
406.0000,261.0000,406.0000,226.0000,438.0000,226.0000,438.0000,261.0000
406.0000,249.0000,406.0000,216.0000,440.0000,216.0000,440.0000,249.0000
429.0000,220.0000,429.0000,187.0000,462.0000,187.0000,462.0000,220.0000
461.5579,232.3433,444.5408,221.8712,467.1674,185.1030,484.1845,195.5751
454.0000,252.0000,454.0000,216.0000,496.0000,216.0000,496.0000,252.0000
481.1000,254.3000,469.6000,219.8000,502.3000,208.9001,513.8000,243.4001
495.6738,260.9700,477.9914,232.2361,505.7210,215.1717,523.4034,243.9056
505.9543,259.6396,474.1878,257.3705,476.3807,226.6700,508.1472,228.9391
2
0
0
0
0
1
2
0
0
0
0
1
323.0000,309.0000,323.0000,276.0000,359.0000,276.0000,359.0000,309.0000
340.0000,295.0000,340.0000,259.0000,372.0000,259.0000,372.0000,295.0000
347.0000,261.0000,347.0000,229.0000,381.0000,229.0000,381.0000,261.0000
352.2830,241.4906,343.0000,209.0000,377.6038,199.1132,386.8868,231.6038
346.0000,223.0000,346.0000,190.0000,382.0000,190.0000,382.0000,223.0000
343.0000,221.0000,343.0000,189.0000,382.0000,189.0000,382.0000,221.0000
344.0000,225.0000,344.0000,193.0000,379.0000,193.0000,379.0000,225.0000
337.0000,232.0000,337.0000,198.0000,370.0000,198.0000,370.0000,232.0000
355.7345,233.9823,327.6593,232.1107,330.1416,194.8762,358.2168,196.7478
327.0170,233.1293,320.6964,185.0926,342.1927,182.2641,348.5133,230.3009
322.0000,246.0000,322.0000,204.0000,342.0000,204.0000,342.0000,246.0000
329.0000,251.0000,329.0000,213.0000,366.0000,213.0000,366.0000,251.0000
343.0000,284.0000,343.0000,251.0000,379.0000,251.0000,379.0000,284.0000
2
0
0
0
0
1
2
0
0
0
0
1
351.0000,324.0000,351.0000,285.0000,392.0000,285.0000,392.0000,324.0000
382.0770,387.3846,345.8462,363.2308,369.2308,328.1539,405.4615,352.3077
388.0000,392.0000,351.6000,373.8000,369.4000,338.2000,405.8000,356.4000
360.0000,358.0000,360.0000,305.0000,400.0000,305.0000,400.0000,358.0000
357.0000,331.0000,357.0000,291.0000,398.0000,291.0000,398.0000,331.0000
2
0
0
0
0
1
411.3931,376.2828,375.7242,373.3104,379.1863,331.7656,414.8552,334.7380
