1
268.3209,70.4675,256.5200,139.4657,157.9513,122.6074,169.7521,53.6092
234.8916,116.2642,201.9009,176.8663,116.8917,130.5889,149.8824,69.9868
205.0562,148.7923,162.5845,192.6516,92.7932,125.0685,135.2649,81.2092
182.5549,153.6229,127.0741,192.9406,73.8795,117.8784,129.3603,78.5607
156.5107,168.8047,103.4357,198.8720,54.8734,113.1495,107.9484,83.0822
146.2026,183.4278,92.1512,209.4748,51.3441,124.7943,105.3955,98.7473
143.2741,201.3931,92.8683,222.6351,55.9754,135.0914,106.3812,113.8493
172.2307,192.6109,111.9779,236.0694,52.4191,153.4944,112.6719,110.0359
207.8102,175.7230,172.0113,240.1082,80.3408,189.1383,116.1397,124.7531
218.8419,139.5830,219.4879,211.2408,132.2987,212.0268,131.6528,140.3690
195.3765,102.3724,264.3405,129.2044,231.7070,213.0797,162.7430,186.2476
296.5365,200.2764,222.3609,211.3660,208.7577,120.3772,282.9333,109.2876
319.2467,212.9893,244.2469,213.1521,244.0428,119.1523,319.0426,118.9895
305.7990,107.5316,367.5704,158.3675,306.0436,233.1297,244.2721,182.2938
372.8847,119.1878,392.0467,191.6986,293.4320,217.7589,274.2700,145.2481
413.4668,164.9436,371.0673,232.7264,284.5917,178.6342,326.9911,110.8514
420.4732,173.0174,364.5376,242.6752,277.6743,172.9236,333.6099,103.2658
403.5933,223.2195,323.0571,241.6685,298.0482,132.4964,378.5844,114.0474
354.2943,119.2822,427.2228,143.9891,395.1358,238.7015,322.2073,213.9945
411.3290,128.7519,461.4390,176.1859,395.4439,245.9042,345.3339,198.4702
445.3692,147.3102,472.7672,204.0408,388.1216,244.9203,360.7237,188.1897
445.9785,160.0918,474.7911,213.9882,392.7751,257.8333,363.9626,203.9368
443.2592,166.8743,471.9707,218.2487,395.1532,261.1796,366.4416,209.8052
433.6866,159.2276,471.9364,196.1061,407.5496,262.8869,369.2999,226.0084
412.1105,141.6745,463.8753,175.3099,412.4628,254.4336,360.6980,220.7982
368.3586,125.4630,429.9832,138.5551,410.2648,231.3698,348.6402,218.2776
404.9276,206.0227,340.3568,219.6832,321.9358,132.6104,386.5066,118.9499
373.8681,184.2921,314.1646,209.3741,282.4044,133.7746,342.1079,108.6925
374.3288,184.9313,318.6237,225.9003,260.5608,146.9528,316.2659,105.9838
297.1898,108.1476,360.2445,143.2135,317.4748,220.1209,254.4201,185.0550
344.2134,152.7153,339.6364,210.5344,259.8859,204.2212,264.4629,146.4021
312.9677,141.6139,323.7527,196.5655,239.3627,213.1282,228.5777,158.1765
284.7094,138.0950,307.9168,183.5089,236.1352,220.1907,212.9279,174.7768
260.5505,131.5374,292.9974,169.5796,234.7075,219.2961,202.2607,181.2540
235.7917,125.2984,276.1421,156.1805,229.6649,216.9075,189.3145,186.0255
206.8295,126.5647,253.8567,148.1254,223.8807,213.5079,176.8535,191.9472
180.3981,132.6271,235.1001,137.6791,228.3869,210.3698,173.6848,205.3178
175.7002,131.8238,229.7007,134.2643,226.4049,207.1898,172.4044,204.7493
181.3981,125.4548,232.1867,131.1259,223.7530,206.6565,172.9644,200.9854
185.9574,116.0788,241.3354,125.1049,228.1442,206.0370,172.7662,197.0108
248.4069,130.8790,242.0044,190.7497,172.4013,183.3064,178.8038,123.4358
216.9656,208.6929,176.7500,215.8291,165.0439,149.8597,205.2595,142.7235
215.8678,215.7539,175.0401,219.5085,169.2709,156.7732,210.0986,153.0186
2
0
0
0
0
1
345.8643,137.5643,371.6713,168.3852,331.8020,201.7685,305.9951,170.9475
342.1804,138.3138,368.5345,169.6460,330.2703,201.8307,303.9162,170.4984
351.9607,134.5797,374.6237,154.7490,340.7183,192.8466,318.0553,172.6773
358.6149,137.9592,374.5340,145.3413,351.3960,195.2375,335.4769,187.8554
355.2599,151.1638,380.3055,164.9650,355.4882,210.0020,330.4426,196.2009
355.6294,157.0484,370.3001,162.5386,351.7243,212.1767,337.0536,206.6865
361.5863,153.4062,379.1887,160.5325,359.2997,209.6592,341.6974,202.5329
359.4908,156.8679,379.2889,164.3680,361.5759,211.1254,341.7777,203.6252
359.9211,157.0944,381.8600,169.3362,358.9584,210.3790,337.0195,198.1373
368.9470,160.3291,381.4460,170.3895,351.3492,207.7817,338.8502,197.7214
360.9328,150.1922,382.5525,169.5207,351.8935,203.8139,330.2738,184.4854
357.6106,151.9847,377.7040,168.4248,350.4748,201.7050,330.3814,185.2649
353.3047,149.7173,372.8535,159.8092,351.7522,200.6839,332.2034,190.5920
347.7303,151.9384,371.3962,162.4520,351.9727,206.1737,328.3068,195.6601
329.5950,151.6368,357.0965,160.8382,341.8666,206.3579,314.3651,197.1565
317.5314,154.9033,352.7678,162.2788,342.9338,209.2606,307.6974,201.8852
316.7738,158.1820,351.1772,164.6167,342.5363,210.8156,308.1329,204.3809
317.0439,158.1544,351.3988,164.8432,342.2256,211.9585,307.8706,205.2697
344.0448,157.3167,361.6348,164.1671,343.2779,211.3027,325.6880,204.4523
353.0857,163.9377,369.5183,172.1441,346.2856,218.6655,329.8529,210.4591
353.5595,174.0497,365.9260,180.9266,342.1119,223.7505,329.7454,216.8736
346.7622,164.9287,366.0030,174.4556,344.2604,218.3676,325.0196,208.8407
324.9175,159.7994,349.8522,165.7013,338.5662,213.3838,313.6315,207.4820
310.3403,156.7742,347.0330,161.5336,340.8587,209.1348,304.1661,204.3755
306.9489,161.2963,343.9214,162.7222,342.0717,210.6865,305.0992,209.2607
318.5263,158.1230,349.2374,162.3450,342.5639,210.8885,311.8527,206.6664
351.1117,161.9496,366.3157,167.3590,348.2148,218.2349,333.0108,212.8255
353.1623,169.6356,365.2111,175.3891,343.7250,220.3848,331.6761,214.6312
342.6940,165.0429,362.1227,174.1406,339.9134,221.5703,320.4846,212.4726
323.1833,171.6628,342.0504,175.5103,331.8601,225.4819,312.9929,221.6344
307.6242,169.1097,330.6692,174.1262,319.8214,223.9592,296.7765,218.9427
288.3636,167.9416,314.7947,176.6660,299.4358,223.1967,273.0046,214.4722
2
0
0
0
0
1
330.2638,159.6140,326.4446,198.0663,269.7237,192.4326,273.5429,153.9803
345.1037,209.6451,302.1507,211.6539,299.6747,158.7118,342.6278,156.7030
334.9179,157.8393,368.2903,181.6571,338.0823,223.9830,304.7100,200.1652
339.8092,159.9539,376.1920,176.5760,354.1676,224.7832,317.7848,208.1610
391.6569,193.2946,359.7652,219.0613,327.9082,179.6317,359.7998,153.8650
384.8861,152.8657,396.2133,188.6671,347.7927,203.9869,336.4655,168.1855
375.5332,147.5064,399.7202,173.4274,361.7272,208.8789,337.5401,182.9578
377.5225,156.6179,399.6239,183.6335,361.2407,215.0347,339.1393,188.0192
374.0482,165.4383,402.0249,166.5822,399.8734,219.1998,371.8968,218.0559
421.3666,218.3618,399.4460,224.9294,385.9568,179.9068,407.8774,173.3392
416.1101,174.5852,428.9271,205.8583,392.2874,220.8747,379.4704,189.6017
426.2127,177.2631,438.3114,206.1712,400.0393,222.1890,387.9406,193.2809
434.6241,237.5629,394.6506,239.0181,392.6133,183.0552,432.5869,181.6000
372.0194,177.3072,420.4971,180.8679,416.4837,235.5098,368.0060,231.9491
360.4059,177.4642,401.6448,180.7993,397.0500,237.6138,355.8112,234.2787
353.0729,182.7531,381.9283,185.5414,375.8690,248.2493,347.0136,245.4611
2
0
0
0
0
1
212.3720,264.0161,165.4132,265.9843,162.3563,193.0483,209.3151,191.0802
216.8083,270.4200,163.8426,272.3275,161.1794,198.3754,214.1451,196.4680
230.3773,270.9943,172.6621,276.7348,165.4765,204.4907,223.1917,198.7502
235.7982,279.9526,191.9035,282.6930,187.1679,206.8407,231.0626,204.1003
275.7440,283.9248,219.8880,287.9385,214.5126,213.1314,270.3685,209.1177
244.3302,215.2032,291.3011,216.8585,288.5892,293.8107,241.6184,292.1555
322.8684,289.0086,279.2019,292.6449,272.8119,215.9105,316.4783,212.2742
366.3283,280.3328,307.8942,295.2191,288.6384,219.6333,347.0726,204.7470
396.5724,240.6435,355.5161,288.9092,301.3454,242.8300,342.4016,194.5643
396.9954,241.8216,357.1909,290.5216,298.2885,242.3781,338.0930,193.6781
370.9707,284.0621,335.8172,291.1260,319.0717,207.7918,354.2252,200.7279
351.1942,282.5483,299.2863,285.3632,295.3334,212.4703,347.2412,209.6554
360.9697,288.7807,315.3489,289.1897,314.6585,212.1928,360.2794,211.7838
364.6626,184.0687,401.0462,197.5394,371.5335,277.2514,335.1499,263.7807
2
0
0
0
0
1
390.1929,206.0222,364.1976,298.1632,258.2884,268.2835,284.2837,176.1425
298.7279,177.2245,382.5070,217.3692,335.8006,314.8422,252.0215,274.6974
323.7886,164.4496,393.8012,234.6480,318.8586,309.3922,248.8460,239.1938
360.5016,175.5511,394.0282,259.2113,294.7068,299.0142,261.1802,215.3539
363.0111,165.5801,404.1556,252.1956,307.5058,298.1066,266.3614,211.4911
402.8853,180.0590,396.2635,278.1356,280.2598,270.3033,286.8816,172.2267
405.0630,182.6401,400.0599,277.9184,288.2140,272.0452,293.2171,176.7670
411.3368,188.2012,396.7937,279.8882,282.7155,261.7935,297.2586,170.1066
403.6554,186.8839,389.1143,279.5202,278.8843,262.2174,293.4254,169.5811
391.6834,178.4377,387.7762,269.2685,282.8732,264.7560,286.7805,173.9252
396.7740,183.7101,376.3248,271.6141,276.5240,248.3974,296.9731,160.4933
387.3272,261.1620,300.2252,286.8283,267.1548,174.5993,354.2567,148.9330
371.3490,253.1139,283.0503,267.4678,266.0422,162.8412,354.3409,148.4874
359.8448,155.7262,362.1737,235.5039,272.2120,238.1300,269.8831,158.3523
358.0531,154.9934,353.8938,237.8591,240.0372,232.1443,244.1964,149.2786
253.2322,143.2132,346.4489,155.5920,333.9895,249.4152,240.7728,237.0364
337.0343,146.6032,342.9720,230.5898,249.2060,237.2188,243.2684,153.2322
307.4912,122.7633,359.0350,195.1367,280.0247,251.4073,228.4809,179.0339
317.4918,125.4232,343.2006,203.1454,245.7068,235.3943,219.9979,157.6721
316.5848,135.7108,320.9540,213.3910,230.1266,218.4997,225.7574,140.8195
361.0379,243.9357,291.9478,255.1854,272.8512,137.9041,341.9413,126.6544
357.4909,237.8903,288.3405,250.7676,269.3008,148.5253,338.4512,135.6480
347.2888,238.0791,279.8506,250.2436,262.6317,154.7841,330.0698,142.6196
363.3609,215.2924,293.3193,256.6366,246.5532,177.4095,316.5948,136.0654
357.2766,237.6928,290.9629,244.9050,280.7996,151.4560,347.1133,144.2439
367.3059,189.4951,313.8105,253.0416,231.2829,183.5672,284.7783,120.0207
423.0872,141.9020,406.1223,231.2426,307.1003,212.4393,324.0652,123.0987
326.6815,130.0641,399.4225,136.2081,390.3327,243.8249,317.5917,237.6808
473.0385,188.4608,414.6473,252.9547,341.8706,187.0645,400.2617,122.5706
444.8735,140.1873,433.7175,212.1792,355.6493,200.0815,366.8053,128.0896
449.9332,125.5176,466.8228,190.0835,373.6524,214.4556,356.7628,149.8897
471.8013,140.0313,474.3235,206.4259,374.3956,210.2219,371.8734,143.8273
453.9009,145.3121,471.1154,203.9803,386.6753,228.7568,369.4608,170.0886
454.6046,175.7012,461.7715,231.2407,373.5034,242.6309,366.3365,187.0914
456.7178,168.9670,460.7278,230.3016,364.9324,236.5647,360.9223,175.2301
469.2153,176.1663,463.8502,234.9219,362.2728,225.6467,367.6379,166.8911
452.2702,170.8924,443.8338,233.6601,353.6448,221.5380,362.0812,158.7703
453.5248,172.6060,444.0138,233.8886,348.1613,219.0124,357.6723,157.7299
458.2915,153.5985,462.2897,227.5838,355.0553,233.3787,351.0572,159.3934
466.4732,163.9921,458.9916,238.1911,355.1099,227.7166,362.5914,153.5176
452.7931,156.5710,454.8320,230.4343,357.8689,233.1107,355.8300,159.2474
447.9106,146.7202,450.5401,225.5401,351.5952,228.8409,348.9657,150.0211
469.7514,158.5339,454.6313,241.1129,345.4464,221.1213,360.5665,138.5423
451.2209,142.3575,477.3281,226.1951,381.9764,255.8877,355.8693,172.0501
481.3972,237.2428,397.2074,258.0908,375.0687,168.6886,459.2586,147.8407
