1
731.8622,321.2739,695.6426,318.1693,702.4497,238.7528,738.6693,241.8574
696.0000,318.0000,696.0000,237.0000,733.0000,237.0000,733.0000,318.0000
695.0000,314.0000,695.0000,234.0000,729.0000,234.0000,729.0000,314.0000
722.2607,317.7408,687.3243,314.9459,693.8108,233.8649,728.7472,236.6598
718.2971,315.3723,684.7110,312.8533,690.7054,232.9279,724.2914,235.4469
685.0000,313.0000,685.0000,231.0000,720.0000,231.0000,720.0000,313.0000
684.0000,309.0000,684.0000,230.0000,716.0000,230.0000,716.0000,309.0000
683.0000,307.0000,683.0000,230.0000,715.0000,230.0000,715.0000,307.0000
708.9810,308.5351,679.5542,307.4841,682.2319,232.5083,711.6587,233.5593
705.8505,310.9925,677.8206,309.5910,681.6310,233.3816,709.6609,234.7831
679.0000,316.0000,679.0000,238.0000,707.0000,238.0000,707.0000,316.0000
701.5570,316.8468,672.5914,315.8479,675.2542,238.6294,704.2197,239.6283
672.0000,314.0000,672.0000,241.0000,699.0000,241.0000,699.0000,314.0000
664.0000,312.0000,664.0000,242.0000,693.0000,242.0000,693.0000,312.0000
684.0931,309.5805,657.6706,308.5642,660.3309,239.3973,686.7534,240.4135
683.7125,310.3531,657.7048,309.6307,659.6192,240.7117,685.6269,241.4341
652.0000,311.0000,652.0000,240.0000,678.0000,240.0000,678.0000,311.0000
653.8412,313.5072,650.6970,244.3320,673.2413,243.3072,676.3856,312.4825
643.0000,313.0000,643.0000,244.0000,669.0000,244.0000,669.0000,313.0000
664.4017,312.8728,641.3651,311.4767,645.5004,243.2425,668.5370,244.6386
642.0000,315.0000,642.0000,243.0000,666.0000,243.0000,666.0000,315.0000
660.4424,312.6588,634.9619,310.8810,639.7427,242.3541,665.2233,244.1318
652.6276,311.3008,627.0869,308.5837,634.2086,241.6392,659.7493,244.3563
650.6442,311.5176,624.3764,308.3142,632.8582,238.7632,659.1260,241.9666
646.6338,311.5834,620.6106,308.1593,629.6610,239.3765,655.6842,242.8005
646.0208,308.7517,619.7035,306.5586,625.3311,239.0276,651.6483,241.2207
643.2640,308.3046,616.6143,306.4010,621.3605,239.9543,648.0103,241.8579
639.2604,312.2249,613.4521,310.4449,618.4297,238.2710,644.2379,240.0509
637.0521,307.2450,609.8024,305.3657,614.3894,238.8545,641.6392,240.7337
631.6432,306.8474,603.6103,305.5732,606.5794,240.2536,634.6124,241.5279
627.3856,305.6825,599.1980,302.9546,605.3309,239.5804,633.5186,242.3083
623.9939,307.0446,595.0325,303.0954,603.7648,239.0589,632.7262,243.0081
597.0000,310.0000,597.0000,239.0000,625.0000,239.0000,625.0000,310.0000
621.3154,307.4298,593.6135,306.2756,596.3101,241.5546,624.0120,242.7089
620.4106,310.2713,590.9574,309.3212,593.1788,240.4574,622.6321,241.4075
589.0000,311.0000,589.0000,243.0000,617.0000,243.0000,617.0000,311.0000
610.4025,311.3781,581.5366,308.1707,589.1586,239.5732,618.0244,242.7805
606.4257,310.7426,580.9802,308.1981,587.7326,240.6733,613.1782,243.2178
580.9999,309.0000,580.9999,242.0000,606.9999,242.0000,606.9999,309.0000
579.0000,310.0000,579.0000,241.0000,603.0000,241.0000,603.0000,310.0000
572.0000,309.0000,572.0000,236.0000,597.0000,236.0000,597.0000,309.0000
569.0000,307.0000,569.0000,235.0000,595.0000,235.0000,595.0000,307.0000
567.0000,307.0000,567.0000,243.0000,593.0000,243.0000,593.0000,307.0000
564.9999,310.0000,564.9999,236.0000,590.9999,236.0000,590.9999,310.0000
583.9589,309.2320,559.8523,308.4284,562.2474,236.5749,586.3540,237.3784
559.0000,309.0000,559.0000,238.0000,585.0000,238.0000,585.0000,309.0000
553.2131,309.9329,550.5651,242.4092,575.7812,241.4203,578.4291,308.9440
552.4905,312.1375,549.1246,242.5746,574.7259,241.3358,578.0919,310.8988
550.6060,312.1197,546.9302,238.6035,571.6683,237.3666,575.3441,310.8828
546.4507,310.1884,543.3508,243.5418,570.0837,242.2984,573.1836,308.9449
544.0000,309.0000,544.0000,240.0000,570.0000,240.0000,570.0000,309.0000
544.0000,311.0000,544.0000,237.0000,569.0000,237.0000,569.0000,311.0000
567.7813,310.0605,542.0327,309.5007,543.6794,233.7539,569.4280,234.3137
540.0000,307.0000,540.0000,235.0000,568.0000,235.0000,568.0000,307.0000
538.9999,307.0000,538.9999,233.0000,566.9999,233.0000,566.9999,307.0000
565.4415,308.2222,537.8817,307.4969,539.8540,232.5488,567.4138,233.2740
564.3042,308.3515,538.8678,307.6248,540.8711,237.5106,566.3075,238.2373
561.9924,307.1736,536.3452,306.0585,539.2999,238.1000,564.9471,239.2151
537.0000,310.0000,537.0000,241.0000,564.0000,241.0000,564.0000,310.0000
560.5280,312.7312,535.2775,311.3664,539.1071,240.5193,564.3575,241.8842
560.9420,316.0493,534.5748,313.9115,540.6553,238.9180,567.0225,241.0559
563.5312,314.4706,537.4642,313.6807,539.8312,235.5706,565.8982,236.3605
561.3456,315.9893,535.2285,314.1881,540.9633,231.0320,567.0805,232.8332
561.7488,308.3055,536.0947,307.7355,537.7374,233.8164,563.3915,234.3865
559.4521,308.2055,532.5397,305.3726,540.4356,230.3616,567.3480,233.1945
561.4591,308.1667,534.6683,306.1448,540.3944,230.2750,567.1852,232.2970
563.5359,308.6755,538.1490,307.5717,541.5018,230.4566,566.8887,231.5604
540.0000,309.0000,540.0000,229.0000,565.0000,229.0000,565.0000,309.0000
565.6357,307.3919,537.8494,306.7744,539.5849,228.6796,567.3712,229.2971
554.1287,307.7129,528.9802,305.1980,536.2772,232.2278,561.4257,234.7426
552.1485,309.5149,527.1981,307.0198,534.5545,233.4555,559.5049,235.9505
551.3994,309.3592,526.3824,307.3170,532.4030,233.5636,557.4200,235.6057
550.9396,308.1125,523.9902,307.3426,525.9559,238.5416,552.9053,239.3116
526.0000,301.0000,526.0000,239.0000,551.0000,239.0000,551.0000,301.0000
552.9988,304.0600,525.3499,303.5070,526.6686,237.5734,554.3176,238.1264
528.0000,304.0000,528.0000,238.0000,555.0000,238.0000,555.0000,304.0000
531.9918,307.9098,525.8770,240.6475,553.4672,238.1393,559.5820,305.4016
555.9586,305.1168,532.3010,304.6530,533.5958,238.6195,557.2534,239.0834
553.0455,303.1511,531.9742,301.2918,537.9099,234.0215,558.9812,235.8807
555.4879,299.3903,533.8687,297.5103,539.2684,235.4146,560.8875,237.2946
537.0000,302.0000,537.0000,235.0000,560.0000,235.0000,560.0000,302.0000
562.2019,302.1449,540.4691,301.3955,542.8041,233.6829,564.5369,234.4323
560.8876,300.1797,538.8967,298.0854,544.9551,234.4719,566.9461,236.5663
544.0000,299.0000,544.0000,235.0000,567.0000,235.0000,567.0000,299.0000
546.0000,300.0000,546.0000,236.0000,569.0000,236.0000,569.0000,300.0000
569.7535,303.3425,547.6302,301.0137,554.6494,234.3315,576.7726,236.6603
551.0000,298.0000,551.0000,235.0000,574.0000,235.0000,574.0000,298.0000
578.4509,301.3732,555.5159,300.5541,557.8318,235.7083,580.7668,236.5274
579.2944,302.2303,555.5566,301.1982,558.4075,235.6264,582.1453,236.6585
582.3245,299.5359,556.6773,298.4207,559.3320,237.3623,584.9792,238.4774
585.4968,299.5799,558.8594,298.5144,561.2253,239.3690,587.8626,240.4345
585.5743,301.2574,560.9208,298.7921,567.1386,236.6139,591.7921,239.0792
589.7157,300.9797,565.8375,299.2741,570.3300,236.3807,594.2081,238.0863
572.0396,302.2245,569.9440,237.2599,592.5656,236.5302,594.6611,301.4948
574.0000,300.0000,574.0000,238.0000,596.0000,238.0000,596.0000,300.0000
594.8461,301.7692,573.3016,300.5723,576.8770,236.2154,598.4216,237.4123
577.0000,299.0000,577.0000,240.0000,600.0000,240.0000,600.0000,299.0000
597.7529,301.6118,573.0824,296.1294,586.6588,235.0353,611.3293,240.5176
604.6295,295.1878,579.1878,293.3706,583.2894,235.9492,608.7310,237.7665
600.6154,290.9231,578.1154,286.4231,588.6154,233.9231,611.1154,238.4231
605.7021,291.2682,581.6132,286.9666,590.8097,235.4660,614.8987,239.7676
610.2178,290.8218,584.7723,288.2772,589.9505,236.4951,615.3961,239.0396
612.6367,291.4476,588.0961,290.5038,590.1005,238.3885,614.6411,239.3324
613.4769,289.4154,587.8338,287.9908,590.6092,238.0339,616.2523,239.4585
591.8585,290.7453,589.6793,240.6227,615.3699,239.5057,617.5491,289.6283
593.0000,289.0000,593.0000,241.0000,617.0000,241.0000,617.0000,289.0000
594.9000,290.7000,592.8113,242.6604,617.5472,241.5849,619.6358,289.6245
615.5745,290.8362,593.2274,287.4841,600.1223,241.5183,622.4694,244.8704
618.1235,290.3941,595.2588,288.6353,598.9235,240.9941,621.7882,242.7529
601.0000,291.0000,601.0000,243.0000,624.0000,243.0000,624.0000,291.0000
603.1035,289.2414,599.0276,240.3310,621.8691,238.4276,625.9449,287.3379
603.0000,287.0000,603.0000,237.0000,624.0000,237.0000,624.0000,287.0000
603.0000,289.0000,603.0000,237.0000,624.0000,237.0000,624.0000,289.0000
601.0000,288.0000,601.0000,237.0000,624.0000,237.0000,624.0000,288.0000
602.0000,289.0000,602.0000,234.0000,623.0000,234.0000,623.0000,289.0000
599.0000,287.0000,599.0000,233.0000,622.0000,233.0000,622.0000,287.0000
594.3761,287.4128,592.6146,229.2844,615.2908,228.5973,617.0522,286.7257
587.9157,286.5546,585.9406,229.2779,607.7767,228.5249,609.7518,285.8016
583.1851,283.4804,581.6337,229.1819,603.9583,228.5441,605.5097,282.8426
569.0000,281.0000,569.0000,226.0000,596.0000,226.0000,596.0000,281.0000
568.4127,283.7467,563.4634,226.8293,588.2758,224.6717,593.2251,281.5891
555.0000,284.0000,555.0000,226.0000,579.0000,226.0000,579.0000,284.0000
552.8717,283.9455,549.2335,225.7354,572.9534,224.2529,576.5916,282.4630
543.7693,283.1539,536.7539,227.0308,563.4615,223.6924,570.4769,279.8154
535.0000,280.0000,535.0000,227.0000,559.0000,227.0000,559.0000,280.0000
526.5820,281.4016,522.0247,231.2705,548.3525,228.8770,552.9099,279.0082
520.0000,279.0000,520.0000,228.0000,545.0000,228.0000,545.0000,279.0000
516.0000,277.0000,516.0000,230.0000,537.0000,230.0000,537.0000,277.0000
504.4001,276.8000,501.2237,230.7432,524.4580,229.1408,527.6344,275.1976
491.0000,277.0000,491.0000,230.0000,516.0000,230.0000,516.0000,277.0000
482.0000,278.0000,482.0000,232.0000,505.0000,232.0000,505.0000,278.0000
471.0000,281.0000,471.0000,231.0000,492.0000,231.0000,492.0000,281.0000
479.6343,284.8521,456.2257,283.3891,459.0506,238.1907,482.4592,239.6537
450.0000,287.0000,450.0000,240.0000,471.0000,240.0000,471.0000,287.0000
461.9368,288.8178,435.3885,285.3550,441.3885,239.3550,467.9368,242.8178
427.2315,287.2507,425.4931,240.3151,448.2767,239.4713,450.0150,286.4069
414.0000,288.0000,414.0000,240.0000,436.0000,240.0000,436.0000,288.0000
401.0000,287.0000,401.0000,241.0000,423.0000,241.0000,423.0000,287.0000
387.0000,289.0000,387.0000,245.0000,409.0000,245.0000,409.0000,289.0000
372.8000,289.4000,366.8923,242.1385,385.6000,239.8000,391.5077,287.0616
359.9877,290.7785,357.4092,244.3662,377.0154,243.2769,379.5939,289.6892
334.0000,288.0000,334.0000,245.0000,353.0000,245.0000,353.0000,288.0000
315.0000,288.0000,315.0000,245.0000,335.0000,245.0000,335.0000,288.0000
296.9672,292.6394,292.7213,245.9345,313.2787,244.0656,317.5246,290.7705
272.5136,291.7851,270.4502,248.4548,291.5927,247.4480,293.6561,290.7783
256.0000,295.0000,256.0000,251.0000,274.0000,251.0000,274.0000,295.0000
237.0000,292.0000,237.0000,252.0000,256.0000,252.0000,256.0000,292.0000
219.2414,293.8966,215.8069,252.6828,236.9931,250.9173,240.4276,292.1311
199.0000,293.0000,199.0000,254.0000,219.0000,254.0000,219.0000,293.0000
181.0000,294.0000,181.0000,253.0000,200.0000,253.0000,200.0000,294.0000
162.0000,296.0000,162.0000,256.0000,182.0000,256.0000,182.0000,296.0000
153.0000,293.0000,153.0000,256.0000,175.0000,256.0000,175.0000,293.0000
142.0000,301.0000,142.0000,260.0000,161.0000,260.0000,161.0000,301.0000
126.8566,295.7019,125.1849,257.2528,144.7132,256.4038,146.3849,294.8528
110.0000,298.0000,110.0000,258.0000,131.0000,258.0000,131.0000,298.0000
100.0000,301.0000,100.0000,260.0000,121.0000,260.0000,121.0000,301.0000
98.0000,302.0000,98.0000,260.0000,115.0000,260.0000,115.0000,302.0000
88.0000,301.0000,88.0000,263.0000,111.0000,263.0000,111.0000,301.0000
89.0000,304.0000,89.0000,262.0000,109.0000,262.0000,109.0000,304.0000
105.1947,305.0797,83.2257,303.6151,85.9248,263.1284,107.8938,264.5930
86.0000,301.0000,86.0000,260.0000,107.0000,260.0000,107.0000,301.0000
105.5528,303.2849,85.0698,302.3943,87.1094,255.4830,107.5925,256.3736
88.3604,305.0457,85.0660,258.9239,104.7513,257.5178,108.0457,303.6396
108.6301,305.0137,85.7260,302.6027,90.1205,260.8548,113.0247,263.2657
92.0000,305.0000,92.0000,268.0000,116.0000,268.0000,116.0000,305.0000
119.8924,305.4736,94.1585,304.3547,95.8057,266.4698,121.5396,267.5887
95.0000,306.0000,95.0000,272.0000,123.0000,272.0000,123.0000,306.0000
99.2529,308.0467,96.9922,271.8755,123.5759,270.2140,125.8366,306.3852
119.5897,308.9758,92.9759,307.4103,95.1724,270.0690,121.7862,271.6345
95.0000,308.0000,95.0000,271.0000,121.0000,271.0000,121.0000,308.0000
96.0000,310.0000,96.0000,271.0000,121.0000,271.0000,121.0000,310.0000
97.0000,309.0000,97.0000,270.0000,122.0000,270.0000,122.0000,309.0000
100.0000,310.0000,100.0000,270.0000,122.0000,270.0000,122.0000,310.0000
121.5405,314.7568,96.4054,310.5676,103.2973,269.2162,128.4324,273.4054
129.5773,313.0304,104.6464,311.7182,106.7155,272.4061,131.6464,273.7182
111.0000,317.0000,111.0000,275.0000,136.0000,275.0000,136.0000,317.0000
138.4916,321.3470,113.9381,319.2120,118.0469,271.9606,142.6004,274.0956
121.0000,319.0000,121.0000,273.0000,148.0000,273.0000,148.0000,319.0000
156.2157,321.7349,127.7596,319.0248,132.4562,269.7101,160.9124,272.4202
143.0000,319.0000,143.0000,270.0000,168.0000,270.0000,168.0000,319.0000
152.0000,318.0000,152.0000,269.0000,178.0000,269.0000,178.0000,318.0000
163.0000,312.0000,163.0000,270.0000,189.0000,270.0000,189.0000,312.0000
196.5779,316.3546,169.9531,314.0394,174.1257,266.0544,200.7505,268.3696
208.4756,316.6337,181.9764,315.6145,183.8612,266.6100,210.3604,267.6293
215.3564,313.4356,190.9010,310.9901,195.4456,265.5445,219.9010,267.9901
200.0000,305.0000,200.0000,267.0000,226.0000,267.0000,226.0000,305.0000
207.0000,307.0000,207.0000,266.0000,235.0000,266.0000,235.0000,307.0000
215.0000,318.0000,215.0000,269.0000,241.0000,269.0000,241.0000,318.0000
243.9862,317.8605,214.2495,311.1022,224.5933,265.5894,254.3300,272.3478
254.3033,318.6639,228.2459,316.2951,232.6803,267.5164,258.7377,269.8853
257.7354,321.0699,230.9800,315.4958,241.0632,267.0965,267.8186,272.6705
267.5096,318.7504,240.5495,317.7135,242.3722,270.3221,269.3323,271.3590
251.0000,314.0000,251.0000,263.0000,277.0000,263.0000,277.0000,314.0000
278.7208,318.9086,255.4112,317.2437,259.4061,261.3147,282.7157,262.9797
263.0000,313.0000,263.0000,261.0000,287.0000,261.0000,287.0000,313.0000
269.0000,312.0000,269.0000,262.0000,292.0000,262.0000,292.0000,312.0000
297.8481,308.8867,272.3922,307.5470,275.1436,255.2707,300.5995,256.6105
285.0000,308.0000,285.0000,258.0000,308.0000,258.0000,308.0000,308.0000
289.0000,305.0000,289.0000,256.0000,314.0000,256.0000,314.0000,305.0000
301.0000,308.0000,301.0000,260.0000,323.0000,260.0000,323.0000,308.0000
311.0000,308.0000,311.0000,262.0000,332.0000,262.0000,332.0000,308.0000
336.3696,308.0856,314.3930,306.7121,317.2413,261.1401,339.2179,262.5136
345.7475,311.1147,323.7569,309.3317,327.7431,260.1684,349.7337,261.9514
334.0000,312.0000,334.0000,261.0000,354.0000,261.0000,354.0000,312.0000
342.0000,313.0000,342.0000,256.0000,362.0000,256.0000,362.0000,313.0000
349.0000,313.0000,349.0000,258.0000,369.0000,258.0000,369.0000,313.0000
356.0000,311.0000,356.0000,259.0000,377.0000,259.0000,377.0000,311.0000
365.1784,312.2842,362.8873,257.2964,383.6845,256.4298,385.9757,311.4176
372.2534,309.3213,369.8258,258.3417,393.3914,257.2195,395.8190,308.1991
378.2838,310.2316,376.4252,256.3302,399.7079,255.5273,401.5665,309.4287
385.0000,309.0000,385.0000,259.0000,408.0000,259.0000,408.0000,309.0000
394.0000,311.0000,394.0000,257.0000,417.0000,257.0000,417.0000,311.0000
400.8649,310.1892,392.9730,262.8378,418.2703,258.6216,426.1622,305.9730
402.0000,309.0000,402.0000,260.0000,427.0000,260.0000,427.0000,309.0000
412.0000,311.0000,412.0000,261.0000,437.0000,261.0000,437.0000,311.0000
420.0000,312.0000,420.0000,261.0000,444.0000,261.0000,444.0000,312.0000
431.0000,311.0000,431.0000,259.0000,455.0000,259.0000,455.0000,311.0000
436.0000,310.0000,436.0000,259.0000,462.0000,259.0000,462.0000,310.0000
467.4102,311.5146,441.4790,310.5885,443.4446,255.5516,469.3758,256.4777
473.6587,312.7921,445.8578,307.4967,455.8885,254.8359,483.6893,260.1313
457.0000,312.0000,457.0000,254.0000,482.0000,254.0000,482.0000,312.0000
464.0000,310.0000,464.0000,257.0000,489.0000,257.0000,489.0000,310.0000
471.0000,313.0000,471.0000,259.0000,496.0000,259.0000,496.0000,313.0000
472.0000,313.0000,472.0000,256.0000,498.0000,256.0000,498.0000,313.0000
473.7512,318.2928,471.8939,253.2887,496.5881,252.5832,498.4453,317.5873
502.8049,315.7561,476.2439,312.8049,483.2439,249.8049,509.8049,252.7561
506.1052,318.6866,482.2907,317.6041,485.3484,250.3340,509.1629,251.4165
486.0000,317.0000,486.0000,250.0000,511.0000,250.0000,511.0000,317.0000
492.0000,316.0000,492.0000,251.0000,515.0000,251.0000,515.0000,316.0000
514.5449,315.4621,489.2207,313.3517,494.8552,245.7380,520.1794,247.8483
516.5046,314.9169,492.0800,313.5600,495.9323,244.2184,520.3569,245.5754
513.0792,320.2079,488.5247,317.7525,496.1683,241.3168,520.7228,243.7722
515.8369,317.9354,491.1354,316.5631,495.3262,241.1292,520.0277,242.5016
513.7723,319.2772,489.0198,316.8019,496.5347,241.6534,521.2871,244.1287
492.0000,314.0000,492.0000,244.0000,519.0000,244.0000,519.0000,314.0000
517.8119,320.8812,488.4059,317.9406,495.9406,242.5940,525.3466,245.5346
493.0000,318.0000,493.0000,245.0000,522.0000,245.0000,522.0000,318.0000
496.0000,323.0000,496.0000,243.0000,524.0000,243.0000,524.0000,323.0000
496.0000,320.0000,496.0000,246.0000,525.0000,246.0000,525.0000,320.0000
495.0000,322.0000,495.0000,244.0000,526.0000,244.0000,526.0000,322.0000
519.2100,319.0110,487.8232,317.3591,491.5829,245.9254,522.9696,247.5773
514.4381,319.4292,476.0753,316.8717,480.7611,246.5841,519.1240,249.1416
499.9454,319.4642,461.7099,314.9659,470.2491,242.3823,508.4846,246.8806
481.2928,314.3943,445.9517,307.0316,459.6622,241.2213,495.0033,248.5840
460.4320,313.7633,425.7101,299.2959,450.7988,239.0829,485.5207,253.5503
449.7175,311.9533,413.3203,301.1690,431.9836,238.1803,468.3808,248.9647
438.2621,307.8552,402.8414,304.9035,408.1724,240.9311,443.5931,243.8828
425.3690,304.7747,390.0255,303.3610,392.3131,246.1725,427.6565,247.5863
377.0000,304.0000,377.0000,246.0000,414.0000,246.0000,414.0000,304.0000
396.8131,308.0232,361.1201,305.3793,365.6467,244.2702,401.3398,246.9141
376.8000,314.4000,339.2001,295.6000,365.0001,244.0001,402.6000,262.8000
340.0000,310.0000,340.0000,249.0000,376.0000,249.0000,376.0000,310.0000
329.9615,317.8077,318.4615,260.3077,356.5385,252.6923,368.0385,310.1923
313.8861,314.9507,310.5631,255.1354,349.1662,252.9908,352.4892,312.8062
304.4505,320.8293,297.9727,265.7679,334.7577,261.4402,341.2355,316.5017
306.7668,324.8860,282.1398,282.6684,316.1502,262.8290,340.7772,305.0466
318.3148,325.0652,287.5119,322.6010,292.3005,262.7440,323.1033,265.2083
282.0000,326.0000,282.0000,271.0000,319.0000,271.0000,319.0000,326.0000
279.0000,329.0000,279.0000,272.0000,312.0000,272.0000,312.0000,329.0000
276.0000,330.0000,276.0000,272.0000,310.0000,272.0000,310.0000,330.0000
267.0000,333.0000,267.0000,275.0000,302.0000,275.0000,302.0000,333.0000
264.0000,339.0000,264.0000,278.0000,298.0000,278.0000,298.0000,339.0000
255.0000,339.0000,255.0000,283.0000,288.0000,283.0000,288.0000,339.0000
251.0000,347.0000,251.0000,287.0000,284.0000,287.0000,284.0000,347.0000
240.0000,348.0000,240.0000,286.0000,271.0000,286.0000,271.0000,348.0000
231.3038,353.9868,228.5830,291.4095,258.1793,290.1227,260.9000,352.7000
224.0000,353.0000,224.0000,291.0000,252.0000,291.0000,252.0000,353.0000
245.8908,352.6028,215.0101,351.6670,216.7376,294.6588,247.6183,295.5945
196.0000,352.0000,196.0000,295.0000,235.0000,295.0000,235.0000,352.0000
192.1542,352.5811,188.0341,296.9604,220.5225,294.5539,224.6426,350.1746
178.0000,350.0000,178.0000,296.0000,208.0000,296.0000,208.0000,350.0000
175.7607,354.5781,168.0507,298.0385,197.4138,294.0345,205.1237,350.5741
168.7490,349.6112,164.6917,294.8376,191.2497,292.8704,195.3070,347.6439
174.3043,350.4084,165.9874,295.5171,189.7747,291.9130,198.0916,346.8043
177.5846,349.6769,170.9231,296.3846,202.1846,292.4769,208.8461,345.7692
172.0000,344.0000,172.0000,294.0000,202.0000,294.0000,202.0000,344.0000
175.0000,342.0000,175.0000,289.0000,201.0000,289.0000,201.0000,342.0000
214.3525,337.1230,180.4508,334.0410,184.4508,290.0410,218.3525,293.1230
169.3621,377.1552,166.1724,322.9311,194.8379,321.2448,198.0276,375.4690
171.7586,382.8965,168.3621,325.1552,193.5690,323.6724,196.9655,381.4138
2
0
0
0
0
1
240.2941,351.1765,228.5882,304.3529,257.0588,297.2353,268.7647,344.0588
237.3241,348.5104,234.2724,296.6310,262.1172,294.9931,265.1689,346.8724
263.4910,343.6901,235.9344,342.3779,238.2285,294.2014,265.7851,295.5136
261.6219,347.4024,235.9390,344.5488,241.6342,293.2927,267.3171,296.1463
246.0000,344.0000,246.0000,298.0000,273.0000,298.0000,273.0000,344.0000
250.0000,346.0000,250.0000,298.0000,278.0000,298.0000,278.0000,346.0000
255.0000,337.0000,255.0000,294.0000,284.0000,294.0000,284.0000,337.0000
284.0800,338.4399,257.4800,334.6400,264.2200,287.4600,290.8200,291.2599
267.0300,340.5985,264.7232,294.4638,288.5137,293.2743,290.8205,339.4090
289.1622,336.9730,267.2865,333.5190,274.4460,288.1757,296.3217,291.6297
280.0000,336.0000,280.0000,289.0000,305.0000,289.0000,305.0000,336.0000
285.0000,337.0000,285.0000,293.0000,313.0000,293.0000,313.0000,337.0000
295.0000,338.0000,295.0000,295.0000,320.0000,295.0000,320.0000,338.0000
325.3990,337.0199,298.7157,335.6858,301.0349,289.3017,327.7182,290.6359
305.0000,338.0000,305.0000,291.0000,331.0000,291.0000,331.0000,338.0000
330.0600,338.5800,307.3800,335.3400,313.8800,289.8400,336.5600,293.0800
329.0400,340.2800,301.0400,319.2800,325.4000,286.8000,353.4000,307.8000
295.0000,324.0000,295.0000,286.0000,322.0000,286.0000,322.0000,324.0000
305.0000,325.0000,305.0000,287.0000,332.0000,287.0000,332.0000,325.0000
333.1539,330.2307,310.6539,325.7307,319.2308,282.8462,341.7308,287.3462
346.9059,327.2235,324.6529,325.5117,328.0588,281.2353,350.3117,282.9471
336.1033,327.7917,332.8029,286.5358,357.7234,284.5421,361.0239,325.7981
344.0000,334.0000,344.0000,288.0000,369.0000,288.0000,369.0000,334.0000
355.0000,338.0000,355.0000,289.0000,377.0000,289.0000,377.0000,338.0000
359.0000,337.0000,359.0000,291.0000,383.0000,291.0000,383.0000,337.0000
365.0000,340.0000,365.0000,294.0000,387.0000,294.0000,387.0000,340.0000
389.0957,344.3996,367.4334,342.5160,371.5197,295.5235,393.1820,297.4071
392.5905,336.5995,371.4480,335.5927,373.7828,286.5611,394.9253,287.5678
376.0000,335.0000,376.0000,285.0000,394.0000,285.0000,394.0000,335.0000
373.0000,331.0000,373.0000,283.0000,392.0000,283.0000,392.0000,331.0000
372.0000,339.0000,372.0000,288.0000,392.0000,288.0000,392.0000,339.0000
377.4090,341.2944,372.3169,287.8270,392.0899,285.9438,397.1820,339.4113
373.0000,336.0000,373.0000,287.0000,395.0000,287.0000,395.0000,336.0000
378.0000,336.0000,378.0000,286.0000,399.0000,286.0000,399.0000,336.0000
375.0000,331.0000,375.0000,285.0000,398.0000,285.0000,398.0000,331.0000
381.0000,331.0000,381.0000,285.0000,403.0000,285.0000,403.0000,331.0000
382.8935,335.8279,378.4836,287.3197,405.3524,284.8770,409.7623,333.3852
384.0000,333.0000,384.0000,281.0000,408.0000,281.0000,408.0000,333.0000
409.6220,326.6734,383.2459,322.0862,391.4074,275.1577,417.7835,279.7449
389.0000,320.0000,389.0000,275.0000,408.0000,275.0000,408.0000,320.0000
390.0000,314.0000,390.0000,274.0000,408.0000,274.0000,408.0000,314.0000
391.5710,315.3503,388.8042,272.4643,405.5731,271.3824,408.3400,314.2684
391.0000,315.0000,391.0000,272.0000,409.0000,272.0000,409.0000,315.0000
391.0000,314.0000,391.0000,272.0000,409.0000,272.0000,409.0000,314.0000
389.0000,312.0000,389.0000,271.0000,409.0000,271.0000,409.0000,312.0000
389.0000,314.0000,389.0000,273.0000,410.0000,273.0000,410.0000,314.0000
389.0000,314.0000,389.0000,274.0000,409.0000,274.0000,409.0000,314.0000
390.0000,310.0000,390.0000,268.0000,409.0000,268.0000,409.0000,310.0000
393.0000,313.0000,393.0000,272.0000,412.0000,272.0000,412.0000,313.0000
415.8249,312.8015,395.4669,311.5291,397.9767,271.3735,418.3346,272.6459
397.0000,318.0000,397.0000,276.0000,416.0000,276.0000,416.0000,318.0000
402.0000,324.0000,402.0000,279.0000,420.0000,279.0000,420.0000,324.0000
400.0000,328.0000,400.0000,281.0000,419.0000,281.0000,419.0000,328.0000
398.7614,329.6599,395.5990,285.3858,414.6447,284.0254,417.8071,328.2995
400.7317,327.5854,395.9878,284.8903,413.8780,282.9025,418.6219,325.5976
402.0000,335.0000,378.4000,323.2000,397.2000,285.6000,420.8000,297.4000
384.0000,335.0000,384.0000,290.0000,408.0000,290.0000,408.0000,335.0000
404.7443,341.6248,383.8784,340.6764,385.8845,296.5403,406.7505,297.4887
382.0000,342.0000,382.0000,299.0000,403.0000,299.0000,403.0000,342.0000
382.0000,341.0000,382.0000,299.0000,402.0000,299.0000,402.0000,341.0000
380.0000,331.0000,380.0000,290.0000,401.0000,290.0000,401.0000,331.0000
370.9310,328.8276,368.5552,288.4379,391.1827,287.1069,393.5586,327.4965
371.0000,324.0000,371.0000,287.0000,393.0000,287.0000,393.0000,324.0000
383.7862,325.5656,365.0000,324.0001,368.1241,286.5104,386.9103,288.0759
382.4204,321.6948,360.6505,320.2434,362.9646,285.5310,384.7345,286.9824
353.9000,324.7000,343.0000,292.0000,370.0000,283.0000,380.9000,315.7000
354.0000,324.0000,354.0000,286.0000,376.0000,286.0000,376.0000,324.0000
353.0249,325.5934,342.6680,286.7552,361.0291,281.8589,371.3859,320.6971
346.0493,324.8062,332.6093,286.7262,352.1200,279.8400,365.5600,317.9200
320.9717,330.3491,305.8301,303.0944,331.5566,288.8019,346.6981,316.0566
314.6089,329.4109,295.4505,305.9951,317.7773,287.7277,336.9356,311.1436
300.5077,322.0616,296.1693,287.3539,317.4615,284.6923,321.8000,319.4000
291.0000,320.0000,291.0000,283.0000,314.0000,283.0000,314.0000,320.0000
278.0000,320.0000,278.0000,286.0000,304.0000,286.0000,304.0000,320.0000
273.3529,321.4118,265.4706,289.8824,287.8236,284.2941,295.7059,315.8235
260.0000,323.0000,260.0000,290.0000,281.0000,290.0000,281.0000,323.0000
255.0000,326.0000,255.0000,290.0000,272.0000,290.0000,272.0000,326.0000
238.7766,326.8731,236.2589,291.6244,255.0203,290.2843,257.5381,325.5330
227.2308,326.1538,219.9231,289.6154,239.9231,285.6154,247.2308,322.1538
223.0000,326.0000,223.0000,289.0000,240.0000,289.0000,240.0000,326.0000
212.0000,324.0000,212.0000,291.0000,232.0000,291.0000,232.0000,324.0000
201.0000,324.0000,201.0000,290.0000,226.0000,290.0000,226.0000,324.0000
200.0000,327.0000,200.0000,292.0000,217.0000,292.0000,217.0000,327.0000
193.0345,328.4138,175.8488,303.4164,197.0265,288.8567,214.2122,313.8541
184.6226,324.6792,174.6226,289.6792,190.4717,285.1509,200.4717,320.1509
161.0000,330.0000,161.0000,293.0000,181.0000,293.0000,181.0000,330.0000
155.0000,332.0000,155.0000,297.0000,175.0000,297.0000,175.0000,332.0000
152.0000,331.0000,152.0000,297.0000,171.0000,297.0000,171.0000,331.0000
151.9882,329.8470,149.2824,294.6706,166.0294,293.3824,168.7353,328.5588
152.0000,331.0000,152.0000,297.0000,170.0000,297.0000,170.0000,331.0000
149.0000,333.0000,149.0000,303.0000,166.0000,303.0000,166.0000,333.0000
147.0000,329.0000,147.0000,297.0000,163.0000,297.0000,163.0000,329.0000
160.2276,330.2690,145.4966,329.0414,148.3931,294.2827,163.1242,295.5103
164.0154,327.8770,148.2616,325.9077,152.5538,291.5693,168.3077,293.5385
165.0990,330.0099,148.8614,328.3862,152.2871,294.1287,168.5247,295.7525
164.5842,334.1584,147.3564,332.4357,150.6733,299.2673,167.9010,300.9901
146.0000,330.0000,146.0000,297.0000,162.0000,297.0000,162.0000,330.0000
143.0000,329.0000,143.0000,297.0000,162.0000,297.0000,162.0000,329.0000
140.0000,327.0000,140.0000,294.0000,161.0000,294.0000,161.0000,327.0000
140.0000,327.0000,140.0000,297.0000,158.0000,297.0000,158.0000,327.0000
152.4800,331.6400,137.2200,329.4600,141.8800,296.8400,157.1400,299.0200
157.1885,330.9263,141.1393,329.4673,144.1721,296.1066,160.2213,297.5656
156.2462,333.0308,140.6154,331.0769,145.4769,292.1846,161.1077,294.1385
148.0000,319.0000,148.0000,286.0000,167.0000,286.0000,167.0000,319.0000
141.0000,315.0000,141.0000,281.0000,155.0000,281.0000,155.0000,315.0000
143.4297,320.7216,138.2162,287.7027,154.2892,285.1649,159.5027,318.1838
139.0000,317.0000,139.0000,284.0000,158.0000,284.0000,158.0000,317.0000
138.0000,307.0000,138.0000,277.0000,158.0000,277.0000,158.0000,307.0000
144.0000,302.0000,144.0000,272.0000,160.0000,272.0000,160.0000,302.0000
146.0000,302.0000,146.0000,271.0000,161.0000,271.0000,161.0000,302.0000
151.0000,300.0000,151.0000,269.0000,165.0000,269.0000,165.0000,300.0000
152.0000,299.0000,152.0000,269.0000,164.0000,269.0000,164.0000,299.0000
148.0000,299.0000,148.0000,267.0000,160.0000,267.0000,160.0000,299.0000
155.0000,304.0000,155.0000,271.0000,169.0000,271.0000,169.0000,304.0000
145.0000,302.0000,145.0000,271.0000,161.0000,271.0000,161.0000,302.0000
