1
338.2728,117.0569,355.6555,120.0758,350.9330,147.2683,333.5503,144.2494
331.9551,115.7288,349.8357,116.8891,347.8630,147.2885,329.9825,146.1281
326.7173,116.3398,345.2291,118.4693,341.7690,148.5497,323.2572,146.4203
322.9679,115.2525,339.7442,117.5140,335.7311,147.2846,318.9548,145.0232
320.1099,114.6937,336.6608,118.0264,330.5656,148.2961,314.0147,144.9633
313.3588,115.1633,332.2175,116.9881,329.5098,144.9704,310.6511,143.1456
309.0376,115.7423,329.5591,118.5597,325.6272,147.1994,305.1057,144.3821
306.1693,115.4115,323.6398,117.7338,319.1332,151.6365,301.6627,149.3142
301.7965,118.0362,321.4172,119.1637,319.7442,148.2769,300.1236,147.1495
315.9518,143.7794,296.2468,144.4612,295.2133,114.5900,314.9183,113.9082
313.7069,143.2082,293.7661,144.1027,292.4165,114.0143,312.3573,113.1199
290.3842,113.2984,309.9795,113.7288,309.2098,148.7703,289.6146,148.3399
307.5484,145.0357,287.9026,145.9903,286.3623,114.2907,306.0081,113.3361
304.6573,141.3701,284.2466,142.4570,282.7335,114.0434,303.1442,112.9565
303.2970,141.7656,283.7815,144.3669,280.0109,116.0794,299.5264,113.4781
298.2336,141.7016,278.5756,141.7101,278.5634,113.2562,298.2213,113.2478
296.7497,142.1823,277.2085,143.1484,275.8088,114.8360,295.3500,113.8699
275.8019,113.4633,296.0879,116.9297,291.2157,145.4419,270.9298,141.9755
273.3335,114.1920,291.1579,114.5638,290.4641,147.8277,272.6397,147.4559
269.8289,113.1392,287.4915,115.0287,283.8480,149.0869,266.1854,147.1974
268.7217,112.8860,286.0030,115.6579,280.8673,147.6762,263.5860,144.9043
264.7409,113.6950,280.8120,115.4330,277.1366,149.4180,261.0656,147.6800
261.1778,114.1557,277.6598,116.4210,273.1346,149.3453,256.6526,147.0799
256.1702,113.7069,272.9807,115.0198,270.5077,146.6852,253.6971,145.3723
251.4952,112.2557,268.0815,112.7367,267.0415,148.6030,250.4552,148.1221
246.6064,112.1489,265.1158,112.8190,263.8348,148.2012,245.3253,147.5310
259.0695,149.0182,241.6408,150.0711,239.3009,111.3408,256.7295,110.2878
255.3183,146.8373,236.2876,148.8452,232.4438,112.4145,251.4745,110.4066
248.6997,144.0171,230.4819,145.1957,228.3932,112.9120,246.6110,111.7334
243.9142,141.5116,225.6546,142.9482,223.3104,113.1521,241.5701,111.7156
238.1407,142.2291,220.4777,142.9919,219.1400,112.0149,236.8030,111.2522
233.3258,144.1810,214.7161,144.4069,214.3282,112.4417,232.9378,112.2159
210.7188,113.5868,230.5141,114.4543,229.1411,145.7842,209.3457,144.9167
225.0958,142.8118,208.3085,143.3179,207.4003,113.1946,224.1876,112.6885
205.4541,112.7865,222.1946,113.2306,221.3370,145.5592,204.5964,145.1151
203.3149,113.0397,220.1113,115.3982,215.8869,145.4830,199.0905,143.1246
198.0583,113.9979,216.4525,116.3401,212.4913,147.4489,194.0971,145.1067
191.9814,112.4973,209.6621,113.5542,207.6983,146.4067,190.0176,145.3498
189.0355,112.9591,208.2850,117.9780,200.9788,145.9999,181.7294,140.9810
182.0959,111.9423,200.9616,112.0605,200.7712,142.4399,181.9055,142.3217
177.1050,112.3789,196.8853,113.7539,194.8465,143.0831,175.0662,141.7081
172.3678,113.7884,191.1752,114.2354,190.5000,142.6474,171.6926,142.2004
167.6814,114.7720,185.6606,115.6362,184.3051,143.8394,166.3259,142.9753
165.4191,114.2795,183.3038,115.8839,180.5377,146.7169,162.6530,145.1124
161.4079,118.0108,178.9044,118.5049,178.0720,147.9820,160.5755,147.4880
158.0462,117.8398,175.6131,118.9835,173.4660,151.9603,155.8991,150.8165
155.6666,114.6534,172.7745,118.2323,166.1525,149.8871,149.0446,146.3081
170.4244,149.6500,150.7443,149.8257,150.4923,121.5910,170.1724,121.4154
150.6615,122.5844,170.7760,125.9293,166.2619,153.0748,146.1474,149.7299
148.2498,123.3622,169.7339,126.9838,165.4561,152.3610,143.9719,148.7394
167.6933,152.6908,147.6943,152.8938,147.4311,126.9643,167.4301,126.7613
150.0926,125.8286,166.9931,128.6407,162.9702,152.8175,146.0697,150.0053
153.8079,125.5716,166.4204,130.2249,157.1347,155.3927,144.5222,150.7394
156.2181,125.0471,167.1089,128.7798,158.3372,154.3728,147.4464,150.6401
155.4328,125.7397,168.8638,129.1492,162.2379,155.2507,148.8069,151.8413
172.0486,149.7835,154.2945,150.9394,152.7090,126.5863,170.4631,125.4304
155.1341,120.9170,171.9660,121.0927,171.7203,144.6212,154.8884,144.4455
157.1594,128.5535,174.1645,131.9721,170.0373,152.5018,153.0322,149.0832
158.6524,124.7662,174.5203,130.6047,165.9797,153.8161,150.1119,147.9776
159.3100,125.8308,175.2607,126.1993,174.6399,153.0683,158.6893,152.6998
184.7796,146.7582,169.9515,155.9590,158.4596,137.4387,173.2877,128.2379
176.4629,143.9928,159.9604,146.8967,156.1850,125.4416,172.6874,122.5377
182.3281,155.4856,169.5900,157.4760,165.4689,131.1009,178.2069,129.1105
182.6688,158.5949,169.9329,159.4400,168.1881,133.1444,180.9241,132.2994
184.9879,163.0612,169.3026,163.9988,167.6179,135.8133,183.3031,134.8758
171.3734,131.8578,184.5311,132.1693,183.8253,161.9809,170.6676,161.6694
174.2738,134.7155,188.5627,135.9542,185.9210,166.4270,171.6321,165.1883
175.2456,133.8171,193.0116,134.1935,192.5342,156.7284,174.7682,156.3521
179.4687,133.6563,198.5073,134.3639,197.5973,158.8470,178.5587,158.1394
201.1308,158.0439,181.8773,159.4695,180.2039,136.8695,199.4575,135.4439
214.2207,146.6311,204.9730,165.2537,184.4467,155.0605,193.6944,136.4380
192.3388,135.8923,210.8411,136.1207,210.5264,161.5988,192.0242,161.3703
197.9094,136.7189,216.3239,139.7121,212.7076,161.9601,194.2931,158.9669
202.9160,138.1993,221.5957,142.6341,216.3891,164.5645,197.7094,160.1297
208.5312,139.1815,224.0541,141.1145,221.1476,164.4543,205.6247,162.5212
210.0184,139.0184,231.6959,139.0184,231.6959,162.5204,210.0184,162.5204
227.4875,145.6383,243.4545,149.0107,238.7814,171.1362,222.8144,167.7639
249.5885,170.2026,235.7181,178.1149,224.9919,159.3116,238.8623,151.3994
254.7926,174.7264,240.8506,179.6095,233.0760,157.4116,247.0180,152.5285
259.6338,178.8154,245.0343,180.7991,241.7265,156.4536,256.3260,154.4700
266.2293,177.1565,251.4760,181.4408,245.0726,159.3900,259.8258,155.1057
271.6497,176.0928,255.0447,179.1824,250.8921,156.8636,267.4971,153.7741
275.2947,182.3513,260.7829,183.2554,259.3204,159.7810,273.8322,158.8769
281.4006,179.3694,263.7551,180.9327,261.9571,160.6378,279.6025,159.0745
285.7658,176.6953,270.0797,179.1000,266.9773,158.8627,282.6635,156.4580
267.4006,143.2842,285.1684,145.6081,282.3298,167.3113,264.5621,164.9874
273.7595,141.8573,290.8120,144.5319,287.4130,166.2031,270.3605,163.5284
278.6756,141.3921,296.2542,145.2411,291.1698,168.4620,273.5912,164.6130
289.5577,142.7695,302.8938,155.7638,288.0159,171.0331,274.6797,158.0388
287.4536,143.2391,303.5119,144.9819,300.7593,170.3441,284.7010,168.6013
288.9176,144.5446,304.1063,145.6559,302.2187,171.4544,287.0300,170.3431
292.4110,142.7991,308.7396,145.8927,303.9600,171.1202,287.6314,168.0266
295.1120,142.9660,310.8773,145.4727,306.7157,171.6462,290.9504,169.1395
297.1143,141.8639,310.4861,145.1850,304.1690,170.6195,290.7972,167.2984
295.1955,140.8938,310.9810,141.1143,310.6111,167.5921,294.8256,167.3716
297.4357,140.3372,312.8299,141.8740,310.0949,169.2710,294.7007,167.7342
298.9583,139.9507,314.7278,142.5054,310.7691,166.9420,294.9996,164.3874
299.8473,137.9930,313.4215,140.6349,307.9518,168.7383,294.3775,166.0964
316.6541,158.6935,300.6068,161.8182,296.6648,141.5733,312.7121,138.4486
300.5049,138.1300,315.9810,138.8391,314.9698,160.9079,299.4937,160.1987
301.1093,139.4084,316.8190,140.8326,314.6947,164.2652,298.9850,162.8410
304.1242,135.8706,320.6414,138.6393,316.7531,161.8357,300.2359,159.0670
301.2576,137.2817,317.0139,138.8889,314.6270,162.2875,298.8708,160.6802
303.8504,135.2840,318.4276,137.0549,315.2963,162.8284,300.7192,161.0574
301.7473,139.9303,318.7480,142.4615,315.4279,164.7601,298.4272,162.2289
300.4672,130.7169,317.1383,131.3057,316.2368,156.8336,299.5656,156.2449
318.3609,154.2291,301.7074,157.9893,296.1128,133.2117,312.7663,129.4515
316.3083,158.3235,299.5692,158.6020,299.1992,136.3626,315.9383,136.0841
303.9213,134.4949,319.1131,135.6000,317.4068,159.0580,302.2151,157.9530
305.1002,147.2257,318.0445,147.3136,317.8400,177.4311,304.8957,177.3432
317.4197,176.3871,305.3454,176.4236,305.2600,148.1880,317.3343,148.1514
308.6815,145.1236,320.4248,145.6307,319.0444,177.6014,307.3011,177.0944
308.0816,146.2744,320.7736,146.3401,320.6129,177.3990,307.9210,177.3333
311.0755,144.0381,322.9663,144.8586,320.6583,178.3054,308.7675,177.4849
310.5883,145.1749,322.5632,145.6275,321.3192,178.5457,309.3442,178.0931
311.3756,142.8627,325.2276,143.1574,324.5127,176.7638,310.6606,176.4691
311.3613,141.3100,323.8997,141.5919,323.1170,176.4036,310.5787,176.1217
310.3622,138.3855,323.4131,138.6600,322.6398,175.4306,309.5890,175.1561
310.2325,137.9162,323.0731,138.0906,322.5805,174.3560,309.7398,174.1816
322.2564,175.0948,309.2887,175.2202,308.9172,136.8060,321.8849,136.6806
323.6153,174.3922,309.8889,174.5614,309.4180,136.3443,323.1443,136.1751
310.2656,133.4733,323.7978,133.6723,323.2384,171.7093,309.7063,171.5103
323.0030,173.3428,309.5549,173.6108,308.7544,133.4388,322.2025,133.1708
309.8116,133.3006,324.4284,133.9389,322.7349,172.7207,308.1180,172.0824
311.1492,130.9550,324.9655,131.0531,324.6606,173.9874,310.8443,173.8893
325.0342,174.4826,310.9305,174.8119,309.9313,132.0112,324.0349,131.6819
310.2148,134.4163,325.6214,134.6071,325.1684,171.1783,309.7619,170.9875
311.4093,132.4495,326.1930,132.7741,325.3424,171.5122,310.5588,171.1877
326.4109,172.5611,310.6196,172.8198,309.9776,133.6250,325.7689,133.3664
311.0577,132.2059,328.2064,133.1527,326.0108,172.9204,308.8621,171.9736
327.1000,170.2926,311.1593,170.8989,309.5947,129.7687,325.5354,129.1623
310.4221,131.5628,328.2498,131.9406,327.3552,174.1592,309.5275,173.7814
326.5731,170.6002,307.9537,170.7460,307.6092,126.7473,326.2286,126.6015
328.9781,167.8782,308.0904,169.0103,305.8492,127.6585,326.7368,126.5264
331.2776,168.2628,309.4520,170.6815,304.5489,126.4367,326.3745,124.0180
329.5801,168.0269,307.7627,169.7637,304.3270,126.6054,326.1443,124.8686
330.8138,166.8679,309.2938,168.9056,305.1605,125.2565,326.6805,123.2187
331.5586,167.9902,309.1414,170.3401,304.7271,128.2289,327.1443,125.8790
329.9436,168.1259,309.4023,169.3876,306.6938,125.2923,327.2351,124.0306
308.5459,125.7856,330.7245,125.9483,330.4002,170.1831,308.2215,170.0205
330.3586,169.0343,307.8091,169.6965,306.4780,124.3631,329.0274,123.7009
332.6422,172.0595,310.0050,174.1784,305.3552,124.5003,327.9924,122.3815
332.1258,166.3535,309.3157,168.2644,305.4845,122.5321,328.2946,120.6213
333.3310,166.5446,307.5088,168.7108,303.8648,125.2714,329.6870,123.1053
333.2797,164.1982,310.2054,166.9811,304.8228,122.3520,327.8971,119.5690
332.1251,166.1421,311.4102,168.5530,305.6525,119.0837,326.3674,116.6728
333.2936,166.7387,312.0332,169.2811,305.9123,118.0963,327.1727,115.5539
334.3464,164.6780,313.0348,167.9414,306.1939,123.2660,327.5055,120.0027
333.0403,163.6309,311.4865,166.2198,306.3234,123.2339,327.8773,120.6450
332.9661,164.3648,311.5222,167.3587,305.2888,122.7117,326.7327,119.7178
333.1601,164.5400,311.5605,167.5986,304.9870,121.1772,326.5865,118.1185
333.2324,166.2478,311.5491,168.5572,306.6649,122.6982,328.3481,120.3888
333.0216,161.6843,311.5308,163.2308,308.4232,120.0477,329.9140,118.5011
332.4082,161.7328,311.7465,164.3765,306.3615,122.2907,327.0233,119.6470
333.2699,161.8134,312.7280,164.6755,306.7737,121.9414,327.3156,119.0793
333.5325,161.3801,312.0179,164.0226,306.7823,121.3960,328.2970,118.7535
333.3289,161.5983,313.5881,164.4027,307.3663,120.6064,327.1071,117.8020
333.1639,161.6002,313.6195,164.5983,307.1863,122.6599,326.7307,119.6618
335.1863,161.9911,314.3478,166.0854,305.5001,121.0538,326.3386,116.9595
334.3898,161.0843,314.8627,164.6915,306.9879,122.0614,326.5149,118.4543
331.5297,161.4989,312.0004,163.8536,306.7213,120.0707,326.2506,117.7160
330.9026,160.5638,310.2115,162.6141,306.1185,121.3099,326.8096,119.2595
330.4823,159.7327,310.8336,162.2451,305.3352,119.2439,324.9839,116.7315
331.3826,160.3189,311.9794,163.1479,305.5974,119.3746,325.0005,116.5457
330.9410,161.2974,311.2003,163.6290,305.9127,118.8602,325.6534,116.5286
329.0057,160.5116,309.5049,162.2019,305.7662,119.0688,325.2671,117.3785
329.9312,158.9140,310.2903,160.6925,306.4638,118.4365,326.1048,116.6579
331.4991,158.6981,311.9527,161.1264,306.6151,118.1619,326.1615,115.7336
330.1209,159.3112,311.5312,161.1722,307.3047,118.9543,325.8944,117.0933
331.3145,159.7656,311.9115,162.4638,305.9482,119.5817,325.3511,116.8834
330.5906,159.1328,310.8021,161.1382,306.4534,118.2256,326.2420,116.2203
329.3983,160.9853,311.5535,162.6609,307.3299,117.6816,325.1747,116.0059
328.6406,159.8345,309.0646,160.8044,306.9688,118.5026,326.5448,117.5328
330.1304,160.8322,308.7126,162.6156,305.0531,118.6677,326.4709,116.8843
328.4520,158.5997,306.5296,159.7157,304.4211,118.2981,326.3435,117.1821
329.0555,158.6753,308.2879,160.1738,305.3963,120.0980,326.1639,118.5995
328.3380,159.5617,308.6343,160.4494,306.7817,119.3311,326.4854,118.4434
326.6230,160.8809,307.8115,161.0507,307.4257,118.2989,326.2372,118.1291
326.2822,158.7993,305.6995,158.8094,305.6793,117.6494,326.2620,117.6394
327.6849,158.1450,307.1364,159.2957,304.8570,118.5928,325.4055,117.4421
326.7418,155.7374,308.1106,156.0880,307.3697,116.7186,326.0009,116.3680
326.8640,156.7899,308.2401,157.3624,307.0498,118.6412,325.6737,118.0687
326.8010,157.9745,307.2904,158.4655,306.2759,118.1475,325.7865,117.6566
328.1799,157.8550,307.2507,159.1789,304.6923,118.7352,325.6216,117.4113
307.1431,115.2629,327.7804,117.0084,324.3000,158.1586,303.6627,156.4132
307.9139,114.3876,327.4589,115.8265,324.3386,158.2072,304.7936,156.7682
306.4962,114.7938,326.7103,115.2389,325.7811,157.4375,305.5670,156.9923
309.5115,113.2482,328.0783,115.1501,323.7722,157.1877,305.2054,155.2858
308.1302,115.1802,328.3781,117.0935,324.4733,158.4160,304.2254,156.5027
308.2756,114.5379,327.1020,115.5641,324.5950,161.5558,305.7686,160.5296
309.9184,112.4547,327.7018,113.7820,324.4063,157.9329,306.6229,156.6055
326.6820,161.6018,307.4205,161.6684,307.2483,111.9101,326.5098,111.8435
326.9041,161.9045,309.0339,162.6335,307.0043,112.8844,324.8746,112.1554
329.2422,161.4778,312.0264,162.3944,309.3797,112.6845,326.5956,111.7679
330.4042,161.6068,312.7650,163.2688,307.9845,112.5335,325.6237,110.8715
328.4749,160.9604,312.3726,161.8142,309.6864,111.1568,325.7887,110.3029
331.1970,160.5873,313.3832,162.4323,308.2152,112.5350,326.0290,110.6900
331.1091,159.9792,313.8015,161.6509,309.0211,112.1568,326.3288,110.4852
333.3972,154.9248,314.0097,158.6496,305.7677,115.7506,325.1552,112.0258
332.9221,153.9594,314.7729,157.4572,306.2234,113.0963,324.3726,109.5985
331.1157,159.2373,310.6143,161.7270,304.4778,111.1971,324.9791,108.7073
328.1896,163.0326,310.3083,163.9739,307.5318,111.2249,325.4130,110.2837
329.4726,161.3535,310.8999,162.6794,307.2753,111.9075,325.8480,110.5815
329.1474,163.2429,309.3426,163.8344,307.7658,111.0359,327.5706,110.4444
329.6471,159.2066,311.5000,160.8389,307.1154,112.0937,325.2625,110.4614
328.4813,161.2532,310.7130,162.3377,307.5536,110.5724,325.3219,109.4880
328.3269,159.0835,311.0072,160.7881,305.9276,109.1758,323.2473,107.4713
327.7881,153.7822,310.1792,154.8632,307.1779,105.9749,324.7868,104.8938
327.6136,154.8028,309.0670,157.8919,300.7169,107.7581,319.2634,104.6691
303.0551,105.4230,323.4545,106.7147,320.3069,156.4231,299.9075,155.1314
303.1068,104.4315,322.8420,105.9488,318.8666,157.6578,299.1314,156.1405
302.8692,104.1890,323.0185,106.1572,317.4925,162.7280,297.3433,160.7598
302.8441,104.5314,322.5162,106.5047,316.9738,161.7578,297.3016,159.7844
303.7602,102.3576,322.1049,104.6245,315.0379,161.8136,296.6932,159.5466
303.8399,103.5204,322.2892,105.8756,315.1382,161.8925,296.6890,159.5373
304.6967,100.5296,321.8698,102.5557,314.7805,162.6441,297.6074,160.6180
301.6942,102.5288,320.1021,104.2459,314.5717,163.5333,296.1638,161.8162
300.5942,100.5758,319.6381,102.1949,314.5125,162.4826,295.4685,160.8635
301.5077,102.5925,318.8119,104.1161,313.6736,162.4747,296.3694,160.9511
301.8777,103.7755,320.0122,105.6579,313.9175,164.3725,295.7830,162.4901
300.1400,104.7460,318.6439,106.1059,313.9232,170.3387,295.4193,168.9788
300.5341,104.7322,319.2463,106.2785,313.6735,173.7175,294.9613,172.1712
298.8557,104.7429,318.7274,106.0250,314.6154,169.7571,294.7437,168.4750
297.7000,103.8730,317.3215,104.9766,313.5419,172.1768,293.9204,171.0732
297.0818,106.0910,316.6599,106.7623,314.3042,175.4625,294.7260,174.7912
297.0655,103.8808,317.4906,105.0377,313.7013,171.9368,293.2762,170.7799
294.8060,105.0545,315.6247,105.6192,313.8774,170.0383,293.0588,169.4736
294.0274,104.4588,315.1885,105.1685,312.9237,172.6930,291.7626,171.9832
294.5380,104.0432,314.7849,104.8581,312.0548,172.6859,291.8079,171.8710
291.7304,102.3061,312.0930,102.5887,311.1184,172.7958,290.7559,172.5132
309.9559,170.9859,289.0932,171.2925,288.0996,103.6798,308.9623,103.3733
289.3536,104.3237,309.9982,104.5553,309.2262,173.3605,288.5816,173.1289
308.2460,177.4261,287.4755,177.9248,285.6754,102.9464,306.4459,102.4477
307.5774,174.1382,286.5858,174.4621,285.5189,105.3216,306.5104,104.9976
307.1927,173.4980,285.5931,173.8144,284.6172,107.1888,306.2168,106.8725
305.9092,174.2784,285.0681,174.6270,283.9741,109.2314,304.8151,108.8827
304.7687,174.1208,284.6955,174.6545,282.8750,106.1811,302.9483,105.6474
284.5597,106.8400,304.8082,107.1789,303.7054,173.0797,283.4568,172.7408
282.1237,104.7436,303.0416,104.8236,302.7886,170.9649,281.8707,170.8849
301.4153,168.5677,281.7166,168.7070,281.2375,100.9429,300.9362,100.8036
280.1473,101.8823,301.7931,101.9786,301.4832,171.6261,279.8375,171.5298
282.0982,99.9335,302.9836,100.7019,300.5080,167.9893,279.6227,167.2209
280.8427,100.8234,304.3075,102.1806,300.2285,172.6983,276.7637,171.3410
280.6807,98.3903,302.3390,99.5908,298.4844,169.1322,276.8262,167.9318
279.5045,97.4090,305.0484,101.2405,295.5124,164.8145,269.9686,160.9829
278.0801,100.1881,301.8041,101.7553,297.1832,171.7055,273.4592,170.1383
278.6700,97.2782,302.4612,100.0011,294.3660,170.7337,270.5747,168.0109
274.4594,99.2938,302.8022,99.6643,301.8591,171.8303,273.5162,171.4599
273.1214,96.1174,304.8378,98.9905,298.7106,166.6278,266.9942,163.7546
271.1357,100.7339,299.9131,100.8550,299.6337,167.2321,270.8562,167.1109
299.0511,174.1335,270.3349,174.7029,268.9750,106.1164,297.6912,105.5470
269.6347,105.7480,296.8778,106.1605,295.7980,177.4846,268.5548,177.0721
266.6014,103.5854,293.7721,103.9972,292.7512,171.3681,265.5805,170.9564
266.5647,102.6741,291.1812,103.0946,289.9878,172.9671,265.3713,172.5466
265.1975,104.3001,293.4357,105.3834,290.8154,173.6873,262.5772,172.6040
267.9772,101.8109,292.6034,103.2902,288.3064,174.8245,263.6801,173.3452
266.3965,97.1147,292.7951,99.8969,286.1531,162.9187,259.7545,160.1366
267.3062,98.4305,291.8812,100.8027,285.0603,171.4651,260.4854,169.0930
265.7732,97.6026,291.0871,100.7776,283.1306,164.2134,257.8167,161.0384
266.0667,92.6737,292.2148,96.7243,282.0831,162.1288,255.9350,158.0782
265.1324,95.6713,290.6120,99.7311,280.6205,162.4374,255.1409,158.3775
262.4680,100.8103,288.0356,102.8741,282.6848,169.1619,257.1172,167.0981
263.7439,102.9048,287.3871,104.9601,281.5023,172.6553,257.8590,170.5999
262.4148,101.6711,286.1673,104.2734,278.6805,172.6083,254.9280,170.0059
259.3161,99.2926,288.5114,106.6910,274.0674,163.6893,244.8721,156.2909
255.3378,102.1776,284.7298,106.9218,275.8222,162.1075,246.4302,157.3633
250.2893,106.7111,279.3395,110.0043,273.2814,163.4445,244.2312,160.1512
275.4370,167.0302,249.0988,167.4875,248.0440,106.7366,274.3821,106.2793
275.8162,161.4172,248.1911,161.6003,247.8388,108.4509,275.4640,108.2679
275.8528,165.6376,249.0811,166.2352,247.8126,109.4094,274.5843,108.8117
244.8127,108.7233,271.4258,109.4646,270.0085,160.3460,243.3954,159.6047
269.9113,157.1838,242.4028,157.4724,241.8598,105.7097,269.3683,105.4211
272.1937,166.2789,250.5914,167.7903,246.4192,108.1561,268.0214,106.6447
271.6346,167.1711,251.0573,168.4462,247.4339,109.9740,268.0112,108.6989
271.5811,168.2758,250.7769,169.9366,246.0980,111.3230,266.9022,109.6623
271.4504,169.2142,249.9408,170.2821,247.0251,111.5545,268.5347,110.4866
271.5191,169.8792,249.5875,171.1611,246.0282,110.2650,267.9598,108.9831
271.7296,168.1714,249.1022,169.1349,246.6606,111.7919,269.2881,110.8285
269.1622,169.4145,248.2392,170.2131,245.9598,110.4958,266.8828,109.6972
270.2837,168.8456,249.6110,170.1299,245.9045,110.4649,266.5771,109.1806
269.3780,169.4608,250.0859,171.2273,244.5453,110.7205,263.8374,108.9539
269.4736,168.4663,250.0591,170.1442,244.9322,110.8205,264.3467,109.1427
268.7120,172.0980,248.3131,173.0455,245.3823,109.9486,265.7812,109.0011
266.8040,173.2936,246.8496,173.5646,245.9979,110.8504,265.9524,110.5794
246.4206,112.1152,267.1231,112.4063,266.2571,174.0002,245.5545,173.7091
245.3352,111.1719,265.9836,111.3973,265.2968,174.3160,244.6484,174.0906
245.4906,112.4183,266.2036,112.7500,265.2242,173.9196,244.5112,173.5880
245.1932,115.3226,267.0419,116.8421,262.6861,179.4706,240.8375,177.9510
243.2342,116.9043,264.6367,117.7340,262.2558,179.1534,240.8533,178.3238
242.8664,117.1066,263.2491,117.4949,262.0784,178.9493,241.6957,178.5611
241.9448,118.9921,263.8575,120.1593,260.7036,179.3705,238.7908,178.2033
241.8046,117.7996,263.0102,118.8213,260.1446,178.2971,238.9390,177.2754
239.8860,118.0952,262.0826,118.4555,261.1007,178.9527,238.9041,178.5924
241.4551,117.5173,263.4490,119.1391,259.2182,176.5150,237.2243,174.8932
237.7039,117.1858,261.0717,117.3749,260.5771,178.4956,237.2094,178.3066
258.3780,177.6902,237.0786,178.0991,235.8988,116.6428,257.1982,116.2339
236.7272,118.1394,257.9745,118.4016,257.2129,180.1269,235.9657,179.8647
260.6209,175.7051,235.2656,178.2229,229.1647,116.7851,254.5200,114.2673
258.6294,170.0763,232.8491,172.5633,226.9035,110.9324,252.6838,108.4453
258.2676,162.7431,235.6245,166.3778,226.5520,109.8602,249.1951,106.2254
257.6281,166.6704,233.9005,170.2633,225.0312,111.6898,248.7589,108.0969
256.2505,167.0477,232.8316,170.1689,225.1163,112.2806,248.5352,109.1594
253.3512,162.2916,229.1000,165.6676,221.6505,112.1531,245.9016,108.7772
252.5274,166.4381,230.4909,168.8917,224.2149,112.5249,246.2514,110.0713
246.9037,168.7101,225.2284,169.0293,224.3922,112.2415,246.0676,111.9223
247.7170,168.3034,225.7534,169.7244,222.1482,113.9998,244.1118,112.5788
249.2788,165.2703,224.4378,168.8745,216.5301,114.3727,241.3711,110.7685
246.7677,167.1409,223.0281,169.7720,216.7498,113.1253,240.4894,110.4941
245.3223,172.2591,221.1579,174.3519,215.8960,113.5953,240.0604,111.5025
242.9919,165.6125,217.5357,167.2279,213.9704,111.0453,239.4267,109.4299
239.7359,167.3293,215.4717,168.3634,213.0554,111.6720,237.3196,110.6378
236.4866,170.0241,213.1693,170.2305,212.6631,113.0554,235.9805,112.8490
214.1796,113.5410,236.7273,114.5099,234.3669,169.4403,211.8192,168.4714
209.2640,114.5229,232.9489,115.5650,230.4694,171.9245,206.7845,170.8825
229.9764,167.8264,204.5273,167.9147,204.3322,111.6692,229.7813,111.5809
207.2776,115.9081,228.4155,116.6811,226.4244,171.1312,205.2865,170.3582
206.7201,113.5846,226.4311,114.5509,223.6478,171.3227,203.9369,170.3564
202.3638,114.0614,222.6637,115.4094,218.4944,178.1960,198.1944,176.8480
198.2411,112.5193,220.8498,114.1932,216.4719,173.3238,193.8633,171.6499
195.1907,110.9866,218.1235,111.9486,215.7027,169.6554,192.7700,168.6934
189.9773,112.3940,215.5995,114.1727,211.5712,172.1999,185.9490,170.4212
187.1224,114.4210,211.8543,116.3817,207.4658,171.7383,182.7339,169.7777
181.9702,112.8223,205.5182,113.6149,203.5682,171.5487,180.0202,170.7561
180.4776,110.1743,204.0224,112.2660,199.1656,166.9357,175.6207,164.8440
174.5658,113.4624,199.0251,114.8743,195.8724,169.4938,171.4131,168.0820
168.8138,115.6297,193.7107,116.3908,192.1562,167.2440,167.2592,166.4829
168.6182,109.9330,194.1791,112.1681,189.2278,168.7921,163.6669,166.5569
167.2494,109.1915,190.8421,110.9378,186.6463,167.6227,163.0536,165.8764
165.9222,109.0123,190.3927,111.2936,184.9347,169.8398,160.4642,167.5585
162.5412,109.4412,188.0240,110.6637,185.2534,168.4173,159.7707,167.1948
159.9359,109.9730,188.5611,112.6685,183.1590,170.0387,154.5338,167.3433
159.4164,109.3225,186.7980,111.3298,182.6005,168.5889,155.2189,166.5816
158.2826,111.2717,182.8517,114.0587,176.6614,168.6309,152.0923,165.8439
153.9541,111.2403,179.7543,112.8603,176.1310,170.5667,150.3307,168.9467
152.1510,113.5431,178.0265,114.5197,175.8827,171.3193,150.0072,170.3426
147.3224,116.4823,172.7457,117.6010,170.4194,170.4698,144.9962,169.3512
145.4139,112.4160,171.1497,113.6443,168.4865,169.4408,142.7508,168.2124
168.5784,168.8717,141.4721,168.9395,141.3524,121.0275,168.4586,120.9597
140.1240,123.9273,166.9744,124.0670,166.7395,169.2052,139.8891,169.0655
139.7748,112.4364,167.5820,114.0853,164.1711,171.6083,136.3639,169.9594
139.0601,108.2273,164.6622,109.9196,160.7840,168.5916,135.1818,166.8993
136.6162,111.3723,162.3991,112.7675,159.3277,169.5245,133.5448,168.1292
132.1210,114.9453,158.8842,115.0571,158.6507,170.9166,131.8875,170.8048
131.6477,116.4108,157.0594,117.7687,154.0360,174.3515,128.6243,172.9937
128.8839,121.6225,154.4116,123.0416,151.0534,183.4535,125.5257,182.0345
128.2647,115.5584,152.1711,117.3976,147.8394,173.7027,123.9330,171.8635
125.2792,114.9498,147.4069,115.5874,145.6568,176.3222,123.5291,175.6846
122.2916,114.0834,143.9877,115.0355,141.3469,175.2139,119.6508,174.2618
116.5125,115.2110,136.8786,115.3216,136.5418,177.3291,116.1757,177.2185
113.8986,117.8103,134.9047,118.2235,133.6477,182.1328,112.6415,181.7196
128.1230,175.9443,107.6978,176.4312,106.2392,115.2470,126.6644,114.7601
123.1185,178.7435,102.6242,178.7986,102.4547,115.7988,122.9489,115.7437
99.4839,116.9860,121.0406,117.3630,120.0596,173.4690,98.5029,173.0921
114.3469,173.5783,93.6467,173.9970,92.5202,118.3052,113.2205,117.8865
90.1691,120.1159,110.7487,120.2531,110.3958,173.1850,89.8162,173.0477
107.7335,174.5194,87.4767,174.8796,86.5034,120.1455,106.7603,119.7853
102.3335,178.3395,82.3610,178.7550,81.2255,124.1777,101.1980,123.7622
101.7660,177.3397,79.9029,178.2665,77.5437,122.6133,99.4068,121.6865
94.0296,174.7059,74.4489,175.2505,72.9670,121.9633,92.5477,121.4187
70.1957,123.1899,88.6431,123.2041,88.6031,175.4104,70.1557,175.3963
68.1869,120.8391,84.7753,121.5276,82.5051,176.2233,65.9167,175.5348
82.7115,174.3140,63.1063,175.0368,61.1645,122.3658,80.7697,121.6431
78.0912,174.9941,58.6469,176.0836,55.6984,123.4594,75.1426,122.3699
71.0401,176.8989,52.2814,177.1393,51.6169,125.2819,70.3756,125.0415
64.7551,173.6833,48.5587,173.7345,48.4069,125.7340,64.6034,125.6828
44.2130,124.9473,61.6144,125.0983,61.1897,174.0768,43.7883,173.9259
57.4313,175.2658,40.0774,175.8761,38.2546,124.0466,55.6086,123.4363
51.4860,175.8936,34.7734,176.1321,34.0220,123.4825,50.7346,123.2439
46.3758,175.6302,29.5724,175.9739,28.5120,124.1231,45.3154,123.7795
25.5382,125.9658,42.6984,126.2981,41.7247,176.5777,24.5644,176.2454
20.0087,125.0663,37.8276,125.0728,37.8094,175.2634,19.9905,175.2569
34.6176,176.2323,15.4003,176.5941,14.4597,126.6229,33.6771,126.2612
11.3286,125.9673,30.4564,126.2071,29.8064,178.0646,10.6786,177.8249
25.0910,181.6135,6.6379,181.9090,5.7461,126.2129,24.1992,125.9174
2.6615,126.0644,22.1448,126.3589,21.2740,183.9763,1.7907,183.6818
0.2492,126.2187,18.0072,126.3865,17.4915,180.9732,-0.2665,180.8054
