1
918.7567,237.4186,919.7490,322.6970,757.3257,324.5871,756.3334,239.3087
923.3986,248.5032,919.0159,332.3228,754.8806,323.7408,759.2632,239.9212
947.8612,251.7117,941.9159,334.2031,753.6981,320.6379,759.6434,238.1465
951.6829,252.0905,945.7186,334.8403,757.7474,321.2920,763.7117,238.5421
955.7884,255.9835,947.7781,338.5875,756.7065,320.0588,764.7169,237.4547
959.3351,255.0807,950.7068,340.3844,762.1682,321.3141,770.7965,236.0103
964.3589,254.4100,955.8980,341.2430,761.4272,322.2939,769.8882,235.4608
966.6251,256.3701,956.8513,341.7122,762.6547,319.4719,772.4285,234.1297
967.1804,255.3136,957.2300,341.6001,763.4448,319.2532,773.3951,232.9668
968.9799,256.7032,956.5106,345.4152,765.2429,318.5308,777.7122,229.8188
967.9715,255.4575,956.0283,343.8914,769.5807,318.7112,781.5239,230.2773
968.5140,253.9943,955.8616,344.2641,771.3577,318.4035,784.0102,228.1337
965.5209,249.6134,954.2209,343.9379,774.4313,322.3990,785.7313,228.0746
962.3626,250.7674,949.2719,344.7979,775.9421,320.6673,789.0328,226.6367
962.0739,251.0537,947.9616,344.6170,777.3199,318.8788,791.4322,225.3156
962.9347,249.2713,949.0737,343.2757,777.8286,318.0255,791.6896,224.0211
952.4083,241.8102,942.9925,338.9525,780.6597,323.2179,790.0756,226.0756
960.7621,243.1238,950.3548,338.9171,781.5692,320.5798,791.9765,224.7864
958.4484,229.0677,957.9517,332.2975,785.9077,331.4695,786.4044,228.2397
963.4521,237.8588,953.4398,338.3465,784.5935,321.5231,794.6058,221.0354
961.5826,228.0060,958.7623,329.0289,788.6252,324.2790,791.4456,223.2560
952.7245,208.9559,965.6746,317.1307,801.8752,336.7399,788.9251,228.5650
959.2029,220.9004,960.3253,323.5279,796.2913,325.3219,795.1688,222.6944
956.4904,207.9377,968.0665,314.9588,807.5938,332.3167,796.0176,225.2956
957.2968,212.4826,961.7773,319.1057,805.9839,325.6524,801.5035,219.0293
955.2518,207.9634,967.0673,311.1030,815.2842,328.4910,803.4687,225.3514
955.3208,201.4868,973.8648,298.1603,819.2831,327.8123,800.7391,231.1387
954.7415,197.3967,980.8904,294.8000,825.6372,336.4793,799.4883,239.0760
955.6641,196.8816,983.7540,296.1535,834.6136,338.3541,806.5238,239.0822
955.9750,196.7141,979.4752,303.5123,832.9569,335.7526,809.4567,228.9544
957.8687,199.8886,974.5637,308.7124,838.0369,329.6573,821.3420,220.8335
948.1511,189.6694,993.1592,292.0968,859.8617,350.6697,814.8536,248.2423
964.3150,216.8295,958.8478,327.7559,831.0289,321.4561,836.4960,210.5298
972.3981,223.9737,957.4764,332.9873,828.6865,315.3586,843.6083,206.3450
958.9492,213.2379,963.2799,317.3450,837.6661,322.5704,833.3354,218.4633
959.8694,214.5540,960.7437,321.7826,838.3620,322.7804,837.4878,215.5518
960.5943,215.0130,958.8848,323.9996,836.6339,322.0821,838.3434,213.0955
957.7906,208.2703,968.2043,311.6649,847.1256,323.8597,836.7119,220.4651
958.8857,210.2676,963.6752,314.0475,846.2127,319.4685,841.4232,215.6886
955.7598,203.2201,976.7095,298.9325,857.6812,324.9858,836.7314,229.2733
956.9320,203.5865,975.8347,296.8898,861.0085,320.1528,842.1058,226.8495
956.2422,204.2871,973.7834,297.6874,862.4607,318.5945,844.9195,225.1942
956.6632,204.5984,975.7481,299.2605,865.2750,321.5331,846.1901,226.8710
954.9523,202.2861,982.1642,294.9698,869.3862,328.0815,842.1741,235.3978
947.2859,198.0123,985.1368,284.2409,881.4559,329.7525,843.6051,243.5239
922.3685,187.7324,991.8557,259.7069,911.1034,337.6685,841.6162,265.6941
940.0466,194.3744,991.1999,274.9026,899.9925,332.8396,848.8392,252.3114
908.8600,188.9498,990.8870,243.2593,930.9816,333.7380,848.9547,279.4285
899.9304,191.9220,986.5254,229.3370,942.3619,331.5508,855.7669,294.1357
887.1215,198.0226,977.3702,215.8879,954.7576,330.1188,864.5089,312.2536
891.6620,194.6196,981.7450,216.9791,953.0629,332.5348,862.9800,310.1753
894.5167,194.7095,976.2336,209.2471,954.4616,331.6299,872.7447,317.0923
893.7355,196.5977,972.1452,206.2372,957.8690,322.3630,879.4592,312.7235
889.2064,192.6338,976.0724,206.7154,957.8303,319.2464,870.9642,305.1648
893.1656,190.6614,981.8485,210.3936,957.5231,319.7201,868.8401,299.9879
962.7140,308.1657,891.6274,310.2079,888.2963,194.2557,959.3829,192.2135
966.8392,313.8146,895.8094,318.1475,888.3201,195.3757,959.3499,191.0428
969.4843,314.9628,900.4171,320.7377,889.9186,195.1758,958.9859,189.4010
970.6432,310.7683,903.2086,317.2111,891.6055,195.7641,959.0401,189.3214
969.9583,311.4847,904.6373,317.6086,893.3429,197.1369,958.6640,191.0130
968.4092,317.4707,903.7890,322.2822,894.2847,194.6356,958.9049,189.8241
968.8320,317.4037,904.3625,322.5765,894.0452,193.9897,958.5148,188.8170
967.4106,320.1039,902.7067,324.6053,893.7538,195.9164,958.4577,191.4150
968.8419,321.6091,904.2846,326.7989,894.0278,199.2105,958.5852,194.0208
969.2143,324.5541,904.7462,329.5848,894.3214,195.9909,958.7894,190.9602
967.8425,324.8153,905.7685,328.9136,896.9407,195.2047,959.0146,191.1064
966.0680,325.6350,905.2387,328.8120,898.1974,193.9958,959.0267,190.8187
964.4123,325.6566,904.9031,328.1436,899.2663,193.2613,958.7756,190.7744
967.3260,320.2213,907.4661,324.4068,898.6078,197.7161,958.4677,193.5306
966.5292,320.2194,906.4203,323.5896,899.3108,196.7887,959.4197,193.4185
964.9337,321.4258,905.8414,324.2666,899.7429,197.4131,958.8352,194.5723
966.1566,319.2436,908.2308,322.3680,901.5522,198.5479,959.4781,195.4236
964.8893,318.0017,907.2812,321.2097,900.4979,199.3985,958.1060,196.1904
964.7020,322.4701,907.3771,324.9283,902.0646,201.0422,959.3895,198.5840
965.4299,323.0908,908.2366,326.0940,901.7867,203.2632,958.9801,200.2600
964.8743,323.6980,906.6078,326.2142,901.0854,198.3333,959.3519,195.8172
965.3222,323.8611,907.0609,326.9314,900.5880,204.1018,958.8492,201.0316
964.8230,321.2407,905.5486,323.8236,900.2809,202.9384,959.5554,200.3554
965.6721,319.5949,906.2437,322.7622,899.9105,203.9309,959.3389,200.7636
963.4401,321.9566,904.1904,324.0936,899.8292,203.1722,959.0789,201.0353
900.1856,198.2901,965.0975,201.6725,958.8531,321.5099,893.9412,318.1275
899.6107,199.0119,966.4917,203.0027,959.4631,320.7932,892.5820,316.8024
898.4264,197.7062,963.3788,200.1921,958.5649,325.9721,893.6125,323.4862
897.4600,198.2133,962.4427,199.7115,959.5189,326.5316,894.5362,325.0334
896.8580,198.9835,962.8288,200.9482,959.0861,326.6181,893.1154,324.6534
896.7845,196.9851,965.6672,201.0071,958.1995,328.9011,889.3168,324.8791
901.5673,194.1418,975.5375,205.5013,956.5638,329.0529,882.5936,317.6934
963.5630,319.7309,900.9233,322.0173,896.4002,198.0998,959.0399,195.8134
962.5844,317.4930,899.9174,319.2760,896.5046,199.3245,959.1716,197.5415
963.6069,315.3292,899.9587,317.5316,895.9125,200.6016,959.5606,198.3992
962.8505,316.8955,898.0864,318.5512,895.0452,199.5901,959.8093,197.9344
964.4043,315.8379,899.5401,318.4453,894.7203,198.5421,959.5846,195.9347
966.0222,316.1699,899.3947,320.1281,892.5155,204.3322,959.1429,200.3740
961.7513,319.2130,896.9542,320.6989,894.2262,201.7302,959.0232,200.2443
963.0188,318.6438,898.0924,320.8004,894.1752,202.8654,959.1016,200.7089
964.1233,322.6653,897.0839,325.0742,892.6669,202.1536,959.7063,199.7446
962.6187,316.0487,894.8930,318.0562,891.5449,205.1059,959.2706,203.0983
896.8425,200.6770,966.6860,205.3560,959.2664,316.1077,889.4230,311.4287
897.2087,200.1677,965.1113,203.8074,958.9558,318.6425,891.0533,315.0028
897.6634,198.9135,965.5357,203.0789,958.4913,317.8629,890.6190,313.6975
900.3738,193.7225,969.0190,200.7109,957.3718,315.1196,888.7266,308.1312
901.3295,197.9389,971.7654,206.8717,958.5549,311.0373,888.1190,302.1045
901.5916,198.9529,971.0216,207.8676,957.3947,313.9964,887.9647,305.0816
932.8831,194.8799,995.8510,249.6232,914.7000,342.9663,851.7321,288.2230
926.5532,193.9715,995.4981,246.5278,920.7177,344.6270,851.7728,292.0707
927.4784,193.8844,996.1382,248.2299,918.3951,346.4500,849.7353,292.1044
934.0211,194.1527,995.8768,249.2899,912.9689,342.3003,851.1132,287.1631
921.6721,192.3480,994.9272,243.5348,925.0489,343.5399,851.7938,292.3531
931.6780,194.2829,996.3033,249.3561,915.5342,344.1343,850.9088,289.0611
926.8398,193.9169,995.2949,247.5456,918.4551,345.6289,850.0000,292.0002
922.0157,192.1131,994.3063,242.7483,923.1668,344.3120,850.8763,293.6768
924.7144,192.5392,994.5717,244.3393,920.9769,343.5888,851.1196,291.7887
917.8217,192.6064,994.0291,242.5120,928.2875,342.9015,852.0801,292.9959
929.9468,195.5817,996.5926,253.4117,916.2635,345.9864,849.6177,288.1564
932.0967,193.5134,998.2430,255.7360,910.6442,348.8588,844.4979,286.6363
947.5987,200.1414,995.7334,280.5850,893.8375,341.5561,845.7028,261.1125
975.1478,222.6241,958.6652,322.0412,845.1813,303.2265,861.6639,203.8094
979.6369,225.9032,957.1641,325.9994,843.4816,300.4763,865.9543,200.3801
969.7604,319.9329,893.1473,327.3113,882.4105,215.8271,959.0237,208.4487
989.8718,238.5931,953.2829,330.5836,842.5059,286.5225,879.0948,194.5320
973.7485,224.5650,958.7935,315.8070,839.5822,296.2678,854.5372,205.0258
974.7325,308.0666,894.0140,321.8678,877.1606,223.2983,957.8792,209.4970
979.1613,227.2400,958.4568,315.8533,849.9204,290.4937,870.6250,201.8803
986.0355,302.5356,887.2827,335.1967,854.6259,236.4570,953.3787,203.7959
988.8362,292.7491,902.7910,334.8401,858.4100,244.1135,944.4551,202.0225
995.5765,251.1850,950.5862,324.4781,843.5425,258.7702,888.5328,185.4771
993.3188,279.7348,922.4351,330.1779,856.9172,238.1106,927.8008,187.6675
1000.6422,264.7752,939.9332,333.9014,832.8785,239.8822,893.5874,170.7561
998.9732,253.2952,950.6606,324.4421,829.8649,242.4153,878.1775,171.2683
1001.6011,264.5546,939.4905,333.7737,830.9379,236.3689,893.0485,167.1499
1000.0048,251.2382,954.5117,323.0392,830.0472,244.1787,875.5402,172.3777
1001.5510,260.3484,947.2091,330.8321,829.8353,240.3385,884.1772,169.8548
999.1326,252.1884,952.6409,324.5384,827.9122,244.3885,874.4038,172.0385
995.8489,245.0567,953.0545,320.8040,826.3055,249.1954,869.0999,173.4482
989.7166,234.4292,955.9376,312.4291,827.0262,256.6022,860.8052,178.6023
987.8151,232.2802,954.7307,312.7439,825.6179,259.6564,858.7023,179.1926
988.8021,232.8848,954.6939,311.8318,827.2651,256.7776,861.3732,177.8306
991.1990,236.2729,955.2729,313.3075,828.3315,254.1067,864.2576,177.0722
990.2139,234.7590,954.2448,312.8757,828.1255,254.8038,864.0946,176.6870
988.6190,233.0510,955.0814,311.1550,828.4293,256.7710,861.9669,178.6670
988.8369,233.1656,954.3607,310.8599,828.4739,254.9987,862.9501,177.3044
990.8593,236.8513,953.3107,314.2212,828.3557,253.5789,865.9044,176.2090
988.8619,234.5758,953.1791,312.8238,828.6459,256.0339,864.3287,177.7860
990.6621,237.0231,953.2017,314.4358,828.5776,254.1295,866.0380,176.7168
990.4168,234.5996,954.2091,312.6060,828.9929,254.4853,865.2006,176.4789
989.1677,231.9189,954.8763,311.8758,827.9825,257.4544,862.2739,177.4975
991.3530,236.2989,952.4227,314.1027,831.0947,253.3945,870.0250,175.5907
996.4645,247.6884,949.2053,319.5393,832.8833,243.0298,880.1425,171.1788
1000.4653,255.5996,947.1393,324.3407,831.0701,234.2999,884.3960,165.5588
1000.4540,251.7751,949.7490,322.4717,829.2145,236.0219,879.9196,165.3253
1002.9270,259.3170,949.4251,326.6487,828.2446,230.3582,881.7466,163.0266
1003.3500,258.7570,950.0968,326.2856,824.8420,227.5094,878.0952,159.9808
1003.6587,258.3816,951.2960,326.6029,823.5601,228.5603,875.9229,160.3390
1003.3209,256.8306,952.1888,324.7314,823.9975,228.1980,875.1295,160.2972
1001.2618,253.1201,952.0529,322.4273,823.2140,230.9502,872.4229,161.6431
1000.9216,252.2276,951.9944,321.7339,821.0432,229.5541,869.9704,160.0478
1004.2958,256.5005,951.7090,325.8087,821.6095,227.0973,874.1962,157.7890
1004.4026,258.1383,953.1259,325.9299,821.2728,226.1977,872.5496,158.4061
1003.8220,257.4141,951.9360,325.9987,820.4708,226.5420,872.3568,157.9574
1004.8035,259.5322,951.2473,328.0941,820.6005,226.0411,874.1567,157.4792
1004.4791,258.0917,951.1917,328.1236,819.4185,227.8572,872.7059,157.8253
1001.6333,254.6901,950.9990,324.2039,819.9611,228.7550,870.5955,159.2412
999.5762,251.3373,950.1685,321.7282,819.6641,230.1266,869.0718,159.7357
996.7412,248.4753,948.5955,319.7353,819.8052,232.7202,867.9509,161.4602
992.6302,241.1568,945.2983,318.2959,817.6543,239.9744,864.9863,162.8353
986.6473,230.8963,946.0403,310.8935,817.9503,245.8743,858.5573,165.8771
989.7831,230.2823,950.2345,312.4167,817.6776,248.5891,857.2263,166.4547
990.5708,232.2293,950.2816,314.7977,819.6998,251.0803,859.9891,168.5119
991.4333,234.1704,952.8004,317.6659,822.9445,257.5823,861.5775,174.0868
984.1053,224.0545,956.4767,313.1115,826.0815,272.6583,853.7100,183.6014
973.0344,216.3584,957.9802,311.0365,827.0692,290.2210,842.1234,195.5429
966.6151,212.4440,958.9001,309.3353,829.1434,299.0035,836.8583,202.1122
966.9725,214.8260,958.9401,310.2051,828.2549,299.1994,836.2874,203.8203
965.5245,215.0159,958.9667,307.0330,828.9436,297.7665,835.5014,205.7495
964.4725,213.8895,959.1915,305.3247,828.3161,297.7659,833.5970,206.3306
964.3174,213.3935,959.7707,305.3619,827.5969,298.8276,832.1436,206.8591
964.9377,214.3105,959.0380,307.2533,828.9544,298.9960,834.8541,206.0532
968.0142,216.1009,959.1580,309.8206,828.1005,297.4361,836.9567,203.7164
967.8136,215.6338,959.1835,309.5874,828.4392,297.5779,837.0693,203.6243
967.6037,215.3340,958.4931,311.3924,827.6188,298.9797,836.7294,202.9213
971.2280,218.7239,958.6740,314.2177,825.8271,296.7532,838.3811,201.2594
962.0950,214.3756,959.5248,305.4282,819.9649,301.4887,822.5351,210.4361
959.8484,213.4737,960.9930,305.7791,814.5509,307.5950,813.4063,215.2896
959.1326,212.8649,961.3927,306.1350,808.0242,309.8513,805.7641,216.5812
958.8039,212.5356,962.9875,305.3820,804.2444,312.5348,800.0609,219.6884
958.9202,213.2093,960.9239,309.9424,802.3812,313.2263,800.3776,216.4932
962.4445,217.1157,959.7013,315.7231,801.0500,311.3095,803.7933,212.7021
965.0952,218.1204,959.6971,317.2585,799.4854,308.5349,804.8835,209.3968
965.3973,218.8383,959.8362,318.6464,798.3865,309.6508,803.9476,209.8427
966.9074,221.3940,959.8614,319.9116,798.1937,308.3490,805.2397,209.8314
965.7708,221.7106,959.0288,320.5878,794.8969,309.3964,801.6389,210.5193
962.0500,220.6752,959.8527,316.7862,782.3604,312.7281,784.5578,216.6171
960.4098,220.0814,959.0513,317.2031,775.5486,314.6364,776.9071,217.5146
959.7136,218.9432,961.2039,314.3893,767.9014,317.4074,766.4112,221.9612
959.3754,220.1550,960.9199,313.6971,764.7953,316.9354,763.2508,223.3933
959.9240,220.3690,960.8541,314.6924,760.5418,316.6676,759.6118,222.3442
959.9717,221.5254,960.0367,316.3273,758.3101,316.4656,758.2451,221.6637
959.9939,222.5201,959.3541,316.9179,757.1323,315.5473,757.7720,221.1495
960.2756,222.0252,959.3239,316.9603,755.8707,314.9206,756.8225,219.9855
959.4635,221.9985,959.5539,315.8177,758.2237,316.0117,758.1334,222.1924
960.5919,222.6587,959.8594,319.3341,757.9612,317.8044,758.6937,221.1289
961.0788,223.2659,959.9400,320.0244,754.0966,317.6018,755.2354,220.8433
960.9412,223.2406,959.4169,319.5014,754.0426,316.2494,755.5669,219.9885
961.4739,223.0873,959.1082,320.7868,769.6133,316.1984,771.9791,218.4988
962.5417,223.8323,959.6242,321.3317,772.4761,315.7315,775.3936,218.2321
964.5018,224.8165,959.3822,324.3354,771.8301,314.6870,776.9497,215.1681
962.1207,223.6360,959.0642,318.5031,769.6398,312.4000,772.6964,217.5329
959.4894,220.1615,960.1022,313.8853,767.6975,315.1433,767.0847,221.4196
962.9078,224.0197,958.8804,321.2853,764.4387,313.2343,768.4661,215.9686
962.7792,222.9888,959.8455,318.7790,762.8021,312.7441,765.7358,216.9539
961.7183,222.6907,959.2137,317.7387,760.6007,312.5051,763.1052,217.4572
961.1262,221.6563,959.7360,316.6961,757.8998,313.7439,759.2900,218.7041
960.1981,220.7598,959.5812,313.8881,755.7912,312.5380,756.4081,219.4097
962.7730,222.1909,959.8958,318.0409,757.9849,311.9801,760.8621,216.1300
961.5899,222.4599,959.0590,317.1126,757.5700,311.7250,760.1009,217.0724
962.9297,224.0770,959.6241,318.8062,752.3590,311.5735,755.6647,216.8443
963.7227,226.9080,959.6139,320.1183,743.6309,310.5974,747.7398,217.3871
963.2110,228.8056,959.4661,319.9912,742.5747,311.0838,746.3196,219.8982
962.6072,229.9238,959.5559,320.2255,740.1637,312.8123,743.2150,222.5106
964.5752,233.1215,959.2086,323.1784,738.1890,310.0074,743.5556,219.9505
965.0470,235.2483,959.3428,325.2890,735.7132,311.1219,741.4173,221.0813
969.0721,247.5236,958.4154,330.7006,735.5300,302.1441,746.1868,218.9671
968.2615,247.1540,958.4751,330.0455,733.7783,303.5171,743.5648,220.6256
967.4335,246.1502,958.6294,329.9176,735.5899,306.4758,744.3940,222.7084
965.4766,243.3737,958.9722,330.0168,730.6147,312.8736,737.1192,226.2305
964.1582,241.0712,958.3507,327.8117,728.8645,312.4470,734.6719,225.7065
968.7811,245.3872,958.3738,330.6948,728.0812,302.5999,738.4885,217.2923
967.6170,247.6771,957.6436,330.8411,727.7056,303.2661,737.6790,220.1021
964.1498,236.1145,958.7979,323.4619,728.2303,309.3349,733.5822,221.9875
964.0746,240.0099,959.2557,323.3608,727.6425,309.9703,732.4614,226.6194
966.7919,247.2921,958.6368,324.9121,724.9232,300.3575,733.0782,222.7375
966.4068,249.2465,958.2280,324.9297,718.6230,299.0366,726.8018,223.3533
968.8246,258.6158,958.1250,329.4029,712.9104,292.3383,723.6100,221.5511
968.8898,257.9156,957.6386,330.5550,710.5846,292.2886,721.8358,219.6493
967.6553,253.7468,958.4388,327.9846,708.3587,296.9375,717.5752,222.6997
968.2928,253.6914,958.3104,327.6815,705.6000,293.5870,715.5823,219.5969
967.2119,245.3046,957.1127,327.9264,707.6746,297.4366,717.7737,214.8149
965.8196,243.1010,957.4940,327.5976,712.9999,303.5072,721.3255,219.0106
968.1472,257.9063,957.1334,330.6182,706.0511,292.5863,717.0649,219.8744
964.8611,259.6226,954.7968,327.5340,704.5301,290.4452,714.5944,222.5338
960.3983,254.1270,959.5114,334.4699,756.5237,332.2289,757.4107,251.8861
958.3580,250.5792,963.3092,331.6355,787.2416,342.3902,782.2905,261.3339
958.5460,250.3179,967.0944,331.6651,796.9199,349.5480,788.3715,268.2008
958.9206,253.1222,964.4654,329.5164,789.2883,342.2310,783.7435,265.8368
958.6777,252.3501,966.4179,331.8306,810.9125,346.9745,803.1723,267.4940
2
0
0
0
0
1
612.0931,263.6912,577.3406,326.6692,426.0221,243.1687,460.7746,180.1907
602.7901,250.5122,568.7737,323.2410,416.2961,251.9249,450.3125,179.1960
595.8415,240.7000,564.0666,318.4583,415.4458,257.7265,447.2206,179.9682
591.9185,240.5506,560.4739,318.4431,413.1660,258.9761,444.6105,181.0836
590.2654,234.9604,559.9288,317.5287,412.6159,263.4040,442.9525,180.8357
589.8635,237.8538,559.7480,318.6384,410.8545,263.1329,440.9699,182.3483
589.5318,231.1983,561.3888,316.0453,411.2248,266.2373,439.3678,181.3903
591.7106,233.0860,562.6946,317.0737,411.6340,264.8854,440.6500,180.8978
591.8441,227.6491,564.8134,314.5418,412.3242,267.1054,439.3548,180.2127
593.3940,228.5701,566.3760,316.1325,412.4188,268.6279,439.4368,181.0655
594.0668,232.9446,566.0003,317.7752,409.8039,266.0970,437.8705,181.2663
593.5854,234.1671,565.0714,318.5233,408.4376,265.5781,436.9517,181.2218
592.3340,229.7476,566.5648,316.8865,409.4295,270.4176,435.1986,183.2787
592.0854,231.8464,565.1541,317.6478,406.9816,268.0005,433.9129,182.1992
591.2109,229.8636,567.0616,316.0759,407.0425,271.2522,431.1918,185.0399
591.5115,227.6667,571.3359,314.4414,406.5527,276.1284,426.7283,189.3537
588.9061,218.9522,578.6464,306.4467,405.6866,286.1652,415.9464,198.6706
587.2929,216.4177,580.9916,304.0345,405.2014,291.3918,411.5027,203.7751
583.2874,211.7641,581.0725,300.1081,406.6672,295.7355,408.8822,207.3915
579.3074,208.2596,579.7793,297.8520,407.4372,298.7597,406.9654,209.1673
577.6603,207.3859,579.5468,296.4254,405.1284,300.1209,403.2419,211.0815
569.3117,201.8196,575.3604,290.0641,405.7711,301.6884,399.7225,213.4440
565.6047,200.0126,573.5795,288.1401,405.4377,303.3554,397.4629,215.2279
561.6948,196.5813,571.6741,285.9011,403.7191,304.6659,393.7397,215.3461
561.6875,194.8396,573.8184,284.4394,403.3735,307.5159,391.2426,217.9161
557.5370,191.9358,571.9445,281.8236,400.2974,309.3356,385.8899,219.4478
550.4791,186.6970,569.8148,277.4562,401.1347,313.3926,381.7990,222.6334
549.3963,186.5156,568.7646,276.2984,399.9698,312.7115,380.6015,222.9287
547.9927,186.0249,567.8273,275.0207,400.2990,312.3578,380.4644,223.3620
544.9983,177.9498,571.1270,274.1743,405.7538,319.0794,379.6252,222.8549
541.9081,177.6483,569.0721,272.9289,406.4712,319.2856,379.3072,224.0050
530.4257,175.6962,563.6973,273.8951,410.8882,325.6698,377.6165,227.4709
526.0193,175.2255,560.8364,266.3707,413.2387,322.7525,378.4215,231.6073
516.9598,172.2520,558.7939,264.4121,418.5649,328.0661,376.7308,235.9059
514.0040,170.3600,559.7551,260.8397,422.3253,330.3311,376.5742,239.8515
502.6861,165.2762,562.8794,263.3036,433.8377,342.5412,373.6443,244.5138
499.9211,163.4570,563.6152,255.6740,435.6942,344.0289,372.0001,251.8119
496.7151,163.8486,561.9460,252.7713,435.3026,345.6729,370.0717,256.7501
484.4283,162.3563,560.5454,245.1234,447.4354,349.1455,371.3183,266.3784
477.8425,162.8398,560.4128,244.8076,454.1806,351.8208,371.6102,269.8531
480.6956,166.5846,557.2629,249.6251,447.5076,350.8246,370.9403,267.7841
490.9182,174.3842,554.0004,265.3003,437.2675,346.2955,374.1854,255.3795
491.7365,175.6487,551.9178,266.1339,435.3462,343.6650,375.1650,253.1798
487.3532,175.9464,550.9379,263.4360,438.4966,345.1548,374.9119,257.6651
482.2546,177.6633,549.9299,262.9837,441.8118,348.7419,374.1365,263.4215
484.4243,179.5119,547.7700,269.7348,435.6460,348.4572,372.3004,258.2343
469.5267,182.3438,544.3011,261.9675,442.7337,357.3493,367.9592,277.7256
458.6834,182.6102,543.1594,255.6058,452.3611,360.6844,367.8851,287.6888
453.0113,183.9325,540.2481,254.2847,455.5015,359.3705,368.2647,289.0182
458.5178,186.2648,538.8469,263.3557,449.5255,356.4292,369.1963,279.3383
465.8148,187.5369,537.0015,271.8389,436.9127,356.3565,365.7259,272.0545
458.3095,185.6013,535.5055,266.4910,440.0125,357.6234,362.8166,276.7336
463.0508,188.6000,530.6713,275.1898,429.0003,354.5876,361.3798,267.9978
484.2282,194.1813,530.6387,291.5637,412.3066,347.9585,365.8961,250.5761
484.3201,195.1109,528.4450,292.2602,408.2608,346.8474,364.1360,249.6981
479.5522,194.5654,528.0686,288.6467,412.5270,348.2298,364.0107,254.1485
477.4021,194.2350,529.2441,287.7523,415.5459,350.7818,363.7039,257.2644
484.0810,199.3542,525.9130,298.3734,407.0821,348.5752,365.2501,249.5560
482.4181,197.7946,525.7805,295.6586,407.8395,347.9169,364.4771,250.0529
484.6844,199.5100,524.5875,297.7876,404.7094,346.4610,364.8063,248.1835
488.9533,203.2268,522.2191,302.5636,400.3096,343.3885,367.0438,244.0517
488.5592,204.6447,518.4636,305.9007,395.7053,342.1555,365.8009,240.8995
493.7944,209.7536,514.2504,311.5974,388.7697,336.8010,368.3137,234.9571
498.1378,212.8843,511.5767,313.3721,384.0090,330.4326,370.5701,229.9448
495.9463,211.7778,510.2773,314.0434,384.5063,331.6683,370.1753,229.4027
488.8327,207.1887,512.2729,310.4746,388.4222,338.5818,364.9821,235.2959
478.3975,197.9916,520.1775,298.0728,398.3657,348.9244,356.5857,248.8432
465.9632,192.7563,522.4674,283.6987,409.4971,353.8892,352.9930,262.9469
462.2242,192.1539,521.7073,279.4013,411.8168,354.3218,352.3338,267.0745
459.0789,192.1987,522.1823,278.6284,411.5285,359.4182,348.4251,272.9885
451.4555,190.7879,520.3002,272.4689,415.1604,361.0858,346.3158,279.4048
452.6369,187.0451,524.3911,269.3294,418.2820,361.8595,346.5278,279.5752
455.1575,189.4086,523.8500,272.8831,414.1446,363.1614,345.4521,279.6869
462.2934,190.1874,523.0510,276.7527,406.9707,358.2260,346.2131,271.6608
461.4698,188.1198,525.8110,275.9181,411.1341,359.9568,346.7928,272.1584
474.2657,192.2509,523.4171,284.4698,400.5637,349.9489,351.4123,257.7301
494.6870,201.1197,523.4197,293.5295,379.0805,338.4086,350.3477,245.9987
494.0474,202.2203,521.6675,292.8179,374.4290,337.7061,346.8088,247.1085
499.0713,204.7162,522.7836,294.6312,370.7188,334.7335,347.0066,244.8185
498.9468,204.2597,522.0643,295.9295,370.2745,334.2080,347.1570,242.5383
495.7660,202.2632,520.5358,294.5210,370.4781,334.8090,345.7084,242.5513
492.9470,200.9989,518.5171,294.8305,369.9945,335.3044,344.4244,241.4729
489.2972,199.8199,517.6562,292.6940,370.7725,337.5447,342.4135,244.6706
489.6332,199.6584,517.6044,292.0474,370.1066,336.7029,342.1355,244.3140
490.0495,200.0345,518.8821,296.1845,371.1158,340.4955,342.2831,244.3454
485.2476,196.1840,519.5102,291.2072,374.8964,343.3508,340.6338,248.3275
491.0608,202.6770,514.5299,295.5526,357.6710,335.1899,334.2019,242.3144
487.6166,201.0813,513.9203,296.2496,357.8553,339.3846,331.5516,244.2164
482.9689,198.0215,513.3345,296.1864,377.0148,338.3546,346.6491,240.1897
485.4645,197.3168,515.2112,291.6848,372.6591,336.6202,342.9123,242.2523
499.0593,206.3843,514.7100,293.2085,340.7101,324.5733,325.0594,237.7491
498.5506,207.7474,510.5788,296.3858,333.5751,320.4052,321.5469,231.7669
498.2500,204.7407,512.5651,292.2784,337.7278,320.8697,323.4127,233.3320
501.2654,207.1154,511.8822,294.4197,327.4584,316.8468,316.8416,229.5425
496.4746,203.1802,512.1788,291.3469,337.3647,322.4846,321.6606,234.3178
493.3448,197.2384,513.0854,290.2648,340.6466,326.8570,320.9060,233.8306
494.7741,200.6264,509.4607,289.1405,327.9200,319.2625,313.2334,230.7484
491.7250,201.0577,506.8559,290.2378,326.0906,320.9076,310.9597,231.7275
490.7775,202.2393,503.8128,292.4713,318.0035,319.3141,304.9682,229.0822
488.6888,201.2673,503.6829,289.7207,322.6058,320.4156,307.6118,231.9621
487.0598,198.6999,504.3925,288.8356,325.8449,323.1694,308.5123,233.0338
484.4184,197.0295,502.3854,289.2033,322.5997,324.2481,304.6327,232.0743
480.6445,191.8602,502.8871,281.8573,326.8455,325.3657,304.6028,235.3686
483.7158,196.1720,500.6478,284.0374,318.8834,319.0643,301.9513,231.1988
482.8372,192.0552,502.3879,278.2397,324.8974,318.5029,305.3467,232.3185
482.8016,190.8014,503.8491,277.6072,327.9459,320.2578,306.8984,233.4520
479.2790,183.1552,506.0685,268.1718,331.5289,323.1709,304.7393,238.1543
477.0529,186.4118,502.5163,275.2198,330.4494,324.5554,304.9861,235.7474
482.4585,186.6699,505.7203,275.9706,328.6299,322.1007,305.3681,232.8000
485.4484,186.8795,508.1199,279.5862,328.4155,323.5331,305.7440,230.8263
481.9776,185.5766,506.0353,285.6837,328.1013,328.4447,304.0436,228.3375
484.6076,191.5512,504.2983,291.9986,324.7162,327.2020,305.0255,226.7546
483.0760,191.6415,504.6143,296.0481,327.3470,332.6172,305.8086,228.2106
483.4742,194.1499,503.3077,297.3313,326.5437,331.3089,306.7101,228.1275
487.0836,200.8246,501.4594,297.0347,319.4797,324.2263,305.1039,228.0162
481.2139,200.9638,497.4853,306.0725,317.6277,333.9156,301.3562,228.8069
471.2879,197.6612,493.0405,303.4167,318.6905,339.2784,296.9379,233.5229
464.5836,196.0384,487.6963,299.6386,314.9431,338.1790,291.8304,234.5788
458.6767,194.9585,482.6454,295.1781,310.5002,336.3488,286.5315,236.1292
447.4792,188.6703,479.5732,292.2019,291.8884,350.3828,259.7943,246.8512
447.1487,193.7420,475.7536,302.1576,278.7545,354.1348,250.1496,245.7192
433.5297,190.7549,466.7137,306.6677,272.5151,362.2637,239.3311,246.3509
427.8779,189.2103,463.8942,305.4411,274.7660,364.0460,238.7497,247.8152
411.2783,185.5492,458.5937,305.1938,282.8382,374.6992,235.5228,255.0546
408.7891,186.3393,454.4776,305.4789,281.7434,371.7202,236.0549,252.5806
426.4382,212.7795,439.4497,336.2905,211.4602,360.3086,198.4487,236.7976
415.5866,208.0177,438.4207,330.6443,227.0540,370.0026,204.2198,247.3760
384.5136,198.8281,430.4004,323.6259,281.1684,378.4968,235.2817,253.6989
411.2345,217.4919,427.4328,337.0152,230.2960,363.7320,214.0977,244.2087
405.8979,239.2931,398.8232,357.3353,190.6820,344.8606,197.7567,226.8183
377.8155,282.8910,339.1667,373.9547,174.6903,304.1484,213.3390,213.0847
368.8643,278.5543,334.7308,367.4414,166.9181,302.9998,201.0516,214.1126
369.5973,282.1595,331.6737,373.0641,167.1929,304.4459,205.1165,213.5414
367.1691,282.1921,332.9774,363.7988,166.0176,293.8459,200.2093,212.2392
364.4904,282.2018,328.5202,367.5157,163.8512,298.0876,199.8215,212.7737
361.5511,283.4502,323.9342,367.6734,164.5221,296.4746,202.1391,212.2514
363.6931,279.2139,329.9650,366.7118,164.5936,302.9658,198.3216,215.4678
362.0429,282.4455,327.4368,367.2621,164.9358,300.9599,199.5420,216.1433
361.1760,285.8976,324.8574,367.1239,164.0056,295.2023,200.3243,213.9761
360.4224,284.9954,326.5478,363.7354,161.2075,292.6048,195.0820,213.8648
360.2654,283.7036,324.9966,364.3728,160.4261,292.4222,195.6949,211.7530
362.0801,279.0222,330.6439,362.3390,153.4109,295.4673,184.8471,212.1505
357.3896,270.2671,329.4329,360.0929,149.9942,304.2457,177.9509,214.4198
321.0272,246.3976,306.2206,338.3631,150.8361,313.3459,165.6427,221.3805
324.3838,242.2662,313.5319,338.9875,148.8354,320.5090,159.6873,223.7876
318.1649,236.5666,309.8644,336.8993,142.3287,323.0390,150.6293,222.7064
311.1989,237.2124,306.9693,329.0301,139.5619,321.3185,143.7914,229.5008
306.9041,230.2839,311.0564,320.3225,150.3937,327.7317,146.2414,237.6932
312.4558,264.4019,294.8431,347.8393,139.1600,314.9763,156.7727,231.5390
303.7184,239.9513,290.8511,341.9020,144.0314,323.3718,156.8987,221.4211
300.4926,233.1019,301.1822,329.7695,147.5251,330.8657,146.8354,234.1981
307.5169,228.7686,311.2881,323.1616,135.0739,330.2017,131.3028,235.8086
305.9411,234.9869,305.0607,324.5971,121.5994,322.7946,122.4799,233.1843
301.5554,230.5595,304.9406,320.2807,115.0971,327.4437,111.7118,237.7225
300.3897,231.3746,302.1877,321.2473,111.0143,325.0718,109.2164,235.1992
297.4620,232.6721,298.7043,322.0770,104.6645,324.7732,103.4223,235.3683
288.2421,233.2298,289.5913,321.2194,111.7338,323.9466,110.3846,235.9569
299.9606,230.1126,304.1547,320.6534,111.2349,329.5901,107.0407,239.0493
295.7935,231.3690,298.3847,324.9181,110.5863,330.1198,107.9952,236.5707
298.6303,229.4957,302.1722,324.6012,110.1151,331.7537,106.5733,236.6482
294.3458,227.7175,300.6090,321.5262,112.2556,334.1017,105.9924,240.2931
302.3554,225.4619,308.3640,322.8249,113.2312,334.8673,107.2226,237.5043
293.8983,224.6999,300.6786,322.4301,111.1388,335.5800,104.3585,237.8498
272.6689,207.7969,300.9094,298.4731,148.8040,345.8453,120.5635,255.1690
288.0543,214.0627,306.0712,312.2618,142.8418,342.2100,124.8249,244.0110
311.0468,216.0385,323.4036,318.1481,136.5787,340.7569,124.2219,238.6473
294.2591,205.3797,318.1702,292.0128,138.8817,341.4973,114.9706,254.8641
289.0854,210.8138,308.5559,308.6311,134.7199,343.2332,115.2493,245.4158
281.2659,201.7769,309.7245,288.8484,137.3423,345.1899,108.8838,258.1184
284.7281,206.7386,307.7757,298.4429,132.7584,342.4290,109.7109,250.7247
273.7867,203.4829,300.8743,291.9716,136.4201,342.3133,109.3325,253.8246
286.5462,211.6358,303.3906,304.6102,125.1445,336.9036,108.3000,243.9292
281.5446,207.9456,302.9070,299.0695,125.4414,340.6730,104.0791,249.5491
281.4810,204.5965,305.0253,290.2535,126.2462,339.3938,102.7020,253.7368
295.2621,210.7917,310.1399,299.3934,102.3572,334.2837,87.4794,245.6820
290.0845,206.4224,308.1493,290.3163,101.4664,334.8211,83.4016,250.9272
282.3802,213.1984,297.3162,296.2521,85.9081,334.2707,70.9722,251.2170
273.8568,216.1532,287.3540,299.6917,86.5456,332.1361,73.0483,248.5976
282.6193,211.8560,297.6754,295.6663,82.4728,334.3264,67.4167,250.5162
282.0146,211.8830,297.2389,296.3921,88.2647,334.0386,73.0405,249.5296
295.9875,206.8109,312.3599,290.7483,84.4242,335.2083,68.0518,251.2709
291.1929,208.9048,307.0302,292.2146,85.4864,334.3306,69.6490,251.0207
298.8659,214.5905,309.1902,308.0159,81.1732,333.2137,70.8489,239.7882
284.3397,218.1639,293.1512,308.3081,82.6654,328.8830,73.8539,238.7388
304.2368,208.8612,318.1451,292.8031,82.3376,331.8738,68.4294,247.9319
313.6597,217.9893,320.3060,316.1841,77.7008,332.6048,71.0545,234.4100
300.3962,212.5762,314.2130,296.7849,81.9701,334.8910,68.1533,250.6822
319.6242,228.6032,319.9097,323.9767,74.8146,324.7102,74.5291,229.3368
321.3923,231.4740,319.7010,327.3918,66.0953,322.9199,67.7866,227.0022
316.6998,237.8771,309.3145,335.1960,62.6447,316.4767,70.0300,219.1579
317.2986,239.8274,309.4021,336.7960,55.1704,316.0930,63.0669,219.1244
317.9001,239.0318,310.4507,334.1222,48.3580,313.5900,55.8074,218.4996
314.9168,237.6285,309.0563,329.4037,49.2594,312.8138,55.1199,221.0386
292.2672,238.8960,285.9308,329.6786,45.4559,312.8940,51.7923,222.1114
291.4779,238.5112,284.7536,331.0338,45.6705,313.6576,52.3949,221.1351
291.8392,239.9950,284.6856,332.7631,45.1819,314.2943,52.3355,221.5262
284.0132,233.8962,280.5526,324.3785,37.1661,315.0699,40.6268,224.5876
287.4293,237.7051,283.3200,329.1103,43.5076,318.3292,47.6169,226.9240
279.2010,226.8073,284.2519,314.9681,46.3817,328.5963,41.3307,240.4355
274.9125,222.4267,283.7432,311.6982,58.4111,333.9881,49.5803,244.7166
288.7967,233.9816,284.8564,337.9056,61.5311,329.4382,65.4714,225.5142
267.8381,213.9157,284.3492,304.1005,66.1966,344.0399,49.6855,253.8552
264.0371,211.4431,283.6674,309.5999,75.7840,351.1745,56.1536,253.0177
265.5705,210.6358,285.6906,317.1400,77.3753,356.4937,57.2551,249.9895
263.5901,209.1316,285.0360,314.3212,79.2690,356.2727,57.8231,251.0831
260.5700,206.2741,284.7983,308.3558,81.4474,356.6197,57.2191,254.5381
259.1431,206.6855,282.0243,315.8676,82.3617,357.7107,59.4805,248.5286
240.0590,198.6041,274.6563,293.3010,91.4975,360.2177,56.9002,265.5208
227.4874,201.2434,264.8287,302.8040,97.7633,364.2298,60.4220,262.6692
223.6679,200.8512,263.3568,299.1198,97.3827,366.1538,57.6937,267.8853
229.9023,202.4080,264.5066,300.1387,94.8290,360.2178,60.2247,262.4872
231.2731,202.5885,264.7775,302.1819,91.2115,360.5716,57.7071,260.9782
229.1191,203.7280,261.4160,295.1543,85.4566,357.3130,53.1597,265.8867
231.9066,206.5511,260.8003,301.9090,82.5896,355.9073,53.6959,260.5494
236.5631,210.2940,260.5783,312.5930,80.2801,354.9189,56.2649,252.6199
231.5172,209.8580,257.7858,308.0725,81.1827,355.3072,54.9141,257.0927
231.3621,209.8650,257.8974,306.2924,79.4242,355.4054,52.8889,258.9781
229.2824,209.7584,254.2177,309.0538,78.6039,353.1544,53.6686,253.8590
224.8199,208.8866,251.7280,303.6822,79.5309,352.5611,52.6228,257.7654
223.2865,209.3018,249.7303,303.1003,80.3334,350.8569,53.8896,257.0584
222.4809,212.1313,245.4413,306.9497,78.0219,347.4907,55.0614,252.6722
228.7949,215.2537,247.0706,313.2305,68.8787,346.4688,50.6030,248.4920
237.9334,221.3049,247.6899,313.9986,38.1167,336.0573,28.3602,243.3636
231.6630,222.6347,239.3300,314.6825,29.5060,332.1597,21.8389,240.1119
233.6086,221.4608,241.2141,314.1260,29.0773,331.5371,21.4718,238.8719
234.4690,223.1130,241.5022,314.0894,26.7187,330.6940,19.6854,239.7176
230.9087,222.3059,238.8195,312.6974,28.2245,331.1282,20.3137,240.7366
230.0346,220.2724,238.2392,311.0045,26.7610,330.1279,18.5564,239.3958
229.3727,219.2990,238.2740,309.9800,27.0073,330.7181,18.1060,240.0370
226.0083,219.0507,235.5553,308.3082,24.8525,330.8449,15.3055,241.5874
227.1015,217.6329,236.6041,307.0923,23.8496,329.6916,14.3470,240.2323
226.2381,218.2042,236.0726,306.6687,25.7052,330.0549,15.8708,241.5904
224.6344,217.4573,234.0598,307.2007,26.2319,329.0281,16.8064,239.2847
223.5138,217.2288,233.1242,306.8210,27.5437,328.8732,17.9334,239.2810
224.3324,216.6331,232.8776,309.6351,26.6992,328.5791,18.1540,235.5771
228.4781,222.6338,231.9953,316.1280,22.9538,323.9921,19.4366,230.4979
225.2746,225.5372,225.3608,320.4417,21.7451,320.6266,21.6589,225.7221
227.6868,232.8744,215.2368,332.0081,10.3201,306.2729,22.7702,207.1392
228.7281,236.0087,214.0524,331.9527,3.8899,299.8060,18.5656,203.8620
228.2160,239.1702,209.8058,335.0702,3.8784,295.5378,22.2885,199.6379
228.7056,238.7360,208.8257,335.1577,3.4699,292.8182,23.3498,196.3965
228.6691,240.7277,207.1347,336.8718,2.8789,291.1224,24.4134,194.9783
223.0589,242.1919,199.8326,338.3150,2.6619,290.6727,25.8881,194.5495
220.6404,242.5979,197.0628,338.3975,1.3799,290.2373,24.9575,194.4377
221.1943,241.4920,198.3709,337.6219,2.5487,291.1293,25.3721,194.9994
220.9169,241.4770,198.3423,336.9526,3.2052,290.8137,25.7798,195.3381
220.0562,241.4207,197.5128,336.7958,3.6980,290.9846,26.2414,195.6096
220.9112,241.0685,198.0304,337.4182,3.1597,291.1410,26.0405,194.7913
220.3891,241.0413,198.0701,336.1115,4.0105,290.5534,26.3295,195.4832
220.9833,242.6927,197.5956,337.6494,1.3827,289.3226,24.7703,194.3659
221.0047,243.5734,194.8875,339.4804,0.6454,286.5847,26.7626,190.6778
222.9298,246.7247,194.1747,341.7180,-1.4932,282.4882,27.2619,187.4948
226.3482,251.0125,196.3652,342.6394,-4.8464,276.7971,25.1366,185.1702
225.4472,251.0837,195.5919,341.6736,-5.7435,275.3205,24.1118,184.7305
226.1258,251.9293,197.1467,341.7441,-6.6417,275.9911,22.3374,186.1763
224.7245,250.1852,197.7409,339.9985,-4.5801,279.2131,22.4035,189.3997
229.0705,249.2568,204.2325,339.3319,-3.0864,282.1643,21.7516,192.0892
227.5068,248.1878,202.9552,337.6246,-2.5733,281.2041,21.9784,191.7673
226.8537,247.9433,202.7155,337.3470,-4.0612,281.5192,20.0770,192.1154
227.3997,249.1115,202.3945,338.8620,-3.1673,281.5908,21.8380,191.8402
224.6577,247.7846,199.4573,338.2198,-3.3337,281.7105,21.8668,191.2753
226.1757,248.4599,201.6491,337.8830,-3.7788,281.5392,20.7478,192.1160
224.6067,248.3136,198.7344,338.1650,-5.5422,279.3444,20.3302,189.4930
224.7777,248.6425,195.5715,339.9768,-7.7426,274.9627,21.4636,183.6284
226.9162,252.6499,194.0640,344.0487,-10.5548,270.5010,22.2973,179.1022
227.1074,253.7087,189.6303,345.7767,-10.4178,264.3453,27.0594,172.2773
227.2851,256.1797,188.2356,348.0740,-12.0219,262.9768,27.0277,171.0824
226.2731,255.7869,185.9114,347.3329,-14.1523,259.1271,26.2093,167.5811
224.2138,256.5628,184.3969,346.7975,-13.2844,259.5688,26.5326,169.3340
224.0564,256.4819,184.5487,346.3687,-14.6303,258.8241,24.8774,168.9373
223.6559,256.2785,183.9026,346.4088,-14.4381,258.9279,25.3151,168.7975
224.6303,256.1937,184.3128,347.0333,-14.1843,258.9340,26.1331,168.0944
224.7491,256.7301,184.2719,347.3640,-14.0132,258.8098,26.4640,168.1758
225.6710,256.6803,185.5562,347.7552,-14.2302,259.7575,25.8846,168.6826
225.8215,257.1108,185.4533,347.9515,-13.6544,259.4711,26.7139,168.6304
226.6719,257.8604,186.6491,348.0527,-13.6602,259.1655,26.3626,168.9732
227.1289,256.5557,187.1071,347.5221,-13.8628,259.1027,26.1590,168.1364
224.7492,256.6896,184.1227,347.0189,-13.2810,258.2347,27.3455,167.9054
222.9804,257.6005,182.0591,347.3794,-13.2978,258.3354,27.6235,168.5565
224.3936,258.0260,183.5540,348.1596,-13.8526,258.7145,26.9871,168.5809
222.8906,258.4472,181.7469,348.0672,-13.6794,258.3488,27.4644,168.7287
222.4671,258.7053,181.0491,348.0406,-13.6906,257.7546,27.7274,168.4193
223.9990,257.9518,182.4744,348.0852,-13.0435,258.0097,28.4811,167.8764
222.9230,259.0381,182.2946,347.7223,-13.4139,258.0634,27.2146,169.3792
221.1412,257.6986,179.4643,347.4048,-12.8754,258.0449,28.8015,168.3387
221.0990,257.2966,179.4077,347.8956,-12.3696,259.6445,29.3218,169.0455
220.2833,257.3242,177.1516,348.7175,-9.9367,260.4239,33.1951,169.0306
222.5726,257.9600,176.0985,350.1731,-6.9390,257.9249,39.5350,165.7117
222.2966,259.0564,174.6633,351.7638,-7.0007,258.4243,40.6326,165.7169
221.2140,258.4877,174.4744,349.8543,-8.0859,256.4636,38.6537,165.0970
219.6251,258.2860,170.3130,350.0491,-7.5822,254.4510,41.7299,162.6879
218.0426,260.1286,167.5170,350.7052,-7.4370,253.1118,43.0886,162.5353
216.9086,260.5291,165.9354,350.0012,-6.3927,251.8241,44.5805,162.3520
217.1581,259.1903,167.0745,348.5239,-6.7703,251.0602,43.3133,161.7267
218.8815,259.9557,169.1166,348.8683,-4.7864,251.5337,44.9785,162.6212
215.3433,259.5190,165.0284,347.4978,-6.0169,249.6774,44.2980,161.6986
216.1179,260.8959,166.4081,348.3349,-6.9095,249.8025,42.8002,162.3635
216.2082,260.4868,166.5755,347.7562,-5.5654,249.8546,44.0673,162.5852
215.1438,260.2621,165.1705,347.5861,-4.6607,250.3958,45.3127,163.0718
215.0668,260.8211,164.8097,347.6806,-5.7247,249.0090,44.5324,162.1495
215.0832,260.6492,164.5389,347.8387,-4.1879,250.0266,46.3564,162.8371
215.7238,261.2210,165.4498,347.7925,-4.1254,249.3163,46.1486,162.7448
216.2436,262.3636,164.7100,349.1276,-3.3318,249.3188,48.2018,162.5548
216.1002,261.1457,165.0947,348.1517,-2.7264,249.7701,48.2791,162.7640
215.3529,262.2244,163.9010,348.6483,-3.2166,249.1560,48.2353,162.7321
213.8652,261.3939,162.0762,347.8294,-3.0892,248.8683,48.6998,162.4328
214.7117,261.7148,162.7280,348.4266,2.5150,252.3790,54.4987,165.6672
219.0326,257.9302,173.1036,350.5416,11.4919,270.3930,57.4210,177.7816
218.1867,249.4806,183.9157,345.9626,24.2601,289.2520,58.5311,192.7700
213.6409,237.5759,191.5352,339.5869,38.2184,306.3632,60.3242,204.3522
207.6881,229.0299,196.9984,333.0202,49.3318,317.8408,60.0215,213.8505
206.1582,224.7546,200.5865,328.7150,54.9578,320.9100,60.5295,216.9497
200.1855,220.7142,201.4403,325.5724,61.6134,327.2457,60.3586,222.3875
198.8188,220.6029,199.7200,325.7696,61.5582,326.9536,60.6569,221.7869
195.7084,219.7008,199.6968,324.8239,64.3917,329.9574,60.4033,224.8343
194.7716,220.9705,198.2332,324.6096,64.2721,329.0840,60.8106,225.4448
195.3898,221.4364,198.7079,324.2263,65.9555,328.5117,62.6374,225.7217
196.4014,222.4006,199.0201,323.7892,64.0819,327.2744,61.4632,225.8858
191.0484,221.2142,195.5422,323.9397,65.1238,329.6450,60.6300,226.9196
192.9557,223.2465,194.1917,323.0702,63.8898,324.6837,62.6538,224.8599
189.7489,225.2617,188.6217,325.5151,62.9449,324.1020,64.0721,223.8486
189.8359,225.6116,188.5956,326.2097,63.8671,324.6718,65.1074,224.0737
186.7691,230.2289,176.4296,332.6306,61.6838,321.0447,72.0233,218.6430
187.2138,229.7694,178.9380,330.6119,63.4698,321.1357,71.7457,220.2932
190.2086,232.4152,175.1998,333.2227,60.4616,316.1398,75.4704,215.3323
189.8586,233.1030,175.1012,332.3676,62.3895,315.6111,77.1469,216.3465
191.0101,234.9349,172.5004,334.4596,60.8173,313.6887,79.3270,214.1639
195.3326,241.7049,168.3049,337.6341,59.2918,306.9201,86.3195,210.9909
198.0581,245.7082,163.0142,343.0973,56.9898,304.9460,92.0337,207.5570
199.3831,248.6463,160.4316,343.5505,55.6373,300.5398,94.5887,205.6357
194.7509,237.2047,170.9608,339.3474,59.5511,313.3990,83.3412,211.2562
188.9155,221.1080,189.7551,324.7999,70.8820,325.7624,70.0424,222.0706
186.3659,209.4817,207.1423,311.8758,79.1158,337.8531,58.3394,235.4591
195.2990,210.0009,210.9685,314.5686,75.4812,334.8714,59.8117,230.3038
192.5919,210.3965,205.9630,314.9044,73.0465,331.9103,59.6754,227.4024
206.2496,220.9242,204.0071,319.3497,63.2955,316.1436,65.5381,217.7182
194.5207,215.2853,202.0185,317.9825,70.4604,327.5874,62.9626,224.8902
205.4821,219.3924,205.1841,317.6833,66.1847,317.2618,66.4828,218.9709
184.2962,203.1199,211.8580,305.6155,84.3863,339.8934,56.8246,237.3978
183.0441,204.7057,207.7183,308.3359,80.2808,338.6786,55.6066,235.0484
186.7506,210.3625,203.0165,312.3663,71.4419,333.3477,55.1760,231.3440
196.7498,211.7278,210.9595,314.9859,68.4440,334.5981,54.2342,231.3399
189.4974,212.4616,202.5846,316.4659,67.9219,333.4110,54.8347,229.4066
201.7713,218.2253,207.3498,320.9288,61.7825,328.8355,56.2040,226.1320
199.6489,223.9034,199.1779,324.1628,59.3849,323.5061,59.8558,223.2468
207.4591,221.6087,209.8753,320.1568,59.6000,323.8414,57.1837,225.2933
207.5789,220.7089,211.9998,321.2179,63.5643,327.7468,59.1434,227.2379
210.6888,221.9936,214.2789,324.8177,62.5198,330.1163,58.9298,227.2921
220.4296,223.9468,221.9887,329.8201,64.2225,332.1434,62.6634,226.2701
224.3285,220.8996,229.3078,323.2179,62.9527,331.3135,57.9734,228.9952
227.5341,222.2006,232.1754,324.9633,63.5782,332.5779,58.9370,229.8153
229.4507,222.6318,233.5342,327.5966,62.9756,334.2320,58.8921,229.2671
229.2829,219.2964,235.6693,328.8388,65.3254,338.7698,58.9391,229.2275
229.5506,221.0376,235.5397,331.4241,65.5711,340.6459,59.5820,230.2594
232.8725,223.5036,236.1797,331.9396,65.2170,337.1539,61.9098,228.7178
231.5908,221.4748,236.4043,332.6055,67.5619,339.9188,62.7484,228.7880
234.0182,223.6897,237.5724,335.3636,66.9223,340.7947,63.3682,229.1208
235.5627,226.3858,237.8796,334.3582,68.2787,337.9976,65.9617,230.0253
236.6516,226.5127,238.8667,333.5999,69.9897,337.0931,67.7747,230.0059
236.4768,224.7498,239.6467,333.0056,70.3462,337.9630,67.1763,229.7072
239.2278,228.8155,239.6359,333.7806,69.7299,334.4411,69.3219,229.4760
239.1397,229.9952,239.0625,333.8886,68.4772,333.7618,68.5544,229.8684
239.8640,228.9410,238.4704,334.0899,68.2864,331.8343,69.6800,226.6854
241.5629,230.5455,238.7706,334.1530,67.5138,329.5374,70.3061,225.9300
241.6253,230.2180,238.7527,333.7634,67.4354,329.0107,70.3079,225.4654
242.4495,231.7937,239.1449,334.9540,67.3012,329.4492,70.6059,226.2888
243.2703,231.8592,239.3459,335.0528,67.4793,328.5167,71.4038,225.3231
243.3759,232.0685,239.6495,333.7706,67.2355,327.4532,70.9620,225.7510
243.5875,231.6713,239.2147,335.9464,65.4537,328.6597,69.8265,224.3846
246.5596,233.3862,239.9702,336.1187,66.6285,325.0003,73.2179,222.2679
245.5306,232.5415,239.5979,338.2866,66.2621,328.5618,72.1948,222.8168
247.9079,236.8582,235.6868,342.9601,64.2529,323.2138,76.4740,217.1120
248.8281,243.6808,231.4615,347.8147,61.5029,319.4705,78.8695,215.3365
254.7622,255.1917,227.4078,356.1470,58.3730,310.3461,85.7274,209.3907
255.7501,261.1384,220.0126,364.5122,56.7993,308.0875,92.5368,204.7137
256.7676,264.3459,219.1539,364.1178,56.5014,302.7983,94.1151,203.0264
256.9154,263.0021,218.0507,364.2951,56.3848,302.2661,95.2495,200.9731
256.8746,261.9379,221.4032,361.4454,57.0144,302.8459,92.4858,203.3383
257.3647,264.4854,217.9704,364.7225,57.2179,301.5450,96.6122,201.3079
258.3478,265.0850,218.5088,364.8845,58.3846,300.9644,98.2236,201.1649
260.8609,264.7543,221.4142,365.3674,58.4548,301.4772,97.9015,200.8640
267.1739,267.4065,230.8714,364.7495,58.1255,300.3267,94.4280,202.9837
270.9243,267.1512,238.2296,362.5928,58.4053,300.9919,91.1000,205.5503
274.9525,263.9209,246.4740,358.4597,60.8822,302.5527,89.3607,208.0139
274.2778,262.7860,245.6166,357.0846,58.8076,300.3057,87.4689,206.0071
275.5214,262.3832,245.8263,355.2784,58.7258,295.4694,88.4210,202.5742
276.9551,263.6332,248.0386,354.9281,63.6846,296.5363,92.6011,205.2414
278.9320,262.2118,249.8806,353.6203,57.9990,292.6365,87.0504,201.2280
280.5290,260.6800,253.1144,353.2860,54.6307,294.5280,82.0453,201.9219
280.6646,263.7851,252.2190,353.3658,54.1283,290.4637,82.5739,200.8829
279.6539,261.2985,250.5282,353.5560,54.4225,291.6454,83.5482,199.3878
278.5014,261.5560,249.3611,353.3492,53.9645,291.3193,83.1048,199.5261
279.5005,263.2006,250.1482,352.9506,54.1778,288.8593,83.5301,199.1093
277.8446,266.0797,244.0970,358.4572,53.7630,288.9238,87.5106,196.5462
275.8978,266.3824,239.8415,362.1894,54.9906,292.6220,91.0468,196.8151
284.7881,268.7854,255.0636,358.7435,47.1301,290.0369,76.8546,200.0788
284.5634,268.0592,257.1898,354.0944,48.5660,287.7169,75.9396,201.6818
282.1212,266.4979,258.1577,356.3735,45.8267,299.7597,69.7902,209.8842
279.5204,259.3385,260.2686,350.1520,46.5843,304.8524,65.8362,214.0389
277.5200,252.5057,262.7703,346.5034,46.5038,312.5679,61.2534,218.5702
273.9693,245.5249,265.7733,340.8810,52.7070,322.5677,60.9030,227.2116
273.4349,240.1116,270.7467,334.2003,51.5632,327.9380,54.2514,233.8493
267.0565,233.6406,271.5677,327.7682,51.7964,338.3010,47.2852,244.1734
266.8134,230.6507,275.5463,321.6243,53.8242,342.9081,45.0914,251.9345
266.0381,230.4336,275.6748,322.2144,55.0423,345.3803,45.4055,253.5995
267.0747,232.0624,275.2180,322.9851,57.3989,342.4937,49.2556,251.5709
266.6000,232.4035,273.9211,324.8137,56.5074,342.0382,49.1862,249.6280
271.1598,237.0208,275.2276,328.9081,51.3455,338.8193,47.2777,246.9319
277.1922,244.4874,276.0545,335.4604,47.4156,332.6009,48.5534,241.6279
274.1391,242.5587,273.6100,334.9952,48.3681,333.7061,48.8971,241.2695
273.5766,242.4538,272.4925,336.9695,52.5864,334.4472,53.6705,239.9315
277.1500,242.7908,275.6620,335.3389,53.4943,331.7668,54.9823,239.2188
275.4027,244.4512,271.7944,338.4067,54.7075,330.0697,58.3158,236.1142
277.8471,245.9535,270.6656,339.6456,56.3690,323.2199,63.5504,229.5278
279.9912,245.6750,272.4737,340.0078,57.8438,322.9036,65.3614,228.5708
278.1309,244.4783,270.3300,338.0559,57.9862,320.3543,65.7871,226.7767
279.1783,245.8269,270.5003,337.6837,58.8066,317.6846,67.4845,225.8278
280.3434,245.4194,271.2614,337.9742,59.8601,317.2302,68.9421,224.6754
284.5301,242.5346,276.1155,335.3570,61.7508,315.9243,70.1654,223.1019
282.3038,242.6597,272.5203,333.2279,61.2415,310.4047,71.0251,219.8365
284.2036,240.6090,275.7707,329.9091,64.0845,309.9190,72.5174,220.6189
290.9522,238.9972,283.4429,328.9335,65.5793,310.7429,73.0886,220.8065
294.9717,242.7405,283.4675,333.9228,64.1016,306.2461,75.6058,215.0638
291.5034,233.7537,285.7799,326.8122,67.6593,313.3968,73.3828,220.3383
305.2179,236.5443,295.6532,333.8184,65.3563,311.1741,74.9209,213.9000
309.2838,235.4519,300.3379,332.3882,67.1945,310.8723,76.1403,213.9360
304.1389,225.8683,302.5221,321.8042,68.2988,317.8569,69.9156,221.9209
302.2784,225.4027,299.6635,322.5911,69.7836,316.4062,72.3984,219.2179
317.4550,232.0749,309.2504,328.6713,68.7400,308.2432,76.9446,211.6467
317.0742,231.1203,309.0411,328.0938,70.3186,308.3186,78.3516,211.3451
317.5931,234.3045,307.6301,330.7434,71.4659,306.3456,81.4289,209.9066
318.0049,230.9401,310.6822,328.6896,75.2083,311.0497,82.5309,213.3002
319.8607,229.8837,314.5218,323.9903,72.7443,310.2738,78.0832,216.1672
298.2691,229.8037,291.4708,320.2817,72.5390,303.8317,79.3373,213.3537
285.9459,225.6841,280.1123,322.9423,72.8817,310.5125,78.7153,213.2542
285.8276,226.6831,280.2735,320.9836,71.0734,308.6621,76.6275,214.3617
284.4308,224.5705,279.3173,322.1486,74.1052,311.3946,79.2187,213.8165
287.0276,226.1535,280.2621,325.3816,83.1435,311.9419,89.9089,212.7137
289.1437,225.2328,284.5060,325.3766,89.0678,316.3259,93.7054,216.1821
293.3654,226.1086,287.2569,324.1157,100.5324,312.4777,106.6410,214.4705
300.0631,228.8793,289.1195,330.8508,104.9310,311.0837,115.8746,209.1123
307.4029,229.9662,296.9337,328.6875,109.9388,308.8571,120.4080,210.1358
309.8729,229.8569,298.7752,326.9686,115.3537,306.0076,126.4514,208.8960
315.1682,229.8126,305.2155,323.7105,119.8900,304.0671,129.8426,210.1692
325.7150,236.0875,307.0062,332.1267,122.1039,296.1069,140.8128,200.0678
320.2866,230.0724,310.6527,320.1004,126.4297,300.3867,136.0636,210.3587
325.3190,231.1432,310.8138,338.4386,128.6103,313.8066,143.1154,206.5112
317.8424,218.1789,319.0718,323.5403,132.0607,325.7224,130.8313,220.3610
320.0381,213.1585,324.7834,317.6618,135.9780,326.2353,131.2326,221.7319
331.2964,220.5641,331.2746,323.0734,136.4065,323.0320,136.4283,220.5226
338.0260,227.5994,328.7292,337.9605,137.9372,321.8883,147.2339,211.5272
351.0924,236.2483,330.7292,335.8300,139.8305,296.7938,160.1936,197.2121
355.4774,242.1292,323.2762,353.9373,140.1504,301.1962,172.3517,189.3881
346.6743,222.8663,341.4154,313.6294,147.6275,302.4011,152.8864,211.6380
353.6483,222.9275,348.5872,319.2700,151.3744,308.9098,156.4355,212.5673
375.4658,225.5304,367.1722,322.2316,152.6915,303.8366,160.9851,207.1355
385.1166,224.3063,376.3543,327.7299,155.2623,308.9985,164.0245,205.5750
390.3254,225.8849,382.6548,322.5605,153.6372,304.3895,161.3077,207.7139
392.3788,224.6726,379.0021,338.7784,157.3782,312.7972,170.7549,198.6914
401.7909,231.3943,380.3125,360.3193,155.8095,322.9179,177.2879,193.9930
399.9636,222.8198,393.1147,319.8607,157.4672,303.2292,164.3161,206.1883
400.4308,220.3165,393.5569,324.6201,158.9046,309.1559,165.7785,204.8523
401.8920,218.5101,394.4897,338.0195,162.2374,323.6342,169.6396,204.1248
403.9245,218.9341,395.4505,345.7959,166.1874,330.4817,174.6615,203.6199
406.7778,219.3174,399.2444,343.5890,168.2531,329.5863,175.7865,205.3147
409.2440,219.9778,401.6453,346.7495,171.6822,332.9654,179.2809,206.1938
412.7891,220.1604,405.3398,341.3802,173.4583,327.1305,180.9076,205.9106
413.0500,214.1886,410.9614,330.3112,177.4973,326.1120,179.5859,209.9893
406.1287,201.9545,418.5403,321.4528,187.9055,345.4076,175.4939,225.9092
409.9484,198.1707,425.8841,328.4742,195.6350,356.6329,179.6993,226.3294
420.6738,197.2119,437.1188,330.9637,201.8922,359.8852,185.4471,226.1334
408.9577,182.9637,439.2223,300.6134,209.6949,359.6576,179.4304,242.0079
415.2511,181.7911,445.8964,299.9504,209.7106,361.2065,179.0654,243.0472
426.5512,189.6317,447.7093,296.4986,212.2792,343.1104,191.1211,236.2435
425.4048,185.1782,450.2234,296.8988,213.9825,349.3795,189.1639,237.6589
424.1462,184.7970,449.5362,297.1034,219.3455,349.1444,193.9556,236.8380
446.7296,206.0816,451.0040,297.0612,216.0676,308.0989,211.7932,217.1194
449.1632,206.6496,452.3213,296.2608,216.9179,304.5568,213.7599,214.9455
448.0909,206.5377,451.6003,296.5264,217.6127,305.6515,214.1033,215.6628
451.2703,206.9795,454.2181,296.4683,218.4934,304.2332,215.5456,214.7444
448.7429,207.6374,451.9158,298.0723,220.7931,306.1812,217.6202,215.7464
447.5061,206.4431,450.8691,297.6763,221.2692,306.1398,217.9062,214.9066
452.5559,207.1404,455.5808,296.8001,221.0004,304.7141,217.9755,215.0544
458.1771,206.5699,462.1977,294.8609,223.6670,305.7231,219.6464,217.4321
460.3711,206.2090,464.4505,295.1058,224.7506,306.1056,220.6711,217.2088
462.3650,206.9687,465.7255,295.6782,226.6167,304.7363,223.2561,216.0267
461.4041,206.3952,464.2889,295.4815,227.7213,303.1423,224.8364,214.0560
462.5770,206.3671,465.1390,296.9389,227.5630,303.6592,225.0010,213.0874
464.4283,206.9788,466.4753,296.4833,231.0758,301.8671,229.0287,212.3626
464.0326,207.8862,465.7319,297.6684,232.2268,302.0880,230.5275,212.3058
461.6884,206.4355,463.9054,296.7888,232.6583,302.4628,230.4413,212.1095
461.8672,208.3286,463.7157,297.2603,233.9223,302.0368,232.0737,213.1051
465.1941,207.8377,467.0464,297.8576,234.6190,302.6402,232.7667,212.6203
463.9862,206.6751,466.5500,297.1230,235.0535,303.6850,232.4897,213.2371
465.6953,206.9680,468.1043,296.3313,235.8232,302.5932,233.4141,213.2299
465.8515,207.1059,468.3742,296.3840,237.7963,302.8993,235.2736,213.6212
463.2740,208.2154,464.8510,297.2964,237.7116,301.3177,236.1345,212.2367
465.9478,207.8684,467.4829,296.7258,237.1516,300.7050,235.6165,211.8477
463.3322,206.7205,464.4818,297.7948,238.8597,300.6427,237.7101,209.5684
467.6334,205.6758,468.8556,297.8913,239.9950,300.9244,238.7728,208.7090
466.1742,207.6599,466.9401,298.7304,241.3624,300.6274,240.5965,209.5569
465.1172,207.5862,465.7568,299.0536,242.7831,300.6128,242.1435,209.1454
466.5971,207.5021,467.9670,299.5870,242.0014,302.9485,240.6315,210.8636
465.5312,206.9868,466.6970,299.8767,243.1124,302.6827,241.9467,209.7928
465.7967,204.4679,468.8268,298.8127,245.1991,305.9950,242.1690,211.6501
462.8241,203.9378,466.2969,299.6192,245.3613,307.6381,241.8885,211.9567
463.6443,203.5288,468.2726,299.2422,246.1676,309.9822,241.5393,214.2688
463.6767,201.2179,470.3899,298.3682,246.0759,313.8683,239.3628,216.7181
466.5994,202.2585,472.1089,296.8277,246.2379,309.9866,240.7285,215.4173
462.2872,200.0548,469.0709,297.4805,245.7565,313.0296,238.9729,215.6038
458.5341,203.0132,463.0879,298.2796,246.2986,308.6422,241.7448,213.3758
462.8035,201.6198,468.1118,296.6407,246.7055,309.0093,241.3972,213.9884
462.0816,199.3856,467.8931,296.4866,247.5305,309.6753,241.7190,212.5743
462.9705,202.2773,467.6296,296.8676,248.6639,307.6529,244.0048,213.0625
461.2185,200.6875,466.0992,296.6443,241.5544,308.0653,236.6738,212.1085
463.3415,200.5109,467.8707,297.4509,245.3125,307.8492,240.7833,210.9092
463.3652,199.7991,468.5567,296.5087,246.8867,308.4083,241.6952,211.6987
462.9800,200.9079,468.3342,297.8622,249.3346,309.9563,243.9804,213.0020
458.7637,200.8080,463.6706,298.3387,245.1973,309.3305,240.2904,211.7998
462.3560,199.0256,469.1165,296.8101,246.9152,312.1723,240.1547,214.3879
460.7188,199.6465,467.6499,296.7357,246.2074,312.5442,239.2763,215.4550
459.4422,198.1816,467.3413,298.1192,248.1789,315.4419,240.2798,215.5042
460.3074,193.9641,471.1971,297.5018,250.8849,320.6732,239.9953,217.1355
460.9647,195.1427,471.4501,298.6222,248.3365,321.2300,237.8510,217.7506
460.6959,194.4311,471.3582,296.9170,250.4774,319.8969,239.8150,217.4110
460.1079,192.1823,471.6718,296.7135,251.5184,321.0683,239.9545,216.5371
460.4712,190.7878,472.8954,296.2144,250.8009,322.3874,238.3767,216.9608
463.0232,191.6041,474.8209,295.1063,249.5196,320.7874,237.7219,217.2852
464.1913,193.0035,475.0290,294.8063,249.5051,318.8151,238.6674,217.0124
465.2195,192.1326,476.4825,293.9088,249.6510,319.0111,238.3880,217.2349
461.9253,192.3592,473.7032,293.3904,250.1716,319.4488,238.3938,218.4177
460.8225,191.7712,472.3105,293.7344,250.6797,318.7051,239.1917,216.7419
462.9766,191.8670,473.9437,293.3193,248.5818,317.6813,237.6146,216.2290
463.0881,190.6586,475.2680,294.0065,250.1486,320.5374,237.9687,217.1895
463.4416,188.8524,477.5819,291.5383,250.8027,322.7669,236.6624,220.0809
463.9662,186.5214,479.2050,292.0563,251.3437,324.9585,236.1049,219.4236
463.0624,187.2054,478.6169,292.3636,252.5933,325.7959,237.0388,220.6376
464.7227,184.2463,482.5369,291.0166,252.8303,329.3422,235.0161,222.5719
462.9994,186.6055,478.0690,291.2634,247.1274,324.5165,232.0578,219.8586
463.3385,182.6452,482.9059,290.2270,252.6497,332.1070,233.0823,224.5252
452.2774,177.3014,477.5788,282.1896,250.2903,337.0167,224.9889,232.1285
464.5642,181.5737,484.2838,289.5422,252.7442,331.8310,233.0247,223.8624
460.2033,175.1974,485.6712,288.3169,256.2101,339.9781,230.7422,226.8586
466.7314,179.2413,486.9648,288.1848,252.8676,331.6620,232.6343,222.7186
468.7693,181.0927,487.3976,289.6026,252.3481,329.9543,233.7198,221.4444
468.0375,183.0545,478.1295,299.0079,245.2293,319.2784,235.1372,203.3250
479.1673,186.6670,485.0980,297.1340,244.3179,310.0608,238.3872,199.5939
478.3739,179.2595,483.3778,308.2782,237.1986,317.8261,232.1947,188.8074
485.8466,192.1562,487.2078,301.3501,230.7455,304.5469,229.3844,195.3531
479.0169,178.8559,486.8698,300.0461,235.3972,316.3410,227.5443,195.1509
486.0255,188.6449,493.3520,297.1064,236.7336,314.4409,229.4071,205.9794
483.2146,184.7237,492.1218,295.3979,241.8360,315.5410,232.9288,204.8668
485.0270,185.8670,493.1552,295.3420,236.8139,314.3746,228.6857,204.8997
483.4806,182.5294,494.4525,294.5580,246.7341,318.8190,235.7622,206.7904
471.4666,178.6392,486.5197,296.7599,244.4248,327.6121,229.3716,209.4915
474.8771,181.1804,486.3468,298.2856,244.3827,321.9845,232.9129,204.8793
479.3795,181.7487,489.0853,294.0337,236.4893,315.8679,226.7835,203.5830
473.6402,179.4373,484.7140,293.3278,237.5031,317.3645,226.4293,203.4740
478.8128,177.4295,490.5308,285.1933,242.1089,312.2061,230.3909,204.4424
467.0839,162.9514,493.1905,275.8145,253.6187,331.2303,227.5121,218.3672
464.0633,156.8432,494.9243,268.6237,257.0439,334.2992,226.1829,222.5187
461.0577,156.6001,493.7752,265.4067,260.9332,335.4209,228.2157,226.6142
460.8929,152.9106,494.3839,264.0393,260.0277,334.6676,226.5367,223.5389
461.5847,155.6094,494.8809,263.7086,262.5691,335.2641,229.2729,227.1650
461.3384,152.9848,495.4472,263.4525,263.0103,335.2213,228.9015,224.7535
460.8622,152.8900,495.4641,263.2281,265.0196,335.4954,230.4176,225.1573
458.9196,152.9158,494.8256,262.1811,268.0447,336.7042,232.1387,227.4390
460.1093,154.4107,495.2899,263.2273,267.4742,336.8803,232.2936,228.0638
458.8311,152.9333,495.6255,263.0372,269.6898,338.5401,232.8954,228.4362
454.1167,156.4331,489.4265,267.6227,274.3356,335.9277,239.0259,224.7380
451.6153,158.5143,486.5176,268.8318,274.7856,335.8197,239.8832,225.5023
451.5955,156.4301,488.1779,266.8680,277.0939,336.7894,240.5114,226.3514
451.4172,155.6701,489.0690,266.1485,275.1691,339.0471,237.5172,228.5688
451.4279,155.9651,488.5567,265.7211,273.0767,338.6146,235.9479,228.8586
450.9202,156.1043,488.3957,265.9113,272.3091,339.6583,234.8336,229.8512
450.1497,156.6558,488.0161,265.1390,271.6525,340.6614,233.7860,232.1782
451.6815,158.4702,488.3891,265.8536,269.9973,340.5080,233.2896,233.1246
451.7517,157.8708,488.7654,265.6139,270.7938,340.4951,233.7802,232.7519
449.6923,157.4102,487.2895,264.5882,269.7623,340.8950,232.1651,233.7170
452.8620,158.0571,489.6044,264.3245,270.7920,339.9797,234.0496,233.7123
454.7078,155.3510,492.8201,260.9594,270.7621,341.0964,232.6498,235.4880
456.1326,156.8972,492.9224,260.3588,270.1713,339.5666,233.3815,236.1050
455.4576,157.0694,492.4756,262.3837,271.0260,340.2234,234.0079,234.9091
457.4629,156.5303,494.5562,261.2586,271.1463,340.3873,234.0530,235.6591
456.2334,156.0519,493.4929,261.5172,270.2178,340.3974,232.9583,234.9320
455.1562,156.7014,492.1353,262.9679,267.0766,341.2848,230.0975,235.0184
452.6125,156.7902,490.3938,263.1902,269.0403,341.7901,231.2590,235.3901
454.5824,156.6181,492.2122,262.3951,267.5612,342.3139,229.9315,236.5369
456.5033,157.6996,493.7154,261.4172,267.8759,342.4447,230.6637,238.7271
454.2192,157.1948,492.8951,261.7805,267.4555,345.1483,228.7796,240.5627
455.2769,157.3101,492.7869,261.8227,268.4257,342.3467,230.9158,237.8341
455.5787,157.1633,493.0037,261.7686,270.2469,341.4649,232.8220,236.8597
453.4097,157.3063,491.5128,262.1935,269.7245,342.7642,231.6214,237.8770
452.9825,158.0887,490.6472,262.1353,268.6166,342.5101,230.9519,238.4635
453.4913,158.1230,490.7030,263.0414,267.1832,342.3178,229.9715,237.3995
452.4777,157.8872,489.3443,263.5915,267.7160,340.8889,230.8494,235.1846
451.8479,156.4777,490.5167,261.8310,268.9780,343.1445,230.3091,237.7912
450.9358,156.0992,490.0809,262.7154,270.2622,343.4237,231.1172,236.8075
450.7977,155.2385,490.5822,260.8882,267.3148,344.9638,227.5303,239.3142
451.6672,155.7186,490.9052,260.7473,269.5172,343.4562,230.2792,238.4275
452.6885,155.1989,492.7651,259.3645,269.3824,345.3086,229.3058,241.1430
451.9691,155.8112,491.2773,260.1866,270.0834,343.4890,230.7753,239.1136
451.9359,156.4973,490.2191,261.3666,269.1444,342.0711,230.8613,237.2019
451.1783,156.7904,489.9644,261.6306,268.1053,343.7085,229.3192,238.8682
451.4279,157.7005,490.2525,262.0168,267.0592,345.0853,228.2346,240.7690
451.1643,156.3907,489.9073,262.2216,268.5113,343.2712,229.7683,237.4403
450.9701,157.9319,489.5916,263.6301,270.1049,343.8293,231.4834,238.1312
450.1437,157.3597,488.5070,263.8364,267.1458,343.5924,228.7825,237.1157
449.4256,160.2590,486.4572,266.2220,271.5517,341.3264,234.5201,235.3635
449.3175,159.9428,486.5606,265.4000,271.3152,341.4157,234.0721,235.9585
451.3266,156.4918,491.1577,260.6930,272.0707,344.4395,232.2396,240.2383
451.2420,157.0835,491.1647,261.4364,275.2538,344.0384,235.3310,239.6855
446.3729,153.2879,492.8297,259.0565,275.4181,354.5504,228.9612,248.7818
444.7317,152.6312,493.2178,259.4418,275.6242,358.2174,227.1380,251.4067
450.0904,158.9967,490.8770,262.1532,273.5757,348.0710,232.7891,244.9146
452.1518,157.0973,491.8965,262.3577,274.0283,344.6214,234.2836,239.3610
450.7744,158.4279,489.2066,264.3714,272.8286,342.8649,234.3965,236.9213
448.0293,155.2529,493.4541,260.6063,273.0221,355.6490,227.5973,250.2956
450.1144,158.0376,489.4860,263.8172,273.3059,344.2803,233.9343,238.5007
449.2144,159.9823,487.8743,264.5669,273.3378,343.8707,234.6779,239.2860
448.6913,158.1308,487.0688,264.8842,272.4129,342.0522,234.0354,235.2988
451.3594,156.6453,491.2280,260.6655,273.0035,344.3060,233.1349,240.2859
451.7034,157.5904,491.1431,262.9511,271.1092,345.3164,231.6695,239.9557
451.5233,158.5453,490.8282,262.7964,271.2491,345.5823,231.9443,241.3312
452.5869,157.2549,492.2337,262.6215,272.8942,345.1535,233.2473,239.7868
451.3371,156.3478,494.7323,260.5083,274.7011,352.1773,231.3060,248.0169
451.9951,156.8960,491.5271,262.8642,275.2157,343.5602,235.6837,237.5920
452.6091,156.5606,492.8394,261.8321,273.7378,345.5634,233.5076,240.2919
450.2915,159.4431,488.5026,265.3268,271.6922,343.5690,233.4811,237.6854
450.4851,158.4534,489.5910,265.0797,272.7410,344.6107,233.6352,237.9844
450.4742,159.4080,488.6926,265.9532,272.4860,343.5077,234.2677,236.9624
451.3427,157.2492,490.8270,263.9187,273.4570,344.3793,233.9727,237.7098
450.1126,156.6473,490.7758,263.6717,275.2736,345.5502,234.6104,238.5258
450.7117,159.7213,489.1934,266.2243,274.1996,343.9059,235.7179,237.4029
453.1556,157.7555,492.5448,263.2263,272.0800,345.5611,232.6909,240.0903
451.7314,157.4811,491.9692,263.7581,274.2061,346.2061,233.9683,239.9290
452.2869,158.5598,491.9868,264.1193,275.4816,345.5447,235.7817,239.9852
456.5648,156.1314,496.3514,260.8914,276.7231,344.3036,236.9364,239.5437
456.0515,159.8743,493.3519,264.3135,274.2080,342.5806,236.9076,238.1415
459.0869,170.5133,488.6419,272.7908,268.6277,336.3681,239.0726,234.0906
462.0215,176.7172,486.4594,277.6860,265.3683,331.1978,240.9303,230.2290
468.4462,177.2760,491.3190,277.9629,264.7142,329.4401,241.8414,228.7532
467.1932,175.9714,491.2066,277.6880,264.1224,331.2982,240.1091,229.5817
459.6149,171.1423,490.3326,277.8523,264.7780,342.7810,234.0602,236.0710
469.5417,178.0381,492.7503,279.3896,264.5920,331.6357,241.3834,230.2841
457.1028,170.2166,490.7374,278.6626,267.6776,347.8447,234.0431,239.3987
457.7346,171.3182,489.9384,280.3385,271.0249,345.0039,238.8211,235.9836
456.1244,169.9646,490.5681,280.4807,270.6131,349.0324,236.1694,238.5164
453.8696,167.6766,491.8361,281.4012,275.0749,353.7660,237.1084,240.0414
453.4511,165.2169,494.5020,281.0558,277.2260,358.0538,236.1751,242.2149
452.9478,167.5043,492.7051,282.8552,279.9990,356.1673,240.2417,240.8164
456.2083,170.0505,493.3802,283.6286,279.8436,353.5151,242.6716,239.9370
455.4810,168.6990,494.0327,284.1388,285.2854,353.8512,246.7336,238.4114
462.1138,172.0956,496.3636,287.8680,282.0584,351.2675,247.8086,235.4951
485.4641,196.5623,493.4802,295.7983,274.2170,313.5102,266.2008,214.2742
477.8470,181.4282,499.6258,297.3832,273.1527,339.9197,251.3739,223.9646
484.4259,185.3475,501.8928,302.2857,273.8253,336.3518,256.3584,219.4136
491.5732,190.8736,503.0363,304.4349,273.9806,327.5563,262.5175,213.9949
493.4963,188.6670,505.8086,305.1129,274.5277,329.5673,262.2153,213.1214
491.1318,181.7967,508.7899,303.8685,276.2263,337.5095,258.5683,215.4377
490.6607,181.0931,509.8599,302.7753,279.7071,339.0892,260.5079,217.4070
508.4294,198.6042,510.9812,296.3935,276.2619,302.5184,273.7101,204.7291
508.8691,199.0740,511.7071,295.8131,276.8733,302.7023,274.0353,205.9632
498.8767,188.8290,509.7577,296.6002,276.3288,320.1680,265.4478,212.3968
507.2193,194.4329,497.4476,312.3031,272.0394,293.6162,281.8111,175.7461
506.1929,195.6056,503.0041,311.4743,291.0843,305.6420,294.2731,189.7733
507.3748,200.4818,509.9045,308.7360,296.9626,313.7121,294.4330,205.4578
508.8783,209.6449,507.1870,316.4101,291.0342,312.9860,292.7255,206.2208
504.1078,199.7463,511.3759,309.5954,298.8405,323.6576,291.5725,213.8085
512.5502,204.6156,513.3256,308.5954,297.0080,310.2084,296.2326,206.2286
511.7051,203.5354,517.0970,310.9323,304.9749,321.5819,299.5830,214.1850
520.6100,207.1809,522.1613,309.7846,304.4712,313.0758,302.9199,210.4721
527.8166,204.6781,530.2604,307.0002,308.3236,312.3008,305.8799,209.9787
540.8309,203.9645,542.2863,309.0094,311.5669,312.2058,310.1116,207.1609
540.5750,197.5501,546.4157,301.9662,318.7716,314.7000,312.9308,210.2839
550.2722,185.2259,561.7028,285.6393,336.1595,311.3142,324.7289,210.9008
549.2241,192.7189,555.7966,298.1577,340.2151,311.5960,333.6425,206.1573
552.6172,201.5614,552.9302,302.5574,332.9313,303.2393,332.6183,202.2432
558.8387,202.9421,558.1271,300.7995,336.1330,299.1853,336.8446,201.3279
560.1458,204.2011,557.0363,303.8454,340.6164,297.0918,343.7259,197.4475
564.9874,207.0657,558.3522,306.8216,343.7408,292.5469,350.3760,192.7910
564.9905,207.9847,557.3644,308.8553,346.4738,292.9115,354.0999,192.0408
562.8236,206.6892,556.9916,310.3247,349.4857,298.6475,355.3178,195.0120
568.4133,208.8748,559.7103,307.6841,350.8803,289.2905,359.5834,190.4812
572.0596,211.4296,561.8288,307.9622,350.4688,285.5615,360.6996,189.0289
569.6959,210.6372,560.6583,307.0831,351.8707,287.5186,360.9082,191.0727
568.6364,212.9622,558.5046,308.3145,355.6235,286.7572,365.7552,191.4049
568.2673,210.0724,560.1768,307.7079,358.1398,290.9663,366.2303,193.3308
570.1784,210.8297,562.9401,306.2206,360.2387,290.8396,367.4770,195.4486
564.0912,206.1407,561.5235,307.9839,368.1383,303.1082,370.7060,201.2650
567.4625,204.9668,572.7913,306.3413,383.7885,316.2765,378.4596,214.9019
567.5382,200.8984,578.4452,303.0405,393.4261,322.7973,382.5191,220.6552
569.4546,202.4507,581.6841,303.6393,399.7975,325.6219,387.5680,224.4332
573.0129,207.1073,583.3437,312.4540,406.4881,329.7972,396.1573,224.4505
577.8639,212.6180,582.8498,321.2919,413.8983,329.0433,408.9123,220.3694
594.2261,229.9366,594.7667,329.0438,428.1633,329.9525,427.6227,230.8453
607.4664,243.1359,598.4101,337.7032,434.1866,321.9762,443.2430,227.4089
618.8213,254.3852,598.8544,351.1697,437.6805,317.9191,457.6474,221.1346
616.4184,259.3501,599.8981,343.8712,445.8038,313.7524,462.3240,229.2313
616.3392,254.8210,603.2708,342.8717,449.6608,320.0731,462.7292,232.0224
624.8651,253.5299,613.7894,334.1273,469.2723,314.2678,480.3480,233.6704
624.6932,282.4094,591.2493,342.7626,471.7870,276.5641,505.2309,216.2109
617.9387,276.4571,591.3175,332.3233,477.2854,277.9850,503.9066,222.1189
620.4740,280.4060,591.1678,335.5694,476.6354,274.7226,505.9417,219.5593
622.4243,281.8792,592.0034,337.0477,483.5409,277.2397,513.9617,222.0711
623.1888,293.7533,591.3022,344.5789,492.5496,282.6243,524.4362,231.7986
624.9825,274.1096,546.7995,337.3718,459.9940,230.0927,538.1770,166.8305
2
0
0
0
0
1
849.2365,229.6584,850.9195,291.6129,711.9708,295.3876,710.2877,233.4330
865.6215,231.0559,865.6071,293.9454,713.6071,293.9106,713.6215,231.0211
868.9426,232.3873,866.2977,299.4134,709.4198,293.2229,712.0647,226.1968
870.7645,232.9920,867.2032,302.4964,713.4050,294.6161,716.9662,225.1117
871.9619,233.0405,868.4061,303.1581,718.5986,295.5613,722.1544,225.4437
870.6036,228.2539,867.2407,304.2771,724.3804,297.9576,727.7433,221.9345
873.5191,230.6259,868.2005,306.3732,717.5714,295.7969,722.8900,220.0495
887.0095,250.9196,869.9673,320.8736,699.9402,279.4515,716.9825,209.4975
889.2334,254.4880,870.5173,322.9342,699.7851,276.2487,718.5012,207.8025
890.3220,256.4048,871.1481,324.9593,696.8375,276.2067,716.0114,207.6522
886.1127,254.3109,867.3279,322.9275,697.5743,276.4550,716.3591,207.8384
882.1066,253.0755,863.9230,321.1700,695.8135,276.2788,713.9972,208.1843
870.4301,246.9060,852.6386,317.0924,700.7869,278.5996,718.5784,208.4133
877.1639,246.7854,860.8357,316.9102,699.3099,279.2998,715.6381,209.1749
887.5078,248.5768,871.4641,317.8664,697.9995,277.7015,714.0432,208.4119
896.3788,244.2816,882.6932,316.0492,701.9501,281.5827,715.6357,209.8151
902.1476,240.2246,890.0739,315.1534,705.4554,285.4047,717.5291,210.4759
909.1982,238.2465,897.7906,315.6715,705.8860,287.3966,717.2936,209.9716
920.2855,241.9434,908.2036,317.7891,704.9500,285.4117,717.0318,209.5660
922.1445,242.0386,908.7026,320.7570,707.0854,286.3290,720.5273,207.6106
923.1694,242.1734,909.1679,321.5903,707.6700,286.0657,721.6714,206.6488
925.4996,243.1876,910.2123,323.0163,709.8203,284.6409,725.1076,204.8122
928.6074,244.6320,910.5176,325.0960,715.1171,281.1664,733.2069,200.7023
933.6597,245.5808,916.3259,325.4352,716.6702,282.0963,734.0041,202.2419
939.7623,246.4543,922.2566,325.7609,720.5004,281.2264,738.0061,201.9198
945.0596,245.8354,928.8406,324.9896,720.5186,282.3037,736.7375,203.1495
952.0747,246.3347,935.5305,326.7044,720.0486,282.3472,736.5928,201.9775
954.3493,246.9046,936.5426,328.5246,720.6066,281.4147,738.4133,199.7947
959.4265,248.5476,939.7271,331.2797,724.7427,280.0895,744.4421,197.3574
959.7057,246.0975,941.0631,329.5215,724.8731,281.2097,743.5157,197.7858
962.4995,246.2027,942.8173,332.3120,728.4307,283.3091,748.1129,197.1999
962.6956,245.2686,943.3984,330.6945,729.6273,282.4050,748.9245,196.9790
966.9072,249.1434,941.7305,339.1952,733.8292,281.0699,759.0059,191.0182
971.3815,250.3942,944.7125,343.5188,733.9997,283.1749,760.6686,190.0504
