1
383.7350,160.6852,368.9527,202.3145,261.1432,164.0321,275.9256,122.4027
386.9353,166.1615,370.8288,206.5010,260.3125,162.3747,276.4189,122.0352
388.6900,170.7565,371.8193,209.7347,262.6099,162.4662,279.4807,123.4880
392.3326,171.8733,375.0976,213.1754,258.8157,164.6521,276.0507,123.3500
394.1042,171.8630,377.7728,213.9463,259.3756,167.9994,275.7071,125.9161
395.8172,173.3318,378.8874,214.9997,263.0812,167.9471,280.0111,126.2793
397.0573,175.9454,379.4676,217.8018,266.0735,170.1490,283.6633,128.2926
399.2775,175.1849,381.3212,218.7736,267.5932,171.9234,285.5495,128.3347
401.2954,175.4889,383.4350,219.1141,268.6798,172.1327,286.5402,128.5076
403.7849,176.4588,386.4366,220.2505,270.2235,174.2125,287.5717,130.4207
405.4699,176.5690,387.8672,220.5108,275.5444,175.5151,293.1472,131.5733
409.3227,180.7084,388.9339,223.1451,281.6715,171.6107,302.0603,129.1740
411.5847,177.8010,393.4915,219.8458,286.9067,173.9792,304.9998,131.9344
414.3177,180.9463,395.3352,221.4306,289.4048,171.7614,308.3873,131.2771
417.5545,184.7767,396.8457,223.1603,292.9962,167.1311,313.7050,128.7475
421.6764,186.9250,397.6277,226.8272,295.7072,165.4005,319.7560,125.4983
427.9277,187.1263,404.5604,228.2270,296.7643,166.9409,320.1316,125.8402
433.2404,187.8858,413.0808,228.5482,303.7769,174.3573,323.9365,133.6950
435.0209,185.6465,417.2243,225.9777,312.0121,179.5515,329.8087,139.2204
440.9070,186.7959,422.1067,227.9626,313.8606,178.5280,332.6609,137.3613
443.0847,190.2803,425.5314,228.3692,315.6396,177.7252,333.1930,139.6364
449.0997,193.1718,431.7047,230.2257,317.6476,176.6816,335.0426,139.6277
452.9083,194.7945,434.4307,231.9483,321.6125,175.8407,340.0901,138.6868
453.8003,194.0742,433.2063,233.0489,319.1497,172.7821,339.7436,133.8075
461.2936,174.1304,434.4150,232.2126,325.9263,182.0074,352.8050,123.9253
462.7899,126.0100,445.9744,224.3512,339.5782,206.1584,356.3937,107.8172
459.7637,124.4421,455.7940,217.4291,347.6149,212.8108,351.5846,119.8239
468.9179,131.9248,452.7968,225.7603,341.4318,206.6275,357.5529,112.7920
461.4792,127.4461,457.4105,211.0894,347.2118,205.7289,351.2805,122.0856
467.7216,147.8214,459.3076,215.9804,341.3443,201.4182,349.7583,133.2592
470.5563,147.9892,460.0828,219.2872,344.3964,202.2931,354.8699,130.9951
475.4939,177.4595,456.2909,232.9146,338.1496,192.0046,357.3526,136.5495
465.1892,175.5691,452.5327,220.2467,339.3859,188.1939,352.0425,143.5162
458.5461,183.6627,437.3524,229.9179,345.4397,187.8043,366.6334,141.5491
461.4532,188.5343,437.7108,232.0684,344.1292,181.0313,367.8716,137.4973
459.5184,186.9549,434.3293,229.9681,343.1416,176.5671,368.3308,133.5540
462.8131,194.4420,425.5976,242.2940,341.8015,177.1241,379.0169,129.2720
466.9846,197.2968,438.7901,235.5997,344.5649,166.2412,372.7594,127.9383
469.2196,200.1653,442.7526,235.6672,344.9422,162.7485,371.4092,127.2467
472.6795,205.9434,444.5800,240.2987,345.5002,159.2606,373.5997,124.9052
475.4119,209.4256,448.0118,242.4756,347.5336,159.1744,374.9337,126.1243
477.6337,210.8580,449.7696,244.8984,349.0495,162.4529,376.9136,128.4126
478.8412,210.5397,451.7318,245.0787,354.0788,168.4315,381.1882,133.8925
479.5912,210.9299,452.2327,246.0802,356.1985,171.3339,383.5571,136.1836
478.2826,213.1236,451.2032,247.4568,357.5899,173.6219,384.6693,139.2887
480.1460,213.3185,452.6177,247.9961,359.0920,173.7519,386.6204,139.0743
480.4575,217.9742,452.5597,250.8493,366.7683,178.0469,394.6661,145.1718
480.5528,218.0711,452.2381,251.0683,367.4397,178.3034,395.7543,145.3062
482.4932,221.4985,454.1036,254.3581,365.0182,177.3913,393.4077,144.5318
483.4019,221.4238,455.4636,254.6081,364.3631,177.9092,392.3015,144.7249
484.7973,221.6830,456.7859,256.0666,361.4840,178.4266,389.4954,144.0431
486.4161,223.8707,458.1815,258.4677,357.4644,176.2722,385.6991,141.6753
487.6147,223.8132,459.4164,258.6396,358.4159,176.8612,386.6142,142.0348
488.6846,226.4489,459.8556,260.8365,360.0161,177.1356,388.8451,142.7480
487.9718,224.1303,458.9500,259.4399,360.7331,178.7132,389.7549,143.4036
487.4510,222.1189,457.9496,258.2599,361.1192,179.2187,390.6206,143.0777
484.8310,219.1152,455.3271,255.1376,360.9442,177.8338,390.4482,141.8115
482.0530,213.6323,454.1503,250.8835,359.3455,179.8706,387.2482,142.6194
478.9713,205.3403,453.3013,244.9791,361.5279,185.5468,387.1979,145.9080
476.8622,200.5527,452.7363,241.5317,364.2880,189.4588,388.4139,148.4798
473.3883,197.4085,451.2619,237.5039,361.1016,187.7496,383.2280,147.6541
467.5124,190.2168,447.9698,232.0245,361.4820,191.5966,381.0246,149.7889
465.4633,185.7165,447.2531,228.8864,358.5897,191.4857,376.8000,148.3158
462.3994,181.5789,443.9250,226.2061,358.9785,191.0405,377.4529,146.4133
456.4691,176.8557,437.0014,223.0099,356.0199,188.8521,375.4876,142.6979
448.6455,172.6215,430.6563,217.5943,352.0558,186.1539,370.0450,141.1811
443.6279,170.8418,422.4408,216.2423,349.0858,182.0097,370.2728,136.6092
437.7317,163.4932,422.2398,211.7391,349.8788,188.5038,365.3707,140.2579
434.3906,155.7712,428.0313,205.8948,349.6893,195.9554,356.0485,145.8318
430.8284,150.5211,428.1621,203.3319,354.6020,199.6181,357.2683,146.8072
417.9719,141.4486,431.0388,192.4908,366.5064,209.0112,353.4395,157.9690
397.6149,140.7957,428.2718,169.4572,381.8250,219.1375,351.1682,190.4759
405.5945,140.6281,430.7796,167.3141,380.4154,214.8456,355.2303,188.1596
398.8043,142.3549,421.6677,163.4641,375.6744,213.2795,352.8110,192.1703
391.3857,140.8618,417.9930,160.2334,379.2184,213.4914,352.6110,194.1198
384.4431,136.7703,411.0337,154.8640,372.2501,211.8608,345.6594,193.7672
377.1984,129.5903,409.7770,152.3844,371.4536,207.1584,338.8750,184.3643
375.5022,129.7997,406.9187,155.6770,364.1378,207.6155,332.7213,181.7382
368.2997,129.8069,403.7842,154.6266,364.4614,210.8462,328.9769,186.0265
360.5687,129.2680,396.0069,143.7437,369.4081,208.8603,333.9699,194.3846
352.7590,109.6624,404.4908,119.7148,391.1193,188.5268,339.3875,178.4743
354.1476,122.2370,389.4360,129.2818,374.6195,203.4999,339.3311,196.4551
352.3428,126.0680,386.6518,130.6398,376.2671,208.5699,341.9581,203.9980
342.7012,115.7892,380.8017,127.6418,358.3012,199.9700,320.2007,188.1173
358.8679,98.8210,404.4846,116.3304,377.8002,185.8504,332.1835,168.3410
350.7828,100.3727,402.0544,114.0501,384.2338,180.8525,332.9622,167.1750
356.2910,106.7185,400.9713,127.2162,374.5330,184.8456,329.8527,164.3479
352.7772,102.9637,399.7903,118.7068,378.6495,181.8390,331.6364,166.0959
378.6891,105.9403,412.7092,148.1503,363.6577,187.6845,329.6376,145.4745
344.2805,112.8066,389.6285,117.6138,383.2413,177.8669,337.8933,173.0597
342.2528,116.0190,390.0341,118.0456,387.5590,176.3984,339.7778,174.3718
336.9571,119.5145,366.9410,120.4956,365.0443,178.4645,335.0603,177.4835
370.2245,172.7122,340.3102,174.4204,337.1955,119.8755,367.1099,118.1673
386.2938,170.3723,338.3089,171.5785,336.8651,114.1432,384.8499,112.9369
344.3774,112.2808,376.5536,119.1487,363.9864,178.0254,331.8102,171.1575
337.2732,118.7629,384.8386,119.2473,384.2834,173.7654,336.7181,173.2810
348.0970,107.2482,374.6938,116.0006,354.0632,178.6933,327.4663,169.9409
345.0293,111.5655,372.1068,118.4827,357.2562,176.6158,330.1787,169.6986
338.5310,117.9032,365.4195,120.3554,360.3935,175.4665,333.5050,173.0143
343.0372,112.2786,371.6284,119.7562,356.4469,177.8038,327.8557,170.3262
349.3634,110.8775,380.5980,123.9647,358.0498,177.7794,326.8152,164.6923
347.2634,111.9094,378.3275,124.8036,356.4754,177.4485,325.4113,164.5543
343.3161,116.4858,377.2598,129.1525,358.6222,179.0970,324.6785,166.4302
336.3829,121.5808,368.9238,127.0663,360.5281,176.8702,327.9872,171.3847
338.5909,120.5755,369.3366,129.4470,355.3398,177.9551,324.5941,169.0835
330.6158,126.0735,359.5542,127.9629,356.3743,176.6693,327.4359,174.7800
330.9013,125.5519,356.8844,126.4904,355.0772,176.5261,329.0941,175.5876
334.4003,124.2578,363.1263,128.2348,356.5437,175.7813,327.8177,171.8043
340.9107,121.1768,369.9378,132.0593,352.3855,178.8772,323.3584,167.9948
336.3047,125.4423,366.0424,131.6550,355.9207,180.1041,326.1829,173.8914
336.3451,124.9354,366.6386,132.5573,354.6517,180.2002,324.3582,172.5784
337.8863,122.6771,361.2212,129.4520,346.4439,180.3502,323.1089,173.5754
332.3731,127.9799,358.6365,136.1715,345.2375,179.1304,318.9741,170.9388
334.7689,126.9727,361.6163,140.1082,342.2791,179.6312,315.4317,166.4957
337.7345,126.6610,360.5287,133.7375,346.0006,180.5342,323.2064,173.4577
336.8421,126.4735,359.9632,133.7757,345.5074,179.5472,322.3864,172.2450
336.8547,125.7990,359.6162,132.2284,346.8401,177.4586,324.0786,171.0292
337.1736,126.6841,359.9866,133.5103,346.8001,177.5797,323.9871,170.7535
337.2673,126.5703,360.6721,133.6845,347.2942,177.6962,323.8894,170.5820
335.9308,126.9701,358.6475,132.6447,347.3164,178.0055,324.5997,172.3309
337.4261,127.6702,361.1902,134.2007,349.1743,177.9262,325.4102,171.3958
338.7569,127.6090,361.1175,134.6361,346.4925,181.1736,324.1319,174.1465
336.7214,126.9955,359.9180,132.3868,349.0238,179.2605,325.8272,173.8692
337.1386,127.4760,361.4259,134.6419,347.8857,180.5336,323.5983,173.3676
339.3369,127.6615,364.4885,138.0665,345.6221,183.6716,320.4705,173.2666
342.7019,122.2085,366.9013,132.4694,345.2517,183.5280,321.0524,173.2671
345.5240,121.5690,370.6184,136.1382,342.9099,183.8640,317.8156,169.2948
349.1230,120.1321,374.7559,140.0170,341.0085,183.5194,315.3757,163.6344
352.4480,124.5450,373.3876,151.9374,334.1356,181.9429,313.1960,154.5505
359.6436,128.6458,374.2597,158.2324,328.7916,180.6942,314.1754,151.1076
359.9640,128.1288,374.5744,158.4001,326.7000,181.5066,312.0896,151.2353
365.0596,128.7324,376.9192,159.6596,325.7651,179.2756,313.9055,148.3484
365.0923,126.0889,379.4564,159.5332,327.6396,181.7882,313.2755,148.3438
366.5684,129.3947,377.6079,163.9375,323.7252,181.1578,312.6857,146.6149
369.3703,131.6223,377.2467,166.0743,316.9032,179.8700,309.0269,145.4180
370.9443,132.1369,378.0009,163.3229,313.9510,177.8157,306.8945,146.6298
375.4699,133.7783,380.2375,165.3389,317.2942,174.8472,312.5266,143.2866
377.1829,132.1844,382.1012,165.4436,320.1796,174.6004,315.2613,141.3413
379.3236,133.7590,382.8836,166.3299,317.5434,173.4718,313.9833,140.9009
379.3002,135.3059,381.6050,167.9753,313.6548,172.7690,311.3501,140.0996
376.9911,132.9684,380.5317,166.6962,310.5749,174.0400,307.0342,140.3122
376.6714,134.0180,379.2408,166.2211,308.9228,171.8314,306.3534,139.6284
375.8347,132.3118,378.7186,165.8838,305.4739,172.1757,302.5900,138.6037
374.2367,132.8690,376.4058,166.4389,303.1488,171.1725,300.9797,137.6026
373.0060,131.7967,375.2096,167.0589,304.3136,171.4893,302.1100,136.2271
372.8443,131.6624,375.5766,167.3919,305.4700,172.7530,302.7377,137.0235
370.8106,132.8027,370.9467,169.0841,297.4772,169.3597,297.3411,133.0784
370.0562,132.3816,371.0604,167.5297,296.5201,169.6593,295.5159,134.5112
367.1477,129.8474,373.0140,163.9148,304.7673,175.6667,298.9010,141.5993
367.3716,127.9687,374.9882,159.4953,303.3457,176.8036,295.7291,145.2770
365.8176,128.1546,374.2292,156.8091,305.4884,176.9881,297.0768,148.3336
364.6163,127.3235,374.6810,156.9749,309.1333,179.2239,299.0686,149.5725
367.4079,127.9049,377.7780,157.0630,316.0990,178.9993,305.7289,149.8412
366.7552,128.9692,377.0595,157.7744,316.1151,179.5757,305.8108,150.7705
368.1055,128.9205,378.2238,157.4759,310.8898,181.3349,300.7715,152.7795
369.4828,132.3014,377.6617,162.7786,310.5881,180.7785,302.4092,150.3014
369.5880,134.4384,377.3556,163.1678,311.2600,181.0381,303.4925,152.3086
368.4557,134.1700,376.3694,166.2569,312.2896,182.0612,304.3759,149.9743
368.8206,134.8056,375.6442,165.4099,305.6013,181.0268,298.7777,150.4225
365.4473,134.4344,373.8591,167.9742,314.4966,182.8624,306.0848,149.3226
365.5513,133.3453,374.2597,165.2409,307.4188,183.4904,298.7103,151.5948
364.3265,132.7911,373.7018,164.7666,302.6912,185.5871,293.3159,153.6116
362.1284,131.5928,374.8493,161.5302,310.9050,188.7012,298.1841,158.7638
365.6216,130.0867,377.7556,160.4063,312.7107,186.4374,300.5768,156.1179
365.8070,132.1714,376.3643,162.1160,316.8357,183.1034,306.2784,153.1587
376.2128,133.5722,381.8106,160.8669,302.4622,177.1405,296.8643,149.8457
376.2321,133.0057,381.5165,159.7268,302.0555,175.4413,296.7711,148.7201
374.2283,132.1123,379.3105,161.6786,300.4668,175.2313,295.3846,145.6649
427.1949,110.9425,435.4019,137.3673,345.0665,165.4233,336.8596,138.9985
434.0017,106.1776,443.0937,133.5539,345.0952,166.1004,336.0032,138.7240
432.8504,104.6315,443.6056,131.8055,354.3429,167.1350,343.5877,139.9610
431.7763,102.5749,443.7529,130.9385,354.3926,168.6710,342.4160,140.3074
432.0608,101.6732,444.8398,132.0961,351.7212,171.2103,338.9422,140.7874
430.7514,99.8591,445.2399,132.8149,353.6961,173.0607,339.2076,140.1049
428.7832,98.7388,444.7914,133.2024,352.2839,176.1718,336.2757,141.7082
412.4595,97.7280,433.5890,128.2328,354.6715,182.8958,333.5420,152.3909
407.7813,98.4405,430.5052,129.4879,354.6516,185.0058,331.9278,153.9584
404.9568,97.0734,429.3431,130.6488,351.6691,187.0646,327.2828,153.4892
400.1451,97.2320,427.3914,133.0460,353.3757,189.3549,326.1295,153.5408
403.8455,97.7032,430.3844,137.4342,352.2185,189.6462,325.6796,149.9153
429.2161,104.5002,437.6998,140.8076,345.0954,162.4459,336.6117,126.1385
436.3158,113.2295,438.6195,142.5309,352.1514,149.3290,349.8477,120.0275
438.4906,110.0226,443.0079,138.1299,353.1609,152.5698,348.6436,124.4624
441.3861,109.5898,445.5400,137.2588,361.4821,149.8784,357.3281,122.2094
444.1071,109.0112,447.5384,136.2436,358.2444,147.4946,354.8131,120.2622
445.7597,108.7442,447.9661,136.2723,359.2506,143.3831,357.0442,115.8550
451.8199,106.5202,454.6904,132.7215,358.2673,143.2851,355.3968,117.0838
452.6824,103.5281,456.6288,130.3167,361.6538,144.3079,357.7075,117.5193
458.6954,102.8291,462.2319,129.3380,366.3975,142.1231,362.8610,115.6142
458.5026,100.4270,461.8513,130.7076,377.3322,140.0543,373.9836,109.7737
460.0338,98.0461,464.3606,127.6318,377.2627,140.3696,372.9359,110.7839
464.3383,97.5594,467.5936,127.2231,378.1306,137.0408,374.8754,107.3771
467.6040,99.6615,468.3982,128.9413,380.4306,131.3276,379.6363,102.0477
471.8968,99.8486,471.1314,129.4130,382.3773,127.1154,383.1427,97.5510
477.9400,100.6370,476.9691,127.9060,381.0298,124.4902,382.0008,97.2211
481.5267,99.3183,481.0593,125.6566,384.0746,123.9355,384.5420,97.5971
482.3760,95.2967,482.7106,123.4091,390.7171,124.5039,390.3825,96.3915
485.9608,94.7187,485.8710,124.6450,390.8714,124.3598,390.9613,94.4335
485.8675,92.9516,485.2556,124.9458,399.8629,123.3125,400.4748,91.3184
486.3904,96.4788,485.3696,126.4092,395.4219,123.3415,396.4427,93.4111
485.8889,100.4878,483.0040,130.8943,395.3974,122.5823,398.2823,92.1758
487.0535,102.4370,483.6383,133.0204,393.2004,122.9215,396.6156,92.3382
483.6321,106.7212,479.4275,134.7215,390.4254,121.3568,394.6299,93.3564
481.2398,110.8312,476.2419,138.4505,385.7122,122.0684,390.7101,94.4491
478.1284,111.5236,473.0943,139.0615,384.5615,122.8769,389.5956,95.3390
476.4376,113.4981,467.0042,143.0280,388.8930,118.0754,398.3263,88.5455
478.0343,116.0733,467.8441,144.3604,392.5789,117.2468,402.7691,88.9597
478.7914,115.9405,468.4789,145.3024,389.2251,117.4668,399.5376,88.1049
478.1006,114.9404,468.7110,146.1156,383.4923,120.4490,392.8819,89.2738
478.3538,113.0546,469.5005,147.9669,378.3845,124.8611,387.2378,89.9488
478.5841,113.3530,470.7715,147.4618,377.1948,126.0281,385.0075,91.9193
482.8540,114.4979,476.8862,145.9365,375.6932,126.7276,381.6610,95.2890
486.8642,123.8559,478.6856,150.1857,386.0516,121.4117,394.2302,95.0819
489.2659,128.5705,480.1868,152.5651,394.3018,120.0677,403.3810,96.0732
487.8756,129.4849,478.6821,152.7536,396.0932,120.1229,405.2866,96.8542
490.2628,132.8215,479.5463,157.4741,401.0702,123.3604,411.7867,98.7078
490.3997,132.4449,479.4536,157.9464,401.5681,124.5153,412.5142,99.0139
491.4216,134.6563,481.0299,160.5380,400.9994,128.4050,411.3911,102.5233
492.5248,135.6107,481.5499,161.9737,404.1580,129.7554,415.1330,103.3924
494.7395,137.3241,484.6972,162.3250,406.6891,130.9908,416.7315,105.9898
495.1959,139.3521,484.2341,164.6487,408.9170,132.0116,419.8788,106.7149
496.1630,140.0796,484.7825,166.5547,405.8714,132.6342,417.2519,106.1590
496.1181,140.4745,485.7368,166.1165,408.6154,134.8935,418.9966,109.2516
497.2263,142.6039,486.2364,167.4386,409.2037,133.3503,420.1936,108.5155
499.0491,141.9761,489.4547,166.8521,409.2159,135.9048,418.8103,111.0288
501.4396,139.6434,491.8436,167.3243,407.7532,138.1729,417.3492,110.4921
503.9519,140.7217,494.3309,167.2197,416.3142,138.8931,425.9352,112.3951
504.2759,139.1882,495.2639,165.3481,419.6264,139.2912,428.6384,113.1313
505.5733,140.0177,495.8498,166.4242,421.7160,139.1262,431.4395,112.7197
506.8940,138.1055,498.3463,164.9938,421.1530,140.4542,429.7007,113.5660
509.7236,140.6635,500.5396,166.0562,422.4878,137.8265,431.6718,112.4338
508.8250,138.4017,499.8711,164.0505,420.5646,136.3652,429.5184,110.7164
508.9411,138.0036,500.4905,163.4581,422.6671,137.6217,431.1177,112.1672
508.7474,139.3848,499.9644,163.3886,422.0183,134.8683,430.8013,110.8645
507.7871,138.0688,498.7173,162.3270,423.7835,134.3105,432.8533,110.0522
508.2638,137.6981,499.0948,162.3020,426.0052,135.0641,435.1741,110.4603
506.8727,139.4468,496.7296,164.0841,428.1697,135.8582,438.3127,111.2210
508.0396,140.7321,497.8066,166.6448,431.2191,140.3493,441.4520,114.4366
506.8426,142.9041,496.7285,168.9313,431.3257,143.5158,441.4399,117.4887
506.6591,145.0912,494.5294,172.8841,428.0885,143.8871,440.2183,116.0942
503.6568,146.2823,490.4265,176.0318,425.7937,147.2880,439.0240,117.5385
501.8230,151.8289,487.8550,178.1673,425.4407,145.0672,439.4088,118.7288
502.5728,157.1917,485.9366,180.9605,428.3737,140.6711,445.0099,116.9023
501.3259,161.7447,483.8283,184.1376,428.4472,140.8634,445.9448,118.4705
499.5126,166.7984,481.3650,185.7270,432.1388,138.5317,450.2864,119.6031
498.8354,172.4464,478.1955,190.6245,431.3786,137.4672,452.0185,119.2891
496.1041,176.6748,476.2306,192.7643,432.4807,138.7250,452.3542,122.6355
493.3867,181.4238,473.0813,195.8688,431.4511,137.3492,451.7565,122.9042
493.1369,183.4045,469.0955,199.8755,431.5046,145.0073,455.5461,128.5362
490.3572,187.8212,461.3066,204.1015,429.5038,147.3524,458.5544,131.0721
486.1054,192.9728,452.4413,204.6591,431.3554,143.9180,465.0194,132.2317
481.5488,203.5707,447.8909,208.3816,437.8108,137.8591,471.4687,133.0482
479.1878,202.4560,444.7216,206.8390,435.8961,137.4395,470.3623,133.0564
443.4666,138.3504,476.3968,139.7105,473.6318,206.6535,440.7016,205.2933
441.6169,139.3219,474.3631,140.7610,471.2899,210.6935,438.5436,209.2544
447.8223,139.9262,476.7924,145.3685,463.8683,214.1651,434.8982,208.7228
452.2397,143.8626,479.2485,154.9297,456.1197,211.3749,429.1109,200.3078
446.4082,144.4609,481.7241,155.1321,463.7907,214.4819,428.4749,203.8107
435.1679,152.7448,480.9352,163.0427,466.6665,226.4572,420.8992,216.1593
437.9378,150.8212,485.1718,170.2369,461.9803,226.6564,414.7463,207.2406
425.2066,154.8083,476.2722,166.7244,463.7737,220.2855,412.7081,208.3693
469.7909,191.0621,463.1963,217.9269,407.0450,204.1433,413.6396,177.2785
470.2328,189.5697,464.7531,215.8608,403.6917,203.1339,409.1715,176.8429
473.9744,187.6194,467.9641,217.9746,400.7408,204.6645,406.7511,174.3093
475.2120,187.3331,469.5233,215.6630,395.9911,200.8976,401.6798,172.5676
472.5080,178.7522,470.1094,219.7782,397.3278,215.5230,399.7264,174.4970
475.9892,179.6423,472.0388,217.2185,393.6220,208.9746,397.5724,171.3984
476.0976,178.0503,472.1574,212.1988,389.9714,202.7157,393.9117,168.5672
474.2874,174.5517,471.4924,209.9823,387.9027,203.3882,390.6977,167.9576
471.5896,174.2007,469.6200,205.9143,383.7854,200.5837,385.7549,168.8700
467.1949,172.9703,464.9969,205.8637,380.4897,200.2168,382.6876,167.3234
461.2712,166.1214,462.6854,200.9374,377.7554,204.3871,376.3412,169.5711
451.3632,165.2276,453.3527,202.4525,377.4610,206.5085,375.4715,169.2837
445.0956,160.0613,450.5416,200.3882,376.2163,210.4255,370.7704,170.0986
442.0875,158.2749,448.3925,193.3105,375.5624,206.4169,369.2574,171.3813
443.5326,153.8039,451.9437,187.0084,374.3931,206.6529,365.9821,173.4484
434.2200,151.0458,444.6586,181.0588,372.8763,206.0247,362.4377,176.0117
441.7983,150.4470,449.9565,176.0371,368.0196,202.1589,359.8614,176.5688
437.4376,150.4319,444.6226,173.5462,362.4987,199.0739,355.3137,175.9597
438.9836,150.8101,445.7414,174.5960,361.0914,198.6456,354.3337,174.8597
435.4072,146.5361,444.4517,172.8159,360.2963,201.7791,351.2518,175.4994
431.6049,145.2645,440.4224,169.1701,357.8596,199.6231,349.0421,175.7175
422.9152,141.6394,434.7649,167.6989,358.7326,202.2722,346.8829,176.2127
423.6564,146.5313,432.4496,169.9892,351.9212,200.1751,343.1281,176.7173
421.5052,147.6118,429.4264,170.2699,346.3563,199.3107,338.4352,176.6526
2
0
0
0
0
1
428.6946,166.2074,452.0605,178.1619,409.7014,260.9551,386.3356,249.0005
423.3518,168.2592,446.1458,177.9943,409.6184,263.5206,386.8244,253.7855
418.3494,174.9586,442.4171,185.7635,405.5567,267.8690,381.4890,257.0641
417.5816,180.2917,440.4477,191.4137,402.8313,268.7506,379.9653,257.6287
417.7790,180.5308,441.3410,193.7155,398.3687,270.5099,374.8067,257.3252
420.3471,180.8006,444.4213,195.9915,395.8593,272.9509,371.7852,257.7599
421.5415,185.1385,443.8481,200.6324,390.7939,277.0146,368.4873,261.5208
416.9156,191.1513,438.7485,206.3503,387.8993,279.3938,366.0663,264.1948
411.3828,199.4095,433.7673,217.7782,383.6531,278.8484,361.2686,260.4797
410.1824,201.0085,432.7894,223.2151,378.8307,278.1465,356.2237,255.9399
367.6952,192.0215,422.2857,203.6731,406.9100,275.7114,352.3195,264.0598
367.7528,188.8979,423.9431,200.7625,408.2779,274.9524,352.0876,263.0878
365.6890,185.9413,412.7634,195.7151,397.2893,270.2444,350.2149,260.4706
404.6020,188.5480,435.0630,211.8945,382.1395,280.9459,351.6783,257.5994
362.0858,180.9304,419.0419,187.7008,408.7903,273.9432,351.8342,267.1728
406.0416,197.6632,428.2610,214.3491,376.0183,283.9171,353.7989,267.2312
407.1776,195.3322,428.7325,211.6543,375.0047,282.6072,353.4498,266.2852
410.1337,196.6656,431.2224,215.8939,369.9101,283.1383,348.8214,263.9100
