1
724.4456,227.8047,734.7481,231.0604,726.2999,257.7945,715.9974,254.5388
723.8280,226.1130,734.3797,228.7519,726.9490,258.4639,716.3973,255.8250
724.5177,225.9077,735.8641,229.1224,727.2899,259.3852,715.9435,256.1705
727.7493,226.9940,738.3738,229.6954,731.0704,258.4190,720.4459,255.7175
728.3779,227.0143,738.7485,230.1464,730.4574,257.5991,720.0868,254.4670
730.0326,225.8225,738.9774,229.7285,732.3104,244.9963,723.3656,241.0904
731.2599,241.8055,739.3315,247.3633,730.2774,260.5125,722.2058,254.9547
729.2432,226.7556,740.7214,230.1798,732.6438,257.2563,721.1657,253.8321
729.9304,225.6740,742.1017,229.6606,732.8790,257.8183,720.7076,253.8317
735.1205,225.4846,743.7813,233.0677,731.8586,246.6850,723.1978,239.1020
734.3574,226.0999,743.2505,234.0223,732.8127,245.7390,723.9196,237.8166
734.8718,225.5311,742.9894,231.3114,732.7965,245.6259,724.6790,239.8457
736.2580,225.8372,744.2454,232.1372,733.5087,245.7496,725.5212,239.4496
735.6421,224.3118,744.3817,231.6216,733.4862,244.6481,724.7466,237.3384
732.3331,224.8459,744.6756,228.3598,736.6599,256.5146,724.3174,253.0007
736.1378,225.6688,743.6016,232.0236,733.0409,244.4271,725.5771,238.0723
728.4706,224.5600,741.6131,228.5717,733.1144,256.4133,719.9720,252.4015
728.6982,225.7659,741.0115,229.0614,733.8328,255.8844,721.5195,252.5889
733.2838,224.9058,741.5588,230.3916,732.3535,244.2775,724.0784,238.7916
729.4781,225.4883,742.6793,229.9220,734.2002,255.1685,720.9990,250.7349
726.8195,223.7175,739.0068,227.7138,729.7864,255.8327,717.5991,251.8364
725.3833,224.7649,736.5278,229.1330,726.3641,255.0639,715.2196,250.6958
724.4128,224.6090,735.6796,228.1084,727.3950,254.7823,716.1281,251.2829
725.9859,224.8921,734.0581,231.0649,723.4006,245.0017,715.3284,238.8288
727.5486,224.4890,734.7995,229.8188,723.5465,245.1279,716.2956,239.7981
718.9227,224.9977,731.4003,228.4627,723.5506,256.7293,711.0730,253.2643
721.4582,224.8150,729.8169,231.1191,719.0574,245.3853,710.6987,239.0812
718.4807,224.8167,727.2406,230.4334,717.5250,245.5862,708.7651,239.9695
714.1756,223.7379,724.4667,228.5018,716.7172,245.2425,706.4261,240.4786
712.5959,224.6235,722.1565,230.0026,713.3878,245.5878,703.8271,240.2086
713.1295,225.5732,720.5344,232.1125,708.1182,246.1723,700.7134,239.6330
706.1422,225.0205,716.3652,228.5435,706.5449,257.0396,696.3218,253.5165
701.8339,225.0035,712.2919,227.6427,704.7847,257.3895,694.3267,254.7502
699.8633,225.8200,711.0388,229.5452,701.7407,257.4392,690.5652,253.7140
696.9818,226.0545,708.2110,229.7760,698.9001,257.8699,687.6710,254.1483
699.2217,226.7606,705.7097,238.9739,691.2861,246.6361,684.7980,234.4228
681.1177,224.2168,695.4468,226.9880,689.7465,256.4629,675.4174,253.6918
678.4641,224.6263,692.5436,228.9487,684.0645,256.5684,669.9849,252.2460
674.1763,227.9120,684.5247,230.7985,676.7188,258.7832,666.3704,255.8967
672.1075,227.3007,681.3343,229.9693,672.0767,261.9774,662.8499,259.3088
671.9020,223.3679,684.0869,230.2161,669.6519,255.9001,657.4670,249.0518
660.8741,226.7243,674.1348,232.3556,663.4042,257.6245,650.1435,251.9932
656.7513,225.1190,666.8936,228.9373,656.0756,257.6729,645.9333,253.8547
641.7266,224.6108,654.1216,227.2711,647.6496,257.4255,635.2545,254.7652
644.2300,215.4243,653.7265,217.3565,647.6561,247.1908,638.1596,245.2585
642.7149,214.8271,649.4793,215.6005,644.3065,260.8398,637.5421,260.0664
646.2432,222.4543,657.1431,223.7707,652.6838,260.6957,641.7838,259.3793
652.0356,223.4053,663.7689,224.6989,659.6964,261.6379,647.9631,260.3444
660.8428,224.7422,672.4882,226.6470,666.6943,262.0697,655.0489,260.1649
671.5123,223.5723,681.3316,228.3265,673.4877,244.5275,663.6683,239.7733
672.2963,224.8127,684.1211,226.4715,679.1638,261.8091,667.3389,260.1502
681.1696,227.1699,691.5601,229.5110,683.2184,266.5338,672.8278,264.1927
691.6475,225.7346,699.3959,227.5525,690.1639,266.9010,682.4155,265.0830
699.2828,224.8495,708.6805,229.5506,699.9117,247.0797,690.5140,242.3785
705.5391,226.4294,713.3120,232.1146,701.5928,248.1371,693.8200,242.4519
704.0529,247.3876,712.1794,251.0409,703.3527,270.6756,695.2261,267.0223
710.4808,247.7804,719.7894,250.6195,713.4539,271.3913,704.1453,268.5522
715.2260,248.2516,725.1331,252.0972,717.1113,272.7627,707.2042,268.9171
724.7159,227.8281,733.6037,232.8592,723.9484,249.9160,715.0606,244.8849
725.2344,229.9441,735.9244,232.3229,727.1192,271.8929,716.4293,269.5142
731.8409,228.5490,741.4479,234.3688,731.2130,251.2639,721.6060,245.4440
736.6459,230.3529,746.2157,237.4207,735.1537,252.3986,725.5839,245.3307
733.3572,231.8014,744.8766,234.3854,736.1146,273.4463,724.5951,270.8623
736.8393,229.4423,750.2012,233.4187,744.8025,251.5601,731.4406,247.5837
737.6506,229.8344,751.9622,235.7645,745.2452,251.9750,730.9337,246.0449
736.7675,231.8273,751.4846,234.0232,745.6065,273.4192,730.8894,271.2233
739.4448,232.2124,752.9376,234.3359,750.3564,250.7367,736.8636,248.6132
740.7874,231.9865,754.2916,234.6499,751.0789,250.9388,737.5748,248.2754
745.9857,232.0644,760.6152,234.2537,754.7993,273.1177,740.1697,270.9284
747.0112,232.2961,760.3715,234.0204,755.1032,274.8418,741.7429,273.1176
749.0092,230.0252,760.3419,232.3659,753.4037,265.9569,742.0711,263.6161
742.5502,232.2075,757.2954,233.3595,754.1433,273.7078,739.3981,272.5558
743.0721,250.4090,759.9923,255.1745,754.2518,275.5565,737.3316,270.7910
741.7527,231.9632,754.6165,233.7443,749.1949,272.9008,736.3311,271.1197
740.4484,250.4247,756.6309,253.8531,752.2584,274.4922,736.0758,271.0638
740.2509,232.6998,752.7440,234.9736,745.9880,272.0937,733.4949,269.8199
738.0828,250.9370,751.6411,253.8525,747.3329,273.8878,733.7745,270.9723
736.0042,248.7942,747.3335,252.1862,741.4393,271.8729,730.1100,268.4810
733.9627,231.6897,747.6311,233.9081,741.5999,271.0695,727.9315,268.8511
735.4208,230.1962,748.0566,232.3971,741.2625,271.4040,728.6266,269.2031
732.5496,232.9752,745.1665,236.0531,736.5728,271.2801,723.9559,268.2021
730.8723,230.0462,742.2810,233.2312,733.2178,265.6948,721.8091,262.5098
718.1588,230.6348,733.4484,232.7495,728.5296,268.3128,713.2399,266.1981
722.9144,229.8958,733.1557,237.5718,721.7825,252.7457,711.5413,245.0697
717.6693,232.2617,728.9445,235.6882,719.6626,266.2315,708.3874,262.8050
718.8295,249.7312,723.1277,258.3608,708.2150,265.7884,703.9169,257.1588
718.2239,231.8661,726.6087,244.3961,711.7516,254.3381,703.3668,241.8081
708.7866,232.5583,720.5187,237.7029,707.8142,266.6750,696.0821,261.5304
702.8539,232.9880,714.6485,237.9821,701.8653,268.1725,690.0707,263.1784
698.0366,231.4952,705.7247,237.2203,693.4330,253.7264,685.7449,248.0013
688.9150,231.7456,696.6438,239.2950,681.6736,254.6208,673.9448,247.0714
685.7443,231.3761,693.2622,241.9847,674.1044,255.5612,666.5865,244.9526
674.7211,231.2815,689.5035,234.5384,682.6257,265.7555,667.8433,262.4986
668.2776,233.4188,676.3947,236.4483,664.7502,267.6476,656.6331,264.6181
662.1021,230.6971,670.3275,233.6021,658.5452,266.9633,650.3198,264.0583
655.3807,230.5120,664.1251,232.2571,655.4678,275.6364,646.7234,273.8913
657.4504,230.5354,668.2614,231.7620,663.4060,274.5536,652.5951,273.3269
665.6208,232.3089,677.2214,234.3322,670.0216,275.6120,658.4211,273.5887
673.0548,233.8481,685.7515,235.8963,679.4176,275.1608,666.7209,273.1126
683.1050,233.2242,693.5924,235.2942,685.4194,276.7031,674.9319,274.6331
688.4038,233.5638,700.9468,236.4913,691.9105,275.2081,679.3676,272.2806
696.2018,234.1318,706.9563,240.5916,697.8397,255.7693,687.0852,249.3095
702.0054,232.9709,713.6483,241.1217,701.9860,257.7805,690.3431,249.6297
707.8875,236.1221,718.6110,238.2231,710.5433,279.4024,699.8198,277.3015
710.4789,235.9058,723.8472,238.1721,716.9096,279.0948,703.5413,276.8284
720.9241,235.1881,731.4853,237.8067,721.3467,278.6958,710.7856,276.0771
721.6199,255.8784,732.5254,260.6137,723.9135,280.4468,713.0080,275.7115
729.4235,233.9042,740.1249,238.6055,732.2864,256.4482,721.5850,251.7469
733.1034,233.1854,745.5786,239.0570,736.4246,258.5060,723.9495,252.6344
735.7596,233.9152,747.8292,237.4402,742.1730,256.8065,730.1035,253.2815
740.9118,254.2307,751.8546,262.9140,737.3456,281.1982,726.4030,272.5150
740.1655,234.5439,753.3062,238.5950,747.5320,257.3252,734.3912,253.2741
751.1256,256.0984,761.6570,271.2748,742.5546,284.5304,732.0233,269.3539
753.9594,254.7851,765.5892,270.3918,747.2402,284.0651,735.6104,268.4584
747.0537,236.2844,763.4681,238.2327,758.5012,280.0789,742.0869,278.1306
748.4918,237.4198,764.0089,239.0311,759.7579,279.9710,744.2408,278.3597
748.5480,239.9224,765.0648,241.7708,760.7733,280.1202,744.2565,278.2719
753.7219,240.7956,771.3636,243.9475,764.6417,281.5718,746.9999,278.4199
752.9528,237.9692,769.5062,240.2994,763.9513,279.7601,747.3978,277.4299
756.8787,255.8170,771.1194,266.2952,758.5506,283.3771,744.3099,272.8990
755.0070,242.6486,772.4156,246.2668,765.0372,281.7681,747.6285,278.1500
756.5063,238.2240,770.7803,240.3717,764.4988,282.1205,750.2248,279.9728
754.2131,233.6733,769.0449,234.4666,766.6672,278.9148,751.8355,278.1214
750.6047,235.5296,766.3354,236.5925,763.2444,282.3351,747.5138,281.2722
754.1472,238.3490,768.5554,240.3353,762.9656,280.8843,748.5574,278.8981
749.7198,239.3912,764.1725,240.9781,759.5732,282.8664,745.1205,281.2795
744.7111,235.4980,760.5493,236.6566,757.3318,280.6391,741.4937,279.4804
741.8312,238.4180,757.5656,239.7065,754.2734,279.9088,738.5389,278.6202
738.4097,239.1754,754.9197,240.2773,752.1558,281.6917,735.6458,280.5899
736.0603,237.0669,752.8824,238.7136,748.8478,279.9291,732.0257,278.2823
725.9770,238.2365,743.6789,239.1439,741.6553,278.6222,723.9534,277.7148
724.6434,239.3629,741.4200,239.9130,740.1552,278.4812,723.3785,277.9310
722.6152,236.4728,739.0599,236.9833,737.7203,280.1334,721.2757,279.6229
723.2859,235.0765,737.4524,237.8026,729.6159,278.5250,715.4494,275.7989
719.5031,236.0361,729.7243,239.3125,719.3058,271.8150,709.0847,268.5387
709.8049,235.9386,722.4416,238.8281,713.4852,277.9972,700.8484,275.1077
707.6450,235.7637,716.6959,239.5348,703.8871,270.2764,694.8362,266.5052
700.2155,235.6357,711.8340,238.4045,703.5431,273.1950,691.9246,270.4262
691.1718,231.0231,704.6807,233.0419,698.5600,273.9995,685.0512,271.9808
675.8795,233.0784,695.9311,238.3121,687.7661,269.5944,667.7145,264.3607
686.1066,234.1773,694.4221,254.2144,672.6786,263.2380,664.3632,243.2009
671.1058,233.4779,681.3351,236.6228,671.2638,269.3811,661.0345,266.2362
658.3275,233.3677,673.0115,235.5772,667.6948,270.9110,653.0107,268.7015
648.2441,239.0213,660.7569,241.1482,655.5093,272.0214,642.9965,269.8946
650.4917,230.3426,663.6958,231.4342,660.1246,274.6341,646.9205,273.5426
663.1717,232.0644,675.8965,233.5835,670.9877,274.7031,658.2629,273.1841
669.8741,232.0544,683.3641,234.0066,677.4487,274.8822,663.9587,272.9300
672.7921,234.0253,687.4161,235.4968,683.3980,275.4310,668.7739,273.9596
683.9600,233.9240,697.3532,235.8287,691.7921,274.9315,678.3989,273.0268
694.6851,232.3454,705.3141,234.6429,696.2036,276.7904,685.5746,274.4928
700.4915,233.1580,713.3107,235.1432,706.3968,279.7882,693.5776,277.8030
704.4272,233.9296,718.9188,236.4430,711.1497,281.2362,696.6582,278.7228
712.9383,234.7447,726.5532,237.5002,717.8640,280.4337,704.2492,277.6783
719.5729,234.8049,732.0350,238.2179,720.4365,280.5678,707.9745,277.1548
727.8571,233.5976,738.3110,238.9953,728.3795,258.2301,717.9256,252.8324
738.9669,256.0629,727.2090,256.5939,726.0875,231.7606,737.8453,231.2296
728.4718,235.1668,745.7704,237.7016,742.7288,258.4587,725.4302,255.9238
737.7696,240.1294,751.0358,242.8943,742.6377,283.1885,729.3715,280.4235
739.7418,239.3336,755.3123,240.9221,750.9361,283.8194,735.3655,282.2310
743.5778,239.2286,762.9634,241.2397,758.5140,284.1295,739.1284,282.1184
748.3107,233.5092,764.0496,234.7882,760.0013,284.6040,744.2624,283.3250
751.6414,237.5215,770.4875,238.7440,767.4413,285.7049,748.5952,284.4825
755.3144,240.3100,773.7333,242.0649,769.7363,284.0150,751.3174,282.2600
756.5194,242.0921,774.5388,244.6981,768.7875,284.4644,750.7682,281.8584
760.8416,244.6445,779.0210,247.9917,772.2775,284.6161,754.0981,281.2688
758.0886,243.6102,776.8969,244.5721,774.9449,282.7422,756.1367,281.7803
761.5505,244.4554,781.2682,245.7682,778.8439,282.1827,759.1261,280.8700
763.8011,244.8433,781.7368,250.9872,769.6686,286.2175,751.7328,280.0736
761.4501,247.7104,779.7504,251.0789,773.5411,284.8123,755.2408,281.4437
760.7255,245.9930,780.0851,248.4935,775.5333,283.7355,756.1737,281.2350
756.0244,244.6405,773.7933,245.4696,772.0029,283.8438,754.2340,283.0148
753.5504,243.8852,771.8422,244.1758,771.2041,284.3507,752.9122,284.0602
755.1860,240.6440,771.9489,241.4614,769.8908,283.6689,753.1279,282.8515
752.0101,243.7483,768.7460,244.3476,767.3080,284.5019,750.5721,283.9026
753.3111,241.3040,768.8345,242.8905,764.4825,285.4707,748.9592,283.8841
749.3844,238.5850,765.0479,239.5317,762.3603,284.0012,746.6968,283.0546
746.6950,241.5349,762.4024,242.7044,759.3372,283.8725,743.6297,282.7030
742.3375,239.3870,758.2190,240.3737,755.4933,284.2481,739.6118,283.2615
740.2501,240.3161,756.0856,242.0325,751.6439,283.0114,735.8083,281.2950
733.9419,239.2752,750.7827,240.0784,748.7574,282.5396,731.9167,281.7364
733.4906,236.4526,747.9719,237.8827,743.5560,282.5987,729.0747,281.1686
724.9603,236.6656,739.4949,237.1102,738.1693,280.4413,723.6346,279.9966
719.1939,239.7807,733.9867,242.1689,727.3405,283.3377,712.5476,280.9496
719.9040,237.9414,731.9236,241.8001,721.1396,275.3915,709.1199,271.5327
709.8715,238.9445,723.1562,242.9508,713.3110,275.5976,700.0263,271.5913
708.6454,239.1287,719.9022,242.2092,709.2907,280.9857,698.0339,277.9053
698.1445,256.5045,711.6680,264.7980,701.3495,281.6233,687.8260,273.3297
688.9237,237.5912,703.3341,241.0219,695.9340,272.1048,681.5236,268.6740
683.4280,234.5168,702.6605,241.8334,690.9603,272.5885,671.7279,265.2719
673.0196,237.4691,689.0493,240.3604,682.0317,279.2656,666.0021,276.3742
670.9885,232.1133,682.2455,235.4426,671.3503,272.2812,660.0933,268.9519
661.9739,235.4342,673.2330,239.0627,661.4674,275.5716,650.2083,271.9432
660.0394,234.3795,672.0662,235.1743,669.3296,276.5833,657.3029,275.7885
669.9584,233.2634,681.2903,234.8812,675.2634,277.0971,663.9316,275.4793
674.1894,231.5459,687.5083,235.3750,681.8220,255.1538,668.5031,251.3247
680.5704,231.9700,694.9719,234.0112,688.8253,277.3802,674.4237,275.3391
684.8619,232.9045,700.3593,235.2811,693.6873,278.7888,678.1899,276.4122
691.2855,234.9351,705.2249,237.3147,698.0198,279.5213,684.0805,277.1417
694.1969,235.6240,710.5530,238.5733,703.1568,279.5913,686.8007,276.6420
702.0107,234.3323,715.3789,236.5915,707.3769,283.9401,694.0087,281.6808
703.1680,234.3416,720.6100,235.9559,716.1847,283.7715,698.7427,282.1573
711.4205,235.1977,725.6467,237.7113,717.2916,284.9989,703.0653,282.4853
714.4319,234.9461,729.5651,238.4783,724.5313,260.0446,709.3981,256.5125
721.5436,257.6725,734.9011,265.9567,722.0913,286.6113,708.7339,278.3271
729.9345,257.5271,712.3525,258.9567,710.0441,230.5676,727.6261,229.1379
720.7104,237.0966,736.1254,239.5184,728.9675,285.0780,713.5525,282.6561
725.7039,232.2999,742.2773,234.5103,735.4213,285.9167,718.8478,283.7064
723.6498,236.0186,739.9620,236.9897,738.5869,260.0875,722.2747,259.1164
728.3683,231.8740,746.1841,232.6993,743.7452,285.3496,725.9294,284.5243
725.6125,234.2747,743.9886,236.1505,739.0186,284.8395,720.6425,282.9637
730.2991,227.4608,749.9606,228.8501,746.0924,283.5936,726.4308,282.2043
728.8476,233.3094,747.0743,235.2704,741.8387,283.9316,723.6121,281.9705
729.8557,238.8223,748.2564,241.1923,742.7184,284.1884,724.3176,281.8184
738.3713,235.8303,755.6461,239.3447,746.4636,284.4801,729.1890,280.9657
730.7109,238.3546,751.1943,241.7413,744.1229,284.5119,723.6395,281.1253
742.9704,236.0226,761.4490,242.9699,745.9295,284.2489,727.4509,277.3016
728.9735,239.1237,752.2596,242.4328,746.4094,283.5996,723.1234,280.2904
729.6602,238.6610,750.2939,239.0062,749.5696,282.2950,728.9359,281.9497
729.4643,236.8679,750.9072,236.9385,750.7585,282.1154,729.3156,282.0449
734.5088,234.5531,754.7752,235.5735,752.3616,283.5135,732.0952,282.4932
745.3399,280.3261,723.4210,281.1542,721.4255,228.3305,743.3444,227.5024
719.1602,229.3929,740.4782,230.8287,736.8701,284.4019,715.5520,282.9662
725.5535,223.1859,745.0475,226.4743,735.4622,283.2955,715.9681,280.0070
717.1373,229.2598,737.5587,231.3754,732.2145,282.9609,711.7932,280.8453
718.8516,229.0085,739.0648,231.6084,732.4387,283.1240,712.2255,280.5241
714.1837,223.4848,734.7196,224.7208,731.3049,281.4581,710.7690,280.2222
685.0621,236.4773,713.2762,237.6991,711.3648,281.8362,683.1507,280.6143
683.0616,226.9787,704.9544,227.0215,704.8489,280.9214,682.9562,280.8786
688.7363,225.3223,709.2965,226.9016,705.0935,281.6204,684.5333,280.0412
691.2465,226.7889,711.5908,230.2411,702.7374,282.4153,682.3931,278.9631
692.9920,231.8725,713.7762,235.0617,706.5019,282.4700,685.7177,279.2809
693.3640,223.0833,714.3876,226.0096,706.5756,282.1322,685.5521,279.2058
695.5305,229.1519,715.6704,234.7442,702.3377,282.7602,682.1978,277.1679
693.0397,229.8833,709.1655,234.4728,695.2531,283.3559,679.1273,278.7664
686.6890,228.8255,705.0917,232.9502,694.1262,281.8738,675.7234,277.7491
681.7228,232.6141,698.9647,236.1453,689.9003,280.4038,672.6584,276.8726
677.3600,229.7760,696.4918,232.9463,688.8016,279.3542,669.6698,276.1839
682.0285,249.8390,691.9633,265.7266,667.6282,280.9436,657.6934,265.0560
666.5425,229.2334,690.3935,230.8215,687.3983,275.8019,663.5474,274.2137
656.2078,231.2000,682.3241,233.2529,678.6974,279.3905,652.5811,277.3376
669.9370,232.0783,672.8604,250.4674,645.2052,254.8638,642.2818,236.4747
652.8550,246.2117,670.5786,252.0298,661.4785,279.7513,643.7549,273.9332
645.7701,231.5986,668.1031,236.9356,659.0460,274.8363,636.7130,269.4994
638.7021,230.1798,662.3170,233.4264,656.5309,275.5125,632.9161,272.2659
646.0805,225.1485,667.6415,229.7527,662.9241,251.8432,641.3632,247.2390
667.9432,233.3240,666.9867,250.8532,648.0228,249.8184,648.9793,232.2892
657.7216,220.2726,675.8110,224.7991,669.0441,251.8419,650.9547,247.3154
662.4379,220.4274,680.3936,224.8595,673.8527,251.3587,655.8969,246.9267
661.0638,225.7377,680.0770,229.4500,676.0118,250.2713,656.9986,246.5591
686.3286,245.9714,666.0477,251.1416,659.0410,223.6569,679.3218,218.4866
667.1477,221.6447,684.8343,223.1149,680.3350,277.2425,662.6484,275.7723
666.9006,219.5893,685.4952,220.8170,681.8496,276.0347,663.2551,274.8070
684.6927,276.3776,664.4689,276.5419,664.0945,230.4442,684.3184,230.2799
673.8164,225.2670,692.2813,227.2343,686.8824,277.9075,668.4174,275.9402
674.2064,227.2843,692.7878,229.0508,688.2485,276.7987,669.6671,275.0322
675.1077,231.6703,694.3139,234.3872,688.1570,277.9129,668.9507,275.1961
671.8141,226.1795,694.5291,227.9801,690.5096,278.6845,667.7946,276.8838
680.7386,223.4979,699.0688,225.2614,694.0216,277.7259,675.6913,275.9625
680.8002,221.1886,699.4785,223.0624,694.0003,277.6683,675.3221,275.7945
687.2254,228.9163,705.8262,231.9439,698.1116,279.3402,679.5109,276.3126
680.7583,225.6714,699.2705,226.9340,695.7763,278.1649,677.2641,276.9022
689.0207,228.0653,705.4493,230.6332,697.9000,278.9323,681.4713,276.3644
690.2161,228.9478,706.4808,231.6412,698.6356,279.0161,682.3709,276.3227
691.0931,226.0319,707.7703,228.5627,700.1246,278.9459,683.4473,276.4151
692.9049,221.2879,708.4488,223.8353,699.4401,278.8052,683.8962,276.2578
694.4565,216.3335,709.8410,218.9569,699.8315,277.6544,684.4471,275.0309
691.9749,218.1561,710.4001,220.3747,703.4877,277.7801,685.0625,275.5614
697.2708,220.8427,718.4716,224.2163,709.9855,277.5453,688.7846,274.1717
692.5021,219.4555,712.0567,221.7599,705.5579,276.9086,686.0032,274.6043
699.7917,221.7624,718.8724,225.5408,708.7830,276.4914,689.7024,272.7130
699.4774,223.7799,719.6663,227.4220,710.4451,278.5369,690.2562,274.8948
696.3047,219.1977,714.4226,221.9859,705.9501,277.0410,687.8322,274.2528
695.8136,224.0806,715.2755,226.8258,708.0452,278.0839,688.5833,275.3387
690.0305,225.7301,709.4216,226.3743,707.7952,275.3277,688.4042,274.6835
690.4708,224.4640,712.2983,225.7740,709.2489,276.5838,687.4213,275.2737
696.1894,221.9447,719.9850,224.6529,714.0118,277.1361,690.2162,274.4279
698.2443,218.8586,721.7849,222.0765,714.2407,277.2665,690.7000,274.0486
695.6836,231.6804,713.9117,234.4919,707.1683,278.2110,688.9402,275.3994
696.4256,223.3534,714.8581,225.5888,708.5126,277.9122,690.0801,275.6768
693.3735,227.4881,714.9172,228.6666,712.2954,276.5958,690.7516,275.4173
695.0459,224.3742,715.4351,225.9252,711.6472,275.7221,691.2579,274.1711
692.8644,225.8286,715.3024,226.2515,714.3794,275.2232,691.9415,274.8004
701.5986,212.5335,722.0809,214.4663,716.3966,274.7039,695.9142,272.7711
692.5520,218.1944,716.0086,220.5581,710.5015,275.2075,687.0449,272.8438
694.0618,221.5202,716.1580,223.0067,712.6832,274.6555,690.5870,273.1690
691.8886,214.2788,712.5867,216.0517,707.5026,275.4056,686.8046,273.6327
692.0165,218.0038,714.4985,220.5939,708.2024,275.2434,685.7204,272.6533
698.0200,215.7675,718.3434,216.8017,715.3662,275.3104,695.0427,274.2762
701.5512,217.4108,724.1330,218.8566,720.5011,275.5805,697.9193,274.1346
696.9910,217.5348,717.2582,218.5473,714.4711,274.3377,694.2039,273.3252
701.6848,215.5897,723.5737,217.1406,719.5010,274.6205,697.6121,273.0696
698.5330,219.2501,719.0809,220.8793,714.8205,274.6107,694.2726,272.9814
704.1404,212.1756,726.6420,214.1802,721.3373,273.7244,698.8358,271.7198
706.1143,216.6507,729.5363,220.3177,720.7444,276.4736,697.3224,272.8066
700.6361,216.2152,722.1680,218.3329,716.5086,275.8752,694.9767,273.7575
698.7186,222.0304,724.4420,224.3563,719.7648,276.0853,694.0413,273.7594
699.6608,222.3081,723.0786,224.2248,718.8479,275.9135,695.4301,273.9968
699.1314,222.4236,722.7870,223.7595,719.8586,275.6169,696.2030,274.2810
698.8094,218.3909,723.3293,219.8065,720.2227,273.6169,695.7028,272.2013
699.8649,224.3876,720.9849,225.7733,717.7127,275.6461,696.5927,274.2604
703.5355,217.0659,729.2865,219.2492,724.6501,273.9330,698.8992,271.7497
719.4440,272.6519,692.2003,274.5433,688.5287,221.6587,715.7723,219.7673
713.0615,273.4642,689.5386,273.4662,689.5342,221.6046,713.0573,221.6026
685.4242,228.6964,710.2421,229.1211,709.4691,274.2917,684.6512,273.8670
714.3550,273.9352,691.1078,274.3762,690.0977,221.1198,713.3449,220.6789
721.6065,273.2983,698.0300,273.9831,696.4658,220.1297,720.0423,219.4449
704.2886,219.7026,724.7526,220.3483,723.0528,274.2215,702.5889,273.5758
699.3901,218.6148,723.0964,219.7365,720.5543,273.4588,696.8480,272.3370
696.6318,217.6369,717.8921,218.4938,715.5634,276.2669,694.3032,275.4099
692.6471,227.7261,719.2301,228.3128,718.1922,275.3413,691.6091,274.7547
700.2539,227.1909,728.5561,231.6287,721.4149,277.1714,693.1127,272.7336
701.7281,222.9882,726.0993,225.3170,721.3450,275.0704,696.9738,272.7416
703.6650,216.1401,723.9566,218.3123,718.0108,273.8550,697.7192,271.6828
666.7466,221.9630,696.6578,228.5377,686.3282,275.5314,656.4170,268.9567
668.0344,216.9660,692.1237,222.7410,679.1013,277.0619,655.0120,271.2869
2
0
0
0
0
1
704.9396,215.0897,729.6827,219.7864,720.9854,265.6049,696.2423,260.9082
709.7234,211.9288,737.6320,217.9692,726.7290,268.3445,698.8205,262.3041
745.3998,234.6269,717.6138,253.3310,695.1645,219.9813,722.9506,201.2772
718.2905,195.5144,741.4297,200.0877,731.4665,250.4979,708.3273,245.9247
713.0402,190.7408,741.6152,195.6732,731.8644,252.1628,703.2894,247.2304
727.2985,199.6924,755.3911,211.0716,737.3630,255.5790,709.2704,244.1998
732.7250,197.7934,762.8910,213.3739,740.8548,256.0392,710.6888,240.4587
733.0878,201.1491,765.7898,226.0536,738.6763,261.6562,705.9742,236.7517
762.7679,249.0954,717.8875,253.1747,713.8459,208.7092,758.7263,204.6299
767.3301,222.7258,748.7697,259.4707,708.4791,239.1193,727.0396,202.3744
2
0
0
0
0
1
683.5387,229.9409,698.7333,232.9371,689.9896,277.2792,674.7950,274.2831
681.0630,228.3483,695.0182,230.7142,687.0012,278.0025,673.0460,275.6366
678.8975,234.8824,691.2552,237.7091,681.4009,280.7915,669.0431,277.9649
676.9198,230.8847,691.6172,233.8221,682.5787,279.0461,667.8813,276.1087
674.5252,233.0192,688.8633,235.7280,680.4765,280.1200,666.1384,277.4111
674.0638,231.7780,689.6382,235.1184,679.9667,280.2112,664.3923,276.8708
671.9998,233.9345,684.4904,236.7844,674.4366,280.8480,661.9460,277.9981
