1
573.2786,236.3757,573.7715,255.8632,531.2700,256.9382,530.7770,237.4507
583.5443,240.8178,586.1148,255.1958,541.3857,263.1927,538.8152,248.8146
577.1951,241.0960,582.6108,254.8428,545.9333,269.2926,540.5175,255.5458
573.8826,244.7480,582.9675,260.5264,552.1656,278.2616,543.0807,262.4832
578.0510,247.3953,588.1998,265.2225,554.1468,284.6086,543.9979,266.7814
590.2006,263.6794,591.7489,281.6719,544.1442,285.7686,542.5958,267.7762
592.0557,269.6465,591.6664,284.6775,543.3782,283.4269,543.7675,268.3960
594.5625,271.6349,595.4357,286.8428,544.0359,289.7939,543.1627,274.5860
598.0082,273.7890,598.9269,291.2766,547.9843,293.9530,547.0655,276.4654
597.1760,276.4448,597.7745,290.9781,551.3483,292.8902,550.7498,278.3569
593.8900,277.0403,595.5539,296.2598,555.6929,299.7108,554.0290,280.4913
592.9206,277.7279,594.9731,299.5467,559.7374,302.8615,557.6849,281.0427
594.0548,287.6008,593.9354,303.8667,550.8452,303.5502,550.9647,287.2843
595.0005,290.0413,598.3226,304.4739,559.5274,313.4037,556.2053,298.9711
605.7615,294.6609,606.0696,312.6082,558.1585,313.4307,557.8504,295.4835
607.1211,303.4950,607.3924,317.9322,561.4460,318.7956,561.1747,304.3584
603.5652,302.0118,604.4335,320.9537,560.2076,322.9810,559.3393,304.0391
603.9376,304.9467,603.1626,323.5713,559.1003,321.7377,559.8753,303.1132
599.4655,308.5195,598.3745,327.5295,554.4998,325.0115,555.5908,306.0015
598.6294,312.7827,597.2119,331.8258,551.7408,328.4410,553.1584,309.3978
599.2720,324.7048,599.7381,339.9655,548.2491,341.5381,547.7830,326.2774
605.6693,329.3610,606.3354,343.4625,552.2606,346.0168,551.5944,331.9153
604.8112,331.2576,604.9537,347.4983,555.1417,347.9352,554.9992,331.6945
596.8057,328.4701,596.1898,351.6076,562.6763,350.7155,563.2922,327.5780
595.9013,332.0059,596.9419,355.3343,564.5551,356.7789,563.5145,333.4505
602.6668,345.5905,600.6126,365.2576,557.0804,360.7107,559.1346,341.0435
599.4991,348.4129,600.7905,365.0046,555.5489,368.5259,554.2575,351.9341
603.3240,346.1010,605.5090,364.8296,556.3038,370.5704,554.1187,351.8419
566.5417,342.7019,595.0671,347.8254,589.5318,378.6438,561.0064,373.5204
569.8828,344.5190,595.8418,353.3265,585.3824,384.1542,559.4235,375.3468
602.8267,361.6194,603.2931,382.0267,560.3860,383.0074,559.9196,362.6001
600.6071,361.3813,601.3959,386.6187,562.9995,387.8190,562.2106,362.5815
569.8694,357.8616,592.7682,360.4329,588.3169,400.0744,565.4180,397.5030
564.5558,359.1849,589.8312,360.9082,587.5743,394.0110,562.2989,392.2878
589.9587,365.7907,587.8194,385.9938,553.8531,382.3969,555.9925,362.1939
589.5695,350.0299,603.2794,380.3470,570.7662,395.0500,557.0563,364.7329
600.8883,376.6219,578.2687,390.6209,559.1301,359.6968,581.7496,345.6978
598.3408,379.6731,576.3547,389.1936,562.3395,356.8278,584.3256,347.3073
600.9139,355.1065,602.2689,377.3566,561.9214,379.8137,560.5665,357.5636
601.5632,357.5946,603.9031,371.5599,560.3456,378.8580,558.0057,364.8927
596.6766,354.2389,594.5689,380.9052,562.6857,378.3852,564.7934,351.7189
592.2516,377.3991,568.1049,381.8026,560.2110,338.5165,584.3578,334.1130
563.4175,335.9146,588.0295,336.0951,587.7712,371.3020,563.1593,371.1215
591.3840,335.0424,595.0468,354.9553,554.4210,362.4280,550.7582,342.5151
594.6265,331.8047,595.8876,354.9512,556.6849,357.0871,555.4238,333.9406
582.9880,319.1279,585.1417,348.6961,550.1382,351.2456,547.9846,321.6774
552.8762,312.1072,581.9727,316.2812,577.4377,347.8941,548.3412,343.7201
580.2357,312.3021,582.8693,338.4209,549.1848,341.8174,546.5511,315.6986
581.1088,312.3462,580.2334,337.0716,546.5694,335.8798,547.4448,311.1544
586.1104,318.5116,582.7208,335.3470,542.0613,327.1608,545.4509,310.3253
584.2461,316.3015,583.7139,331.7208,533.7437,329.9959,534.2759,314.5766
587.3458,318.5660,582.9349,335.6841,540.4722,324.7427,544.8831,307.6246
583.2118,311.0987,580.0367,331.1065,536.8937,324.2602,540.0687,304.2523
566.6493,299.8186,574.8766,321.9892,544.7549,333.1670,536.5276,310.9964
571.9023,309.7971,570.9125,330.6931,535.9067,329.0350,536.8964,308.1390
585.1484,319.7644,584.8216,332.0842,530.8406,330.6523,531.1674,318.3326
579.4545,322.8806,578.3960,337.0593,532.5237,333.6346,533.5822,319.4559
577.9673,320.9074,578.0405,336.6973,535.0410,336.8965,534.9678,321.1066
574.4075,317.7715,573.5355,338.3378,535.7404,336.7354,536.6123,316.1690
553.6581,306.9267,572.8671,326.4617,550.7481,348.2115,531.5391,328.6766
574.0928,327.1487,575.4062,346.4029,536.0590,349.0871,534.7455,329.8329
579.6862,331.8456,582.1842,348.0343,538.5150,354.7729,536.0170,338.5841
577.7953,336.5586,581.7424,356.4508,538.5704,365.0172,534.6232,345.1249
581.9538,337.7922,582.1774,361.4727,540.0208,361.8707,539.7972,338.1902
557.7505,332.4375,578.5542,347.0039,560.5970,372.6504,539.7933,358.0839
577.6967,352.8510,577.8589,373.2331,541.5159,373.5222,541.3538,353.1401
580.7578,359.0519,581.8815,375.6209,534.0342,378.8660,532.9105,362.2970
581.8954,358.6578,582.3979,382.1370,543.5983,382.9674,543.0958,359.4881
572.5353,384.0470,550.4999,387.7664,544.1395,350.0850,566.1749,346.3655
546.7987,357.7849,571.5549,358.2540,570.9225,391.6235,546.1663,391.1544
579.0291,367.9352,578.6414,389.1766,540.5759,388.4819,540.9636,367.2406
579.4542,384.4405,552.8213,397.8480,538.8733,370.1413,565.5062,356.7339
545.4381,351.3725,575.5748,355.0150,571.7198,386.9103,541.5831,383.2679
549.9506,347.2067,572.0305,349.0050,568.8868,387.6031,546.8070,385.8049
576.1548,358.8088,570.5587,382.0995,541.2318,375.0530,546.8279,351.7623
588.8776,354.0310,589.5011,368.5898,537.3550,370.8232,536.7314,356.2643
589.2632,355.1225,589.4976,368.1918,536.1240,369.1488,535.8896,356.0795
585.6360,350.5397,586.4668,366.3729,542.4791,368.6810,541.6483,352.8478
579.7159,345.3849,580.3005,364.6737,546.5257,365.6974,545.9411,346.4086
577.9766,334.1211,584.8169,358.1657,552.0121,367.4981,545.1718,343.4535
586.2714,344.7487,582.7949,364.4850,545.4645,357.9091,548.9411,338.1729
597.7310,346.7700,598.2582,359.9167,546.7012,361.9844,546.1740,348.8377
598.1494,349.2990,597.6868,364.6812,552.7705,363.3303,553.2331,347.9482
597.5997,347.4690,599.3551,363.2961,556.9980,367.9939,555.2427,352.1668
598.5744,345.2401,599.3703,360.5530,552.9553,362.9653,552.1594,347.6524
600.9392,349.8885,592.5881,369.4988,562.1107,356.5200,570.4617,336.9096
603.0472,353.4626,597.2824,371.3770,560.9496,359.6853,566.7144,341.7708
607.1718,353.3296,606.7697,369.5789,562.5303,368.4841,562.9325,352.2347
609.0931,354.2895,609.6217,371.9394,564.2985,373.2967,563.7700,355.6468
609.1201,356.5607,607.7169,376.0901,565.2025,373.0356,566.6056,353.5061
606.4605,361.9189,602.8136,379.0696,563.2855,370.6643,566.9325,353.5136
612.6517,378.3291,596.5883,393.8257,571.1247,367.4306,587.1882,351.9340
614.3485,381.3755,605.7015,396.3799,571.6536,376.7581,580.3005,361.7538
616.9699,378.2980,614.4343,394.6257,569.7293,387.6833,572.2649,371.3557
621.3536,379.0220,622.6508,397.3426,574.6635,400.7403,573.3663,382.4197
618.4145,380.3125,617.4807,400.9052,576.5355,399.0487,577.4693,378.4559
621.0926,391.2530,618.1094,408.9995,575.6434,401.8610,578.6265,384.1146
616.9948,396.3880,616.6710,410.5172,575.1690,409.5662,575.4927,395.4371
619.9466,395.9663,619.8422,417.8462,583.6371,417.6734,583.7416,395.7935
621.0823,395.0116,616.0706,418.9197,584.4315,412.2874,589.4432,388.3793
617.0807,389.9694,633.4191,413.8868,607.9156,431.3087,591.5772,407.3912
630.9371,398.6761,632.1315,416.8990,592.4308,419.5010,591.2365,401.2781
630.2880,391.6344,637.1207,409.7790,601.0344,423.3680,594.2017,405.2234
620.9686,386.6579,634.1892,406.3857,606.5467,424.9103,593.3261,405.1826
624.7176,385.8976,635.3978,409.9903,605.3757,423.2990,594.6954,399.2064
637.3621,388.4779,629.3938,411.3491,599.4299,400.9097,607.3982,378.0385
637.4048,387.6975,631.3647,407.3030,597.7651,396.9514,603.8052,377.3459
637.7894,380.2289,638.2430,396.3015,595.8367,397.4983,595.3832,381.4257
634.8951,366.8150,642.2632,389.3241,611.5280,399.3849,604.1599,376.8758
611.4910,361.6257,635.0615,367.1966,628.0684,396.7843,604.4979,391.2135
638.3593,366.4861,634.7473,387.3812,601.4860,381.6314,605.0980,360.7365
641.9788,366.4140,635.9875,386.3120,603.8347,376.6309,609.8259,356.7329
642.6895,362.2834,638.0517,378.6587,604.7305,369.2213,609.3683,352.8461
611.9678,345.9685,637.7914,349.5402,634.1490,375.8748,608.3254,372.3031
640.3304,370.5008,615.2781,372.8240,612.5386,343.2847,637.5909,340.9614
623.0881,332.1801,646.6757,342.9701,635.5121,367.3742,611.9246,356.5842
630.7457,328.7280,647.5336,347.6721,626.0206,366.7365,609.2327,347.7924
640.8499,330.3324,639.6588,350.7190,609.2914,348.9448,610.4825,328.5581
641.4984,320.0911,641.6724,340.9020,612.2189,341.1483,612.0449,320.3374
637.1776,306.5948,648.5597,324.9430,621.2037,341.9130,609.8217,323.5648
639.6980,310.2038,640.2932,326.9789,609.1911,328.0824,608.5959,311.3073
633.6340,302.2527,636.1538,320.2820,607.8512,324.2376,605.3314,306.2084
632.7708,298.2336,636.9288,317.3776,609.5667,323.3205,605.4088,304.1765
630.7981,293.7384,636.1579,312.5850,610.5574,319.8655,605.1976,301.0190
631.8244,289.7650,636.2759,307.6805,611.3550,313.8726,606.9036,295.9571
628.2706,289.5168,630.0866,309.0334,603.6886,311.4897,601.8726,291.9731
624.5450,286.7108,628.3526,306.8808,602.5023,311.7607,598.6946,291.5907
622.3737,285.0740,627.3636,306.8382,601.7846,312.7028,596.7947,290.9386
604.0088,280.1585,627.0192,285.1079,621.1718,312.2930,598.1614,307.3436
625.2665,277.3994,627.4399,295.2813,603.6570,298.1721,601.4835,280.2902
625.7937,264.1660,633.5477,279.0471,610.5303,291.0407,602.7763,276.1595
627.5742,263.7632,630.0889,282.5721,605.4792,285.8624,602.9645,267.0536
624.1274,259.3169,630.9252,276.8501,606.1526,286.4548,599.3548,268.9216
620.6635,258.5883,627.6849,275.1109,604.5342,284.9489,597.5128,268.4264
619.3661,255.2992,624.5583,273.9548,597.6935,281.4318,592.5013,262.7762
625.0432,262.8304,626.6376,275.7374,586.0525,280.7507,584.4581,267.8438
626.9314,255.4384,627.7654,273.0901,596.4425,274.5700,595.6085,256.9183
621.5825,254.9137,621.6396,275.9631,595.0298,276.0352,594.9728,254.9858
622.0520,258.7584,620.5107,277.0977,597.1932,275.1381,598.7345,256.7988
620.2114,257.8073,623.4181,274.0091,596.7519,279.2869,593.5452,263.0852
624.9637,259.8141,628.4595,274.8623,597.9866,281.9413,594.4908,266.8932
632.9526,264.4692,633.0541,276.1278,593.1010,276.4755,592.9996,264.8169
633.9143,263.2574,634.1058,275.7473,595.4558,276.3397,595.2643,263.8498
630.6561,260.4752,629.1526,277.0827,595.7545,274.0592,597.2579,257.4516
628.5156,257.9760,628.7751,278.2601,598.7231,278.6446,598.4636,258.3605
627.6576,260.2972,631.1079,277.9589,602.8928,283.4709,599.4425,265.8092
628.3448,263.4962,627.5269,285.1829,602.5847,284.2422,603.4026,262.5555
632.3649,266.9662,632.7115,284.2882,602.6969,284.8888,602.3503,267.5667
635.8456,271.1967,636.3464,286.3966,599.9303,287.5963,599.4295,272.3964
634.5027,275.0907,634.4598,291.4803,599.1239,291.3879,599.1667,274.9983
632.1257,280.2417,631.8581,299.1415,597.8226,298.6595,598.0903,279.7596
628.8254,285.0000,628.5130,304.4875,595.6656,303.9609,595.9780,284.4735
627.8687,290.1310,625.8582,310.4034,590.5137,306.8982,592.5242,286.6258
626.9913,298.2202,624.7878,317.5349,592.0866,313.8043,594.2901,294.4895
628.6653,305.9703,627.1970,325.2047,590.0961,322.3726,591.5645,303.1381
640.7307,327.4566,636.9871,342.4931,600.1385,333.3187,603.8822,318.2823
644.8265,329.5986,645.1866,344.4044,602.1993,345.4502,601.8392,330.6443
642.6318,332.2228,643.3991,351.7797,603.4412,353.3475,602.6738,333.7906
640.2048,337.4863,640.9561,358.5789,608.1324,359.7480,607.3811,338.6554
643.5413,343.4252,641.2426,366.8520,615.5195,364.3279,617.8183,340.9011
642.1454,356.3484,641.8514,378.0946,610.4008,377.6693,610.6948,355.9231
642.2469,365.0262,642.1424,379.6484,602.9468,379.3683,603.0513,364.7461
649.7705,369.5732,647.8869,383.6514,606.6821,378.1384,608.5657,364.0601
654.3786,376.2565,653.4548,391.6604,614.7354,389.3383,615.6592,373.9344
657.3502,380.5841,656.5999,399.2610,625.6320,398.0171,626.3821,379.3402
662.8452,397.6465,638.6964,405.5667,630.1525,379.5162,654.3013,371.5961
662.7781,383.5605,662.7076,406.1273,638.9623,406.0530,639.0328,383.4862
664.8743,386.6184,665.4099,407.6716,636.0344,408.4189,635.4988,387.3657
662.4741,387.0441,668.8974,406.1814,638.8336,416.2721,632.4103,397.1348
664.9915,414.8833,640.0366,418.0645,636.1344,387.4539,661.0892,384.2727
642.7846,385.9857,662.7474,386.4159,661.9971,421.2230,642.0344,420.7928
643.0749,389.1687,664.5540,391.0335,661.7810,422.9731,640.3019,421.1082
666.0135,400.0255,665.9819,421.0458,632.1237,420.9950,632.1552,399.9747
668.0042,401.7265,670.0457,420.0882,628.5354,424.7036,626.4938,406.3419
637.8984,389.4232,661.6366,394.8282,654.4089,426.5717,630.6707,421.1667
635.3510,390.1727,657.8531,393.4184,653.5002,423.5968,630.9981,420.3511
660.3187,394.6636,661.7061,414.0153,624.6541,416.6716,623.2667,397.3199
662.0151,397.2094,661.9833,411.5258,620.5867,411.4341,620.6185,397.1176
659.0062,392.4690,660.4069,408.3323,620.0039,411.8996,618.6033,396.0362
637.0394,372.7829,655.7059,388.8033,635.7395,412.0678,617.0729,396.0474
640.1456,373.7137,651.9150,395.7373,627.7218,408.6663,615.9523,386.6427
642.5978,369.2967,653.6611,391.1262,623.1884,406.5699,612.1251,384.7404
647.2131,369.6526,649.6923,394.2881,616.4969,397.6287,614.0178,372.9932
643.4464,367.2148,645.4331,388.0068,611.1252,391.2849,609.1385,370.4929
642.2795,358.7278,636.2698,385.9069,606.2511,379.2693,612.2607,352.0903
625.2225,343.4817,645.5912,359.3009,625.5024,385.1669,605.1337,369.3477
623.4581,340.9821,643.3362,357.8917,622.5896,382.2805,602.7114,365.3711
633.9223,342.1824,639.8184,366.0043,607.4870,374.0065,601.5909,350.1846
631.3151,342.8305,632.6311,361.2020,596.3829,363.7985,595.0670,345.4270
631.4562,326.7490,634.4705,352.8918,604.2188,356.3798,601.2045,330.2370
602.3974,317.8285,629.9800,321.6214,625.5679,353.7063,597.9854,349.9134
617.1887,312.7749,633.1169,333.1285,608.6594,352.2684,592.7311,331.9147
616.9907,310.1147,632.4239,334.0273,606.5991,350.6947,591.1658,326.7822
628.5488,316.2947,628.1300,341.0859,596.7859,340.5564,597.2047,315.7652
628.3324,311.6146,630.5765,327.2160,591.3660,332.8561,589.1219,317.2547
626.9653,306.7895,628.7237,324.8546,596.2464,328.0159,594.4880,309.9508
626.4290,304.6285,625.8049,324.9994,593.7285,324.0167,594.3526,303.6458
624.5045,295.0726,630.2141,320.8960,600.0870,327.5570,594.3775,301.7336
629.2850,298.3202,629.7457,320.7141,594.7020,321.4350,594.2413,299.0411
631.2299,298.2726,631.9902,319.6045,593.4155,320.9793,592.6553,299.6475
638.3013,299.5194,639.5947,316.0570,591.1742,319.8442,589.8807,303.3065
637.5981,301.2465,639.4939,315.6992,591.2579,322.0264,589.3621,307.5737
637.0800,300.5568,638.3674,317.3882,596.7559,320.5708,595.4686,303.7393
638.4342,298.5602,639.7969,317.0703,594.0491,320.4382,592.6864,301.9281
628.9474,296.0309,630.4478,322.8340,596.7988,324.7177,595.2984,297.9146
635.1633,295.4152,639.5648,319.7241,594.9083,327.8099,590.5068,303.5010
641.5920,307.6677,643.2355,321.1502,592.1516,327.3775,590.5080,313.8950
631.6294,313.9095,633.4882,333.0227,591.0962,337.1453,589.2374,318.0321
628.7693,312.5666,632.7179,330.0598,591.5126,339.3608,587.5640,321.8676
632.0233,313.9371,633.6530,332.4376,586.9286,336.5533,585.2990,318.0529
627.6189,312.2314,632.0927,334.3364,592.8893,342.2707,588.4155,320.1657
628.3942,314.3610,632.3452,337.0625,591.9150,344.0991,587.9640,321.3976
635.6898,324.1286,638.0010,342.4032,590.1071,348.4604,587.7958,330.1859
639.2989,329.2758,642.2473,344.9139,595.4941,353.7286,592.5457,338.0905
629.4613,327.4848,635.4127,352.7354,596.7540,361.8470,590.8026,336.5965
627.4901,340.1180,623.9092,363.5684,589.4735,358.3102,593.0543,334.8598
628.0905,346.2660,623.3828,368.4551,589.8945,361.3503,594.6022,339.1611
638.9570,346.5546,640.8693,363.1837,593.0265,368.6855,591.1142,352.0564
623.5795,339.8336,643.0028,361.5977,611.4194,389.7843,591.9961,368.0202
636.5588,353.1908,641.0892,375.3954,601.6150,383.4493,597.0846,361.2448
638.1038,358.1476,631.9642,387.3250,597.7565,380.1268,603.8962,350.9494
640.7839,368.5618,635.8126,388.2159,591.9040,377.1096,596.8753,357.4555
652.2436,370.7886,653.6417,387.5896,597.6224,392.2511,596.2243,375.4500
640.2886,372.0108,645.8385,394.0710,605.4597,404.2294,599.9099,382.1692
651.8194,383.1454,646.8657,403.2899,603.6664,392.6668,608.6201,372.5224
656.0237,392.1674,641.8655,415.1646,607.1820,393.8119,621.3401,370.8147
654.6657,394.8263,649.8434,414.5733,604.7867,403.5705,609.6089,383.8234
662.6248,397.7873,663.3467,414.3373,607.7405,416.7631,607.0186,400.2131
660.1469,396.5887,662.7443,414.3638,612.0262,421.7748,609.4288,403.9998
659.4974,419.6349,631.3007,433.3201,615.3682,400.4931,643.5649,386.8079
663.5236,403.1719,651.0195,432.2806,616.5541,417.4756,629.0581,388.3668
666.3219,401.1146,667.6107,422.3813,620.0294,425.2648,618.7406,403.9981
664.4551,397.3128,667.3596,418.1686,620.1630,424.7416,617.2584,403.8858
667.3719,391.1312,665.9841,419.5121,620.2687,417.2766,621.6565,388.8958
664.3740,393.0355,661.0524,418.0612,619.2246,412.5094,622.5463,387.4836
666.2940,394.0236,665.6268,415.2162,619.3303,413.7587,619.9976,392.5660
675.2465,392.2731,676.6199,407.9279,622.9502,412.6363,621.5768,396.9814
672.9155,380.6799,676.3611,401.1241,628.0793,409.2616,624.6336,388.8174
658.8217,375.8950,659.9451,404.7733,623.5847,406.1877,622.4613,377.3094
650.8062,371.7205,658.6952,396.9677,625.2389,407.4218,617.3499,382.1747
655.6627,372.9850,658.1450,398.0738,621.3774,401.7116,618.8951,376.6228
658.6794,375.6122,658.2055,393.0827,614.7507,391.9040,615.2247,374.4335
657.4961,368.2837,659.7100,388.5145,618.3082,393.0452,616.0942,372.8144
661.9640,355.8746,666.5577,381.1223,621.7968,389.2664,617.2031,364.0186
625.1808,344.2990,651.7281,354.7310,637.8227,390.1176,611.2754,379.6856
641.4063,342.9627,654.0900,366.2455,620.1917,384.7123,607.5080,361.4294
642.0922,345.1536,646.7676,371.0150,614.6182,376.8273,609.9427,350.9659
648.2687,343.5954,653.2761,361.8488,615.5668,372.1935,610.5593,353.9401
650.1545,335.3816,655.8619,363.1191,617.5382,371.0048,611.8309,343.2672
637.5416,321.3881,648.6882,341.9391,616.4794,359.4088,605.3328,338.8578
637.7136,316.3614,647.6497,343.1314,616.2740,354.7770,606.3379,328.0070
644.1135,324.6702,641.7748,350.6804,607.5731,347.6051,609.9119,321.5949
639.9548,323.9102,640.0462,342.2026,602.7250,342.3890,602.6337,324.0966
635.5284,311.0975,644.3933,338.4915,612.2926,348.8795,603.4277,321.4855
640.4424,298.0793,652.0543,320.2357,624.7939,334.5225,613.1821,312.3661
651.2672,305.6356,641.3140,331.1489,611.9166,319.6805,621.8698,294.1672
620.6029,293.0414,649.5437,297.5803,644.8154,327.7292,615.8746,323.1904
639.8099,283.2129,653.1049,306.2069,624.9424,322.4904,611.6474,299.4964
650.2908,290.7983,654.8116,306.7547,614.9801,318.0398,610.4594,302.0834
653.0249,290.0139,657.6561,316.5241,621.4227,322.8539,616.7916,296.3437
642.7626,281.2811,653.1620,300.0656,622.3151,317.1428,611.9158,298.3583
648.6283,283.2404,647.5670,308.6366,611.4589,307.1276,612.5202,281.7314
644.4700,281.1899,648.6362,305.9540,617.4853,311.1946,613.3191,286.4306
640.6834,277.6849,648.7451,303.9593,617.5453,313.5322,609.4837,287.2578
649.7762,285.0008,651.8949,299.5544,609.5172,305.7235,607.3985,291.1699
653.6323,279.4243,658.3136,295.2524,614.2801,308.2756,609.5988,292.4475
643.7408,280.4297,652.1583,297.8447,613.3945,316.5808,604.9772,299.1658
647.6768,282.5483,653.8613,299.9383,609.5840,315.6851,603.3994,298.2950
645.4742,288.3398,644.4733,307.7596,600.8533,305.5116,601.8542,286.0918
651.1211,295.8074,649.5171,316.8764,605.2157,313.5037,606.8197,292.4347
651.6850,297.9760,653.8345,318.3806,603.3052,323.7035,601.1558,303.2990
645.0637,297.7336,648.7908,324.5944,610.0291,329.9729,606.3019,303.1121
644.1342,310.6033,645.8831,331.9742,606.4454,335.2014,604.6965,313.8306
649.3711,311.5738,652.1682,329.4373,599.8039,337.6364,597.0068,319.7729
636.4531,310.5490,643.9142,340.3668,609.6620,348.9376,602.2009,319.1198
645.9329,326.2463,647.5562,346.8742,602.9742,350.3824,601.3510,329.7544
643.8588,330.1072,648.1390,353.2591,601.7236,361.8403,597.4434,338.6884
624.8185,324.0909,644.0579,350.0846,615.5692,371.1707,596.3298,345.1770
637.9118,340.6057,641.5123,365.8353,603.0054,371.3305,599.4050,346.1009
645.4421,356.0671,641.8473,381.3763,601.2914,375.6160,604.8862,350.3068
644.6719,367.4450,640.5413,390.1105,599.1106,382.5601,603.2412,359.8946
639.8231,384.8100,633.5478,398.6378,586.6962,377.3759,592.9715,363.5480
631.5780,378.0252,634.2498,399.8872,591.5355,405.1075,588.8636,383.2455
641.4483,382.5166,640.9864,403.3838,596.7645,402.4049,597.2264,381.5377
638.7887,377.2118,643.4859,408.7174,609.3373,413.8087,604.6401,382.3031
649.2339,392.5478,648.7354,415.4046,599.1991,414.3240,599.6977,391.4673
654.8475,398.0969,655.9755,416.7531,606.6953,419.7326,605.5673,401.0764
649.5381,392.7082,651.5453,419.8693,611.6318,422.8188,609.6246,395.6578
643.0256,390.7425,649.9300,419.4930,614.1954,428.0746,607.2911,399.3240
660.1292,399.7181,662.1215,421.1896,612.9626,425.7510,610.9703,404.2795
655.1042,403.0638,658.9088,427.4206,617.2455,433.9284,613.4410,409.5715
653.1689,395.4062,661.4783,422.7181,626.1036,433.4804,617.7943,406.1685
659.1613,397.5858,664.5753,422.5181,632.1852,429.5517,626.7711,404.6193
666.3182,398.4503,668.7808,426.9307,632.9042,430.0328,630.4417,401.5524
661.9415,403.6108,662.4222,424.3556,623.2562,425.2632,622.7755,404.5184
670.4575,404.1724,675.5292,436.5948,635.8660,442.7991,630.7944,410.3767
682.8248,406.5858,683.3118,434.7268,636.6420,435.5344,636.1550,407.3934
678.7771,413.0616,674.8770,441.5084,637.9357,436.4436,641.8359,407.9968
683.4102,416.6730,677.4500,442.1889,640.9126,433.6543,646.8727,408.1384
688.1011,410.0550,692.2788,431.5088,648.2228,440.0878,644.0452,418.6340
686.9717,406.0486,692.2644,435.7263,649.1317,443.4185,643.8391,413.7408
681.3231,406.7046,686.9700,437.6887,646.0079,445.1540,640.3611,414.1700
697.6398,409.8707,687.6807,432.0792,653.3230,416.6720,663.2821,394.4635
703.0794,412.6748,700.3931,429.9636,658.2791,423.4201,660.9654,406.1312
713.6669,407.1361,713.9047,426.6160,658.1237,427.2970,657.8859,407.8170
710.9142,405.8944,711.0966,424.9760,658.0990,425.4826,657.9166,406.4011
707.0699,404.1726,708.8002,422.1744,658.2091,427.0373,656.4788,409.0355
698.2567,398.8273,694.9199,426.1615,655.5193,421.3517,658.8561,394.0175
698.7469,407.3369,696.7637,425.4219,656.6909,421.0273,658.6741,402.9423
695.2756,399.3973,698.5555,421.2212,654.9839,427.7697,651.7040,405.9458
690.8011,400.4219,693.0914,419.1219,650.3711,424.3541,648.0808,405.6540
684.5701,399.5858,686.7930,418.7869,641.9330,423.9804,639.7101,404.7793
676.3904,388.9680,680.9153,413.6204,635.9351,421.8764,631.4102,397.2241
669.7386,397.2787,664.0612,422.8004,628.5786,414.9070,634.2560,389.3854
644.1561,377.9169,664.0170,394.5190,638.0089,425.6321,618.1480,409.0300
651.0848,387.8325,657.7423,403.3022,612.5172,422.7650,605.8597,407.2953
648.5145,413.7593,637.4647,432.9938,597.5035,410.0369,608.5533,390.8024
624.9606,392.1022,623.2041,422.1600,582.8674,419.8028,584.6240,389.7449
616.9128,388.6166,616.0692,413.8148,570.5762,412.2917,571.4197,387.0935
590.5692,391.1831,593.2321,416.4086,545.4450,421.4532,542.7821,396.2278
568.0589,385.8127,570.2685,413.1940,528.6585,416.5519,526.4489,389.1706
559.5750,388.3541,560.3730,405.3653,510.4280,407.7085,509.6299,390.6974
542.0049,383.9341,544.1573,406.2897,493.2506,411.1909,491.0983,388.8352
517.5345,383.9713,512.9209,409.3745,471.8713,401.9191,476.4850,376.5160
485.5492,382.3692,484.8584,404.8803,443.9071,403.6235,444.5979,381.1124
466.2236,389.5854,462.8898,409.7156,416.1928,401.9821,419.5266,381.8519
440.9544,390.6576,418.6754,407.5268,395.3952,376.7810,417.6741,359.9117
428.7962,379.7680,426.9003,399.8972,375.1295,395.0211,377.0253,374.8919
403.9692,373.2403,403.9346,393.7861,358.0975,393.7090,358.1321,373.1632
366.0334,362.6664,365.1468,385.5624,320.5654,383.8360,321.4520,360.9399
333.9251,367.4282,331.6161,387.0501,290.8971,382.2585,293.2061,362.6366
300.9253,369.4050,298.3125,384.6135,256.0630,377.3550,258.6758,362.1465
281.5571,362.3614,277.7660,385.1780,235.2211,378.1089,239.0122,355.2923
258.5631,350.9399,259.4444,370.1198,208.4981,372.4607,207.6168,353.2809
2
0
0
0
