1
578.0715,290.5361,555.4129,292.5638,550.8708,241.8066,573.5294,239.7790
578.0991,288.5596,557.7515,289.8483,554.4684,238.0122,574.8160,236.7235
559.6719,241.5661,583.1003,244.4819,577.4265,290.0708,553.9980,287.1549
558.2610,246.2836,583.2306,246.4806,582.7851,302.9503,557.8154,302.7534
580.5513,305.7386,551.8712,306.0236,551.3723,255.8039,580.0524,255.5189
571.0233,309.4632,536.0444,310.6770,534.7006,271.9501,569.6795,270.7363
560.7408,306.0670,533.6165,320.4966,513.8608,283.3605,540.9852,268.9310
543.0989,310.0001,510.8839,319.8798,498.6215,279.8954,530.8365,270.0158
504.2032,257.1541,536.8831,261.0967,531.1316,308.7710,498.4516,304.8284
527.7077,302.5987,497.7303,308.9117,489.2396,268.5932,519.2170,262.2802
522.8547,301.1518,492.2586,307.5265,482.8614,262.4235,513.4574,256.0488
517.6591,304.0860,495.2968,306.4778,489.6277,253.4751,511.9900,251.0833
491.8836,249.7077,513.8644,250.3253,512.2679,307.1429,490.2871,306.5253
496.4848,258.0869,517.6641,258.2162,517.3282,313.2534,496.1490,313.1241
503.1387,249.8622,524.5880,250.4949,522.9526,305.9340,501.5034,305.3013
2
0
0
0
0
1
435.4010,315.7943,385.5572,318.5789,381.9346,253.7378,431.7784,250.9532
421.2926,239.6880,469.7791,242.4945,465.6722,313.4454,417.1857,310.6388
2
0
0
0
0
1
309.6402,294.8786,315.4263,335.1790,239.0320,346.1474,233.2458,305.8469
281.9824,304.9672,285.6562,348.5161,215.6483,354.4220,211.9745,310.8731
266.1467,321.4333,262.1441,359.7209,197.8147,352.9959,201.8173,314.7083
249.1961,324.1340,242.0938,366.3016,188.9425,357.3493,196.0448,315.1817
195.7967,311.3281,236.2030,322.6289,223.0104,369.7992,182.6041,358.4984
204.6772,310.2623,236.8643,330.3984,211.6012,370.7811,179.4140,350.6449
220.0712,313.2040,236.1316,342.7149,194.7949,365.2111,178.7345,335.7002
212.7881,299.6742,239.0272,318.7465,207.8699,361.6118,181.6308,342.5396
237.1199,297.0772,251.4928,333.1771,207.5275,350.6815,193.1546,314.5815
254.1550,300.6752,262.2829,334.3076,214.1848,345.9314,206.0569,312.2990
271.3679,307.5456,273.4411,336.6488,223.6266,340.1975,221.5533,311.0943
289.9431,298.1274,293.9623,332.2435,243.1731,338.2269,239.1539,304.1109
304.4147,295.5493,309.1661,325.9131,266.6662,332.5635,261.9148,302.1997
321.0168,299.2560,323.4790,324.5539,273.4084,329.4272,270.9463,304.1292
340.5387,289.0378,337.4798,322.5918,300.5721,319.2271,303.6310,285.6732
347.1768,283.2748,356.0938,311.0146,307.7312,326.5609,298.8142,298.8210
352.6676,300.3724,350.5470,320.0328,297.0747,314.2651,299.1954,294.6047
361.2668,274.3526,365.1006,303.3490,304.8647,311.3130,301.0310,282.3166
2
0
0
0
0
1
499.0675,287.2422,498.1025,312.7591,441.6713,310.6249,442.6364,285.1079
512.0208,290.8345,500.3937,319.9117,453.5319,301.1730,465.1590,272.0958
511.4362,278.0951,507.2816,307.6525,471.1417,302.5728,475.2962,273.0154
507.8313,285.6663,501.2299,310.4907,461.0919,299.8170,467.6932,274.9927
497.6313,285.5870,493.5295,310.7479,451.2916,303.8622,455.3934,278.7013
495.7192,285.5889,494.3589,315.0238,448.3089,312.8958,449.6691,283.4608
489.6991,283.0126,489.1455,306.4139,432.3214,305.0696,432.8750,281.6683
467.5226,280.3611,466.3427,312.0187,424.0184,310.4413,425.1983,278.7837
459.7675,287.8295,458.1773,314.2784,413.0628,311.5660,414.6530,285.1171
448.3828,287.5048,448.5248,312.4565,392.6657,312.7744,392.5237,287.8227
447.7811,282.9193,450.7045,309.4257,407.6707,314.1720,404.7472,287.6657
2
0
0
0
0
1
281.6975,300.8218,277.8898,335.8467,209.9056,328.4559,213.7133,293.4310
288.8033,288.9731,286.9076,321.1509,209.2498,316.5760,211.1455,284.3981
294.9078,261.3921,291.9864,298.7836,231.6650,294.0707,234.5864,256.6792
270.2898,269.2226,270.4142,298.5635,196.4640,298.8770,196.3396,269.5361
196.4281,230.4138,248.6968,247.4645,229.0998,307.5390,176.8311,290.4884
2
0
0
0
0
1
317.9438,162.9495,303.6805,192.6763,225.0440,154.9453,239.3073,125.2186
304.4213,141.9767,289.1818,175.7692,222.2593,145.5890,237.4988,111.7965
296.9444,129.7726,292.2304,167.8600,219.3733,158.8426,224.0873,120.7552
293.0013,136.8769,291.3226,174.0444,206.1494,170.1974,207.8281,133.0300
289.5929,138.0230,284.0749,184.5798,213.4993,176.2150,219.0173,129.6582
300.6859,146.6487,295.0031,189.3102,213.4039,178.4407,219.0866,135.7792
301.2923,148.1871,296.2138,187.6074,213.1343,176.9042,218.2128,137.4839
291.7950,145.1440,288.2736,190.0124,216.0240,184.3420,219.5454,139.4736
298.9908,154.8285,292.9146,190.2653,210.8128,176.1876,216.8890,140.7508
281.4713,133.1016,279.5927,183.5596,209.7534,180.9595,211.6320,130.5014
291.7584,150.9658,285.0846,190.9376,192.2891,175.4441,198.9629,135.4723
266.4807,140.9494,267.1781,180.8679,191.8942,182.1830,191.1969,142.2645
272.3281,141.3522,267.6434,184.5049,189.0451,175.9721,193.7298,132.8194
282.3447,144.1764,278.0003,186.8812,189.1417,177.8414,193.4862,135.1366
276.1463,143.5766,271.5418,183.2379,195.2224,174.3776,199.8269,134.7162
286.0601,139.5757,287.5092,178.7522,196.4919,182.1189,195.0428,142.9423
299.0817,141.0539,302.5510,185.8386,221.4540,192.1208,217.9847,147.3362
316.4734,140.4689,320.0216,178.1897,229.3129,186.7220,225.7648,149.0013
