1
337.5413,144.3096,375.3597,262.2584,255.3380,300.7415,217.5195,182.7927
255.3731,138.0974,378.9810,174.9558,338.3201,311.3156,214.7122,274.4573
228.2592,167.4917,349.6560,189.0498,326.6950,318.3468,205.2981,296.7888
322.9991,201.1358,333.0804,311.4538,210.6815,322.6390,200.6003,212.3210
322.9251,187.3152,341.7447,305.0416,217.2186,324.9482,198.3990,207.2218
329.8853,189.4600,331.7592,299.7224,211.7265,301.7624,209.8526,191.5000
359.8097,267.1756,251.9192,335.9089,181.0788,224.7109,288.9693,155.9776
305.7313,208.5171,314.0881,321.8895,167.6200,332.6858,159.2632,219.3134
270.4838,250.6463,270.2167,352.2947,144.7751,351.9651,145.0422,250.3168
338.9061,241.8436,361.2604,339.1915,213.5829,373.1032,191.2286,275.7553
356.2859,204.7797,361.5239,323.0775,236.5449,328.6113,231.3069,210.3136
336.1268,198.5932,351.1355,304.5539,224.3984,322.5054,209.3898,216.5447
330.0720,196.5366,331.8755,306.6413,212.8018,308.5917,210.9983,198.4870
323.8311,190.0544,327.6246,301.5964,201.8849,305.8729,198.0914,194.3308
262.8810,162.8626,343.6442,267.3639,234.1289,352.0020,153.3657,247.5007
304.9344,204.3174,309.2593,316.2357,186.9956,320.9604,182.6707,209.0421
327.3799,219.2389,314.5627,324.9160,179.9702,308.5919,192.7873,202.9147
333.7167,185.0168,341.3526,289.4405,215.5687,298.6383,207.9329,194.2146
352.0221,153.6173,325.7069,274.5587,196.4357,246.4310,222.7509,125.4897
312.8678,129.6661,319.3550,245.7033,195.3114,252.6381,188.8242,136.6009
320.7809,149.5115,325.2550,265.6337,195.4668,270.6344,190.9926,154.5122
360.4932,210.0983,346.0541,305.7261,206.4576,284.6481,220.8968,189.0202
389.0717,241.0558,370.4327,347.9024,234.1926,324.1358,252.8316,217.2893
400.0972,246.5988,375.9879,361.8526,252.5402,336.0292,276.6494,220.7755
361.9106,215.1724,389.4954,336.7914,263.9601,365.2644,236.3754,243.6454
311.2191,199.6754,397.8537,302.1963,290.5847,392.8433,203.9501,290.3224
353.8125,244.5576,352.8882,355.9602,233.8027,354.9722,234.7270,243.5696
366.3320,247.9275,332.9431,367.5824,208.9850,332.9928,242.3739,213.3378
347.7261,222.0306,337.8235,336.4282,215.3503,325.8265,225.2529,211.4289
349.1178,215.7388,333.4015,332.3333,212.1431,315.9884,227.8595,199.3938
336.0595,184.2105,361.2979,305.0380,237.9586,330.8011,212.7201,209.9736
367.6796,204.7600,351.6693,313.3479,227.8296,295.0888,243.8399,186.5009
374.7780,178.2550,344.1362,299.7476,219.5032,268.3138,250.1450,146.8211
332.9708,137.4337,353.7993,247.8830,229.8879,271.2501,209.0594,160.8009
338.4786,138.0927,335.7342,241.7796,206.1255,238.3490,208.8700,134.6621
341.6518,112.7240,349.1028,221.3081,221.9263,230.0350,214.4752,121.4509
363.5701,125.2768,362.2290,234.7542,233.9761,233.1831,235.3172,123.7057
373.1653,131.5001,364.1216,240.8887,245.9346,231.1175,254.9783,121.7289
378.3700,137.8371,365.1849,251.6931,236.9810,236.8465,250.1661,122.9905
287.8343,125.7050,406.7730,164.7029,362.9773,298.2743,244.0387,259.2765
391.8441,222.7858,373.3420,329.1727,252.7965,308.2083,271.2985,201.8214
393.6727,232.9057,386.5020,339.6598,265.7637,331.5498,272.9344,224.7956
403.4707,240.9053,385.4452,353.3639,264.0633,333.9081,282.0888,221.4495
388.7088,228.2137,388.1284,339.6186,270.0009,339.0033,270.5812,227.5984
383.0987,217.3851,378.7536,328.7067,257.8352,323.9870,262.1803,212.6654
386.1497,213.4880,373.1328,326.6259,252.9155,312.7945,265.9324,199.6566
386.1362,199.7924,376.1390,309.4571,254.5661,298.3743,264.5633,188.7096
385.0280,158.8072,379.4313,274.4385,256.8997,268.5078,262.4965,152.8765
402.0428,170.2188,372.8384,276.4816,250.5981,242.8861,279.8025,136.6233
409.5362,253.9577,305.3270,316.8143,235.8979,201.7087,340.1071,138.8521
381.9365,179.3621,382.6021,285.7148,264.4753,286.4541,263.8096,180.1015
393.0176,186.4411,371.4014,298.5860,248.4854,274.8936,270.1017,162.7487
402.3356,193.6459,370.4849,304.5945,248.6337,269.6139,280.4845,158.6653
398.7678,187.3083,386.1037,299.5391,266.3909,286.0308,279.0549,173.8000
416.6263,206.5762,383.8656,322.6331,263.7090,288.7152,296.4697,172.6582
419.8927,295.5555,306.1437,346.3437,248.8360,217.9930,362.5851,167.2049
394.9898,225.8459,360.1576,340.8444,246.6595,306.4666,281.4918,191.4681
345.2959,203.7882,347.1213,313.8925,221.3262,315.9780,219.5008,205.8737
322.2910,210.3832,312.6305,319.1332,192.6304,308.4734,202.2910,199.7233
325.2323,201.3716,324.4092,313.7354,197.6398,312.8068,198.4629,200.4430
340.1666,202.2424,339.0142,313.6429,212.4548,312.3336,213.6073,200.9332
388.1533,201.0621,387.5921,314.7407,248.3431,314.0533,248.9043,200.3747
415.0088,206.3318,417.9518,312.6458,279.4778,316.4790,276.5348,210.1650
451.8790,216.4115,445.7467,326.3601,320.1295,319.3539,326.2618,209.4053
449.0740,219.4943,443.2894,330.7504,321.4831,324.4172,327.2678,213.1611
461.8058,265.2372,381.4316,353.9113,283.1634,264.8409,363.5376,176.1669
438.6455,229.3826,379.7434,329.7538,263.7807,261.7019,322.6828,161.3307
405.2077,186.6328,365.0030,300.9486,244.3476,258.5143,284.5523,144.1985
362.1202,154.8179,363.8289,264.2902,238.9922,266.2388,237.2834,156.7665
388.3154,207.9767,311.7243,309.6470,204.9001,229.1732,281.4912,127.5030
396.9880,222.3294,320.1731,324.9297,215.4438,246.5208,292.2588,143.9205
400.3243,248.4388,314.4968,337.9250,217.3474,244.7476,303.1749,155.2614
384.2706,194.8444,394.5835,312.0406,264.2614,323.5085,253.9485,206.3124
419.7200,220.8615,415.6822,332.1947,287.7642,327.5554,291.8020,216.2222
449.3120,248.5108,408.3829,363.0605,282.8740,318.2157,323.8031,203.6659
414.8543,226.6978,428.3478,343.5704,307.9215,357.4742,294.4280,240.6015
417.9493,249.3484,411.4089,357.0671,290.2183,349.7087,296.7587,241.9900
406.3498,240.9560,409.3308,349.1520,285.1406,352.5737,282.1595,244.3777
379.4740,225.6643,388.5212,335.9781,257.1953,346.7486,248.1480,236.4348
345.5972,218.8447,357.3222,327.9785,228.1808,341.8530,216.4559,232.7192
335.5942,228.0808,327.4450,336.6147,206.0342,327.4988,214.1833,218.9648
338.4720,238.8583,317.6270,355.1338,198.1185,333.7093,218.9634,217.4338
345.6480,236.0983,328.9293,348.1855,205.1204,329.7184,221.8391,217.6312
353.6689,202.8249,358.2747,317.9809,231.3153,323.0588,226.7094,207.9029
371.6229,188.7597,365.5594,296.5063,240.5786,289.4729,246.6422,181.7263
385.3623,159.6647,390.4165,261.9227,260.6904,268.3346,255.6361,166.0766
416.7356,140.8413,413.1164,250.2671,271.0568,245.5686,274.6759,136.1428
455.1702,157.3447,423.3339,270.9106,293.7393,234.5809,325.5757,121.0150
470.3859,182.2069,413.0120,290.5834,297.9080,229.6481,355.2818,121.2715
474.6145,220.7131,386.1122,312.0598,289.2964,218.2588,377.7987,126.9121
464.5411,231.9711,377.6109,325.7010,277.5940,232.9398,364.5243,139.2100
419.2458,187.7037,411.2112,305.5594,283.2989,296.8391,291.3336,178.9835
378.7112,189.4582,398.2546,310.3892,269.2386,331.2393,249.6952,210.3083
385.4651,235.6637,354.4345,352.2753,237.4936,321.1571,268.5242,204.5454
352.8861,224.2500,354.5135,327.7683,231.5975,329.7007,229.9701,226.1824
344.1143,210.9963,336.5619,327.9214,213.8864,319.9976,221.4388,203.0725
326.4028,199.8671,329.5564,309.9414,211.0148,313.3376,207.8612,203.2633
320.9174,197.3718,319.8284,308.1064,200.7446,306.9353,201.8336,196.2006
330.8159,184.4279,335.4452,300.5441,209.7327,305.5560,205.1033,189.4398
344.7368,162.4875,349.5712,283.4013,224.4926,288.4023,219.6581,167.4885
366.5657,168.4274,355.9435,278.9789,231.9946,267.0693,242.6169,156.5178
382.0554,168.6971,374.1911,284.6391,249.2995,276.1677,257.1638,160.2258
416.1176,269.5173,304.5352,326.4445,244.5992,208.9647,356.1815,152.0374
431.6560,296.6613,319.1260,347.0864,264.5281,225.2440,377.0581,174.8190
421.5433,222.1244,417.1053,328.6363,300.4987,323.7776,304.9367,217.2657
442.5384,276.0901,344.9290,355.8062,261.7280,253.9298,359.3374,174.2136
367.1795,168.4436,396.9303,272.0891,269.9841,308.5282,240.2333,204.8828
298.0130,158.1051,364.7328,262.0628,249.5677,335.9756,182.8479,232.0179
292.2999,192.7115,308.9391,311.0791,178.4551,329.4215,161.8159,211.0539
293.6839,325.1285,174.4758,355.7267,139.1888,218.2516,258.3970,187.6534
287.2816,240.6559,273.5264,350.4820,153.9878,335.5104,167.7429,225.6842
284.2324,200.0332,310.2455,317.2310,180.6156,346.0036,154.6025,228.8058
309.8999,170.9235,326.8633,295.8972,196.1631,313.6378,179.1998,188.6641
347.8452,171.8186,336.7486,288.4607,212.1327,276.6055,223.2294,159.9633
364.0963,181.7016,340.7478,288.1718,215.0413,260.6049,238.3898,154.1347
347.5231,297.3767,228.3010,305.9699,217.2552,152.7200,336.4773,144.1268
357.6088,213.1598,329.1040,329.9904,208.4071,300.5423,236.9120,183.7117
361.9329,214.8848,319.1425,333.9892,199.8357,291.1261,242.6261,172.0217
348.6237,191.9563,346.9005,302.3889,223.9843,300.4709,225.7074,190.0383
357.6578,194.2186,351.7060,305.4659,235.1648,299.2308,241.1167,187.9835
356.0306,309.6652,236.6229,322.4335,223.5420,200.1021,342.9497,187.3338
357.1512,225.3996,335.3497,339.0289,214.2622,315.7965,236.0636,202.1672
328.5084,222.5461,327.0630,328.1803,205.1037,326.5115,206.5490,220.8774
325.5854,214.1445,311.7163,323.9563,190.9233,308.7003,204.7924,198.8885
320.2130,192.2178,309.9371,302.4240,189.0477,291.1520,199.3236,180.9458
311.8554,184.9007,307.7255,298.1526,187.7552,293.7777,191.8851,180.5258
318.5831,302.1672,198.5581,312.5418,187.2587,181.8180,307.2837,171.4434
330.4625,324.3994,209.4302,342.3420,189.1414,205.4824,310.1736,187.5399
332.5615,347.3000,214.3806,373.7311,184.1446,238.5380,302.3255,212.1068
319.6803,250.7964,313.3467,357.9052,192.5473,350.7620,198.8809,243.6532
311.6976,205.1900,322.8581,324.5774,198.5480,336.1980,187.3876,216.8106
339.0900,206.5697,306.4186,326.7111,174.9425,290.9573,207.6140,170.8159
305.6432,166.9423,319.5613,279.0719,193.7540,294.6878,179.8358,182.5582
287.4790,167.3043,294.4911,271.9742,169.5925,280.3414,162.5805,175.6715
267.4527,164.8167,285.9818,281.9504,164.1331,301.2253,145.6040,184.0916
277.9850,184.9175,293.8388,287.3077,170.8665,306.3485,155.0126,203.9583
298.8942,203.5420,294.6158,311.9829,174.8011,307.2558,179.0795,198.8149
313.7007,191.7623,319.8743,304.1218,193.9445,311.0410,187.7710,198.6815
333.1133,194.1857,351.1293,305.2168,226.6359,325.4172,208.6200,214.3860
370.5737,224.7467,367.6982,333.2339,243.2222,329.9345,246.0977,221.4474
398.3176,240.9459,398.5579,345.4180,266.9835,345.7206,266.7432,241.2485
415.8053,242.1420,410.4364,351.4959,284.7754,345.3264,290.1443,235.9725
373.7358,207.6914,425.4446,316.1793,310.5161,370.9579,258.8073,262.4700
334.8943,202.8749,383.8915,306.8403,270.2262,360.4088,221.2290,256.4435
324.9566,224.9380,329.3501,317.4541,201.7607,323.5133,197.3672,230.9972
285.3853,199.4079,302.1049,314.2607,173.5751,332.9713,156.8556,218.1185
265.5675,216.1725,259.3527,331.2528,134.6257,324.5171,140.8406,209.4368
230.2569,223.4387,228.1948,327.8907,103.3671,325.4263,105.4292,220.9744
225.5760,231.8731,224.9171,321.1879,103.5067,320.2923,104.1655,230.9775
286.3147,231.4923,274.0019,316.2512,141.9218,297.0641,154.2345,212.3053
342.0215,195.7636,322.9803,309.9535,198.1549,289.1387,217.1962,174.9488
356.5263,193.6212,333.0463,303.2285,207.8838,276.4162,231.3639,166.8089
346.0704,187.9572,336.4918,298.6041,216.4681,288.2137,226.0468,177.5669
348.6357,190.2810,350.3817,300.3866,232.7474,302.2520,231.0014,192.1464
363.0236,206.8259,353.5702,318.4280,234.9055,308.3763,244.3590,196.7742
261.0128,178.5763,372.9694,225.9816,320.3264,350.3080,208.3698,302.9027
283.4992,182.7409,341.4111,288.6902,226.4892,351.5066,168.5773,245.5573
293.8269,227.3818,279.7970,337.9012,159.3499,322.6110,173.3798,212.0916
272.1268,208.8580,289.5590,320.9621,172.0025,339.2421,154.5703,227.1381
244.9213,188.4785,344.7704,245.9324,280.0904,358.3397,180.2413,300.8858
366.0890,205.9523,376.0024,311.5604,249.2728,323.4565,239.3593,217.8484
395.9121,211.7771,390.0475,321.7403,265.3727,315.0911,271.2373,205.1279
382.8355,208.1517,389.9472,312.7651,268.2572,321.0376,261.1456,216.4242
371.5892,198.3540,379.3570,304.1415,257.7137,313.0736,249.9458,207.2860
369.6003,192.9082,366.3523,305.2281,245.3924,301.7302,248.6405,189.4104
363.1823,183.9864,366.1795,295.0066,246.1733,298.2465,243.1760,187.2263
361.4810,169.6168,379.1419,276.2463,255.6458,296.7007,237.9849,190.0712
385.4207,186.4083,383.6177,299.7211,260.3371,297.7595,262.1401,184.4467
393.1058,200.2089,386.3552,311.4106,267.4844,304.1943,274.2351,192.9927
368.7686,181.8775,401.2255,291.1886,277.5313,327.9162,245.0743,218.6051
284.9978,168.1803,390.9037,236.9311,317.4170,350.1324,211.5111,281.3817
267.8630,188.7638,356.9049,281.1645,258.2367,376.2460,169.1948,283.8453
264.5858,199.5511,342.1485,304.6689,231.5830,386.2513,154.0203,281.1335
283.4438,231.1364,306.8671,343.4053,181.1100,369.6427,157.6867,257.3738
290.5071,226.8181,310.2095,342.4384,180.5045,364.5409,160.8020,248.9206
324.3792,238.1603,320.8322,348.5493,191.9554,344.4083,195.5024,234.0193
326.6256,230.6798,326.3182,342.0857,207.2291,341.7572,207.5364,230.3512
314.9370,227.3452,315.1076,340.0451,189.9292,340.2345,189.7587,227.5347
296.9672,230.9706,286.7712,338.0511,164.9671,326.4531,175.1632,219.3726
285.2888,210.6131,291.5249,324.3363,169.7370,331.0146,163.5010,217.2914
288.0706,199.5194,305.4512,316.8290,178.6908,335.6098,161.3102,218.3002
270.4666,180.0465,377.6570,242.4791,313.4778,352.6684,206.2873,290.2357
416.6089,213.9125,386.1995,319.1814,255.6777,281.4771,286.0871,176.2082
400.7786,193.1455,391.8264,308.0453,268.2999,298.4210,277.2520,183.5212
378.9219,192.0967,366.6423,307.2102,243.3424,294.0573,255.6220,178.9438
325.5056,168.5949,344.6083,276.2749,216.0020,299.0901,196.8992,191.4100
309.5859,168.1138,321.0372,276.7038,196.8737,289.7974,185.4224,181.2074
295.5517,168.1466,313.2683,279.7734,184.9895,300.1329,167.2728,188.5061
283.0281,175.4172,294.9833,284.4416,167.0565,298.4696,155.1013,189.4452
279.8658,174.7659,297.6765,277.4727,170.6293,299.5043,152.8186,196.7975
323.8966,189.2922,311.3127,304.2455,176.8758,289.5287,189.4597,174.5754
379.7679,180.9041,394.9888,291.2658,245.4840,311.8852,230.2631,201.5234
409.0619,186.2113,412.1677,294.4038,289.8631,297.9148,286.7573,189.7222
396.9018,168.5175,426.6392,278.4516,300.1011,312.6804,270.3637,202.7463
374.5213,165.3313,415.1206,278.9916,291.7601,323.0559,251.1607,209.3955
359.8005,172.1886,392.7061,284.2760,265.6649,321.5715,232.7594,209.4840
255.8932,168.1605,375.2243,203.5323,335.9208,336.1274,216.5897,300.7556
291.1868,180.5942,350.1913,277.0492,237.9318,345.7219,178.9273,249.2669
298.4222,200.7960,301.1341,308.9991,167.5267,312.3477,164.8149,204.1446
259.9614,175.6507,272.8160,279.4146,144.1456,295.3547,131.2910,191.5908
255.2406,176.9972,260.2129,282.6390,138.9334,288.3474,133.9611,182.7056
274.6507,177.9945,282.4577,286.5535,151.0302,296.0052,143.2232,187.4461
304.1931,187.3638,308.6465,295.5093,180.0619,300.8044,175.6085,192.6589
308.0085,188.1582,311.4292,296.3413,192.3991,300.1049,188.9784,191.9219
309.1035,185.8472,301.8752,297.9813,183.5306,290.3526,190.7590,178.2186
323.4428,175.4588,305.8092,296.5364,180.3599,278.2662,197.9934,157.1886
320.3360,164.5407,324.3793,271.4590,202.4957,276.0683,198.4523,169.1500
330.6497,165.2329,331.4730,274.4081,212.3868,275.3061,211.5635,166.1309
346.8823,183.7240,319.8373,302.0126,197.8077,274.1123,224.8526,155.8237
259.4163,149.0772,360.8177,227.8385,277.5002,335.1058,176.0988,256.3445
259.2765,163.9470,350.5239,249.2076,259.9503,346.1412,168.7028,260.8806
331.6336,220.1240,331.7672,333.4511,208.4712,333.5965,208.3375,220.2694
334.5998,241.9084,341.5153,346.1516,221.7286,354.0982,214.8131,249.8550
319.9761,233.7058,341.4781,340.9922,217.0676,365.9261,195.5656,258.6398
309.2194,242.4184,305.2293,347.9870,184.3053,343.4166,188.2953,237.8480
297.3312,217.8102,298.1557,317.2380,176.7461,318.2448,175.9216,218.8169
233.9710,130.1863,331.6004,212.5485,241.8629,318.9203,144.2335,236.5581
281.2373,129.2989,326.1275,242.1914,207.7251,289.2726,162.8349,176.3800
308.4331,146.0875,323.4875,253.6955,202.3126,270.6479,187.2582,163.0400
326.1291,157.2298,348.4066,270.0090,221.6781,295.0419,199.4006,182.2627
349.9477,180.7469,354.0219,284.8949,236.4628,289.4937,232.3886,185.3457
355.4845,180.7873,360.0841,287.6831,242.0641,292.7613,237.4645,185.8655
337.9186,168.5265,362.4847,273.3980,241.6945,301.6930,217.1285,196.8215
265.5417,157.2815,359.2480,232.4395,277.0342,334.9427,183.3280,259.7847
272.5429,167.8574,334.0722,276.7623,219.9441,341.2426,158.4148,232.3377
299.2916,203.6187,300.0241,312.7946,183.8183,313.5742,183.0858,204.3984
297.3352,208.0231,303.6137,316.6813,188.0398,323.3593,181.7614,214.7011
298.8691,210.4083,299.0912,312.2104,182.8731,312.4640,182.6510,210.6618
297.3358,181.3971,311.6299,288.0097,185.0296,304.9838,170.7354,198.3712
270.9518,134.0870,336.8266,237.5543,228.2273,306.6964,162.3526,203.2291
330.7276,154.1530,334.0822,264.2213,211.4833,267.9579,208.1286,157.8895
385.9379,160.1712,391.3859,270.1558,269.3777,276.1993,263.9297,166.2147
443.0001,237.7816,351.1628,329.3420,256.2089,234.1009,348.0461,142.5405
433.6946,223.8860,391.5571,328.6803,275.1734,281.8826,317.3109,177.0883
412.3043,220.2156,406.3609,325.6923,290.3365,319.1545,296.2800,213.6778
416.6767,222.7761,404.7969,334.1462,287.3998,321.6234,299.2796,210.2534
414.1992,215.1699,412.6068,323.6834,297.3712,321.9924,298.9636,213.4789
364.8236,187.0066,439.6953,287.3877,335.5945,365.0338,260.7228,264.6527
366.6035,200.1570,409.0623,312.3363,286.6204,358.6795,244.1616,246.5002
340.4461,205.8760,369.9243,313.6523,249.0087,346.7244,219.5305,238.9480
329.6678,206.7666,367.1543,322.2603,243.7806,362.3044,206.2941,246.8107
336.7295,231.4840,342.4274,342.7446,218.6979,349.0811,213.0000,237.8205
323.6914,232.7666,323.6919,333.3047,196.9191,333.3052,196.9187,232.7671
316.3275,197.2054,335.0933,314.1565,211.9277,333.9194,193.1619,216.9682
318.7588,189.8393,337.7478,304.1310,216.3789,324.2960,197.3898,210.0042
328.9970,193.6463,338.3691,299.8965,217.4249,310.5647,208.0528,204.3146
321.3378,174.2757,371.1169,279.3806,260.5027,331.7690,210.7235,226.6642
355.9975,171.8338,383.7158,287.9869,258.5083,317.8660,230.7900,201.7128
369.4667,176.7553,371.9453,282.1396,247.7424,285.0609,245.2637,179.6766
370.8897,159.8204,376.0320,266.6914,257.5788,272.3910,252.4365,165.5199
413.8581,203.2906,356.5806,315.2937,238.5947,254.9567,295.8722,142.9536
411.8433,305.5567,289.7496,341.4384,250.5626,208.0975,372.6562,172.2158
295.7704,213.8332,412.2636,242.3595,380.4529,372.2648,263.9597,343.7384
377.2691,249.7066,386.5651,354.7094,265.0695,365.4655,255.7735,260.4627
374.0835,250.9144,359.6603,348.4984,231.3997,329.5410,245.8229,231.9571
365.1609,198.2774,354.6324,303.2002,227.2699,290.4200,237.7984,185.4972
355.1641,160.8498,352.4562,271.2626,229.0250,268.2354,231.7330,157.8226
349.9509,154.4496,348.1050,262.9591,229.9929,260.9498,231.8388,152.4403
326.8642,135.9016,364.5956,252.6320,239.9996,292.9058,202.2683,176.1754
312.5545,144.7953,346.3817,256.1340,220.1147,294.4966,186.2876,183.1579
283.9341,142.7184,350.3664,239.1246,252.1297,306.8183,185.6974,210.4120
357.2348,144.2950,368.8009,259.4824,244.9693,271.9166,233.4032,156.7292
370.0150,126.2572,392.7758,243.1287,273.7340,266.3121,250.9732,149.4407
405.4537,149.8766,380.6345,253.3572,261.0915,224.6855,285.9108,121.2049
387.1747,138.6662,401.0840,254.9603,277.3978,269.7537,263.4885,153.4596
342.0739,133.9083,412.6441,235.4916,301.4941,312.7078,230.9239,211.1245
347.7133,155.0376,390.1847,261.0735,260.5943,312.9793,218.1229,206.9434
358.3212,188.8690,341.0758,299.5896,225.3306,281.5617,242.5760,170.8410
339.4245,168.8207,358.8333,276.6170,243.6041,297.3640,224.1954,189.5677
370.9896,191.1536,350.8972,293.3230,231.7653,269.8949,251.8576,167.7255
320.2145,158.6128,388.0528,260.3713,277.2397,334.2459,209.4014,232.4875
297.3765,167.4335,361.7636,269.8118,244.4292,343.6050,180.0421,241.2267
308.3311,201.9735,314.2198,308.8061,199.5684,315.1258,193.6797,208.2932
299.1469,173.2510,347.9638,283.8642,231.7303,335.1615,182.9134,224.5483
329.1858,165.1401,355.2808,279.2283,233.6332,307.0523,207.5382,192.9641
356.4885,186.0724,345.4783,290.6444,227.9984,278.2751,239.0087,173.7032
338.9301,174.9530,358.2119,286.4645,243.3165,306.3315,224.0347,194.8200
344.6408,189.5892,351.3773,296.3716,236.4558,303.6216,229.7194,196.8391
350.2111,199.4537,346.0595,306.9384,230.8973,302.4902,235.0490,195.0056
335.8926,191.8790,353.9691,302.2530,237.0253,321.4055,218.9488,211.0315
284.0521,175.9323,361.6633,271.2619,254.3523,358.6275,176.7411,263.2979
319.4512,227.8606,318.0552,335.4164,206.6582,333.9705,208.0542,226.4147
329.9526,230.8376,329.6795,338.4021,215.3923,338.1119,215.6653,230.5475
333.0515,227.1747,330.1330,334.6999,213.9674,331.5469,216.8859,224.0217
336.2386,228.3979,322.3864,334.0985,206.2109,318.8735,220.0632,213.1729
320.4846,215.0225,326.6276,319.6972,210.6188,326.5053,204.4758,221.8306
310.1674,192.7617,348.2113,304.4010,239.6904,341.3822,201.6466,229.7429
364.5943,184.5915,387.2088,281.3872,252.4817,312.8638,229.8671,216.0680
388.6552,159.1498,387.0283,267.6628,269.4415,265.8997,271.0685,157.3868
393.8974,162.7002,385.0913,264.7036,269.7537,254.7463,278.5598,152.7429
398.9670,168.7762,385.2791,274.5511,263.3644,258.7745,277.0524,152.9996
291.8593,150.5064,404.8365,176.2697,374.6909,308.4641,261.7137,282.7008
278.3021,181.3722,393.4973,200.1011,373.4530,323.3861,258.2578,304.6571
373.3062,224.3146,374.3213,326.6924,258.1186,327.8446,257.1035,225.4668
353.1946,211.5427,369.0286,313.3467,246.8997,332.3420,231.0656,230.5380
337.6594,205.3655,358.1560,301.5871,222.4771,330.4887,201.9805,234.2671
324.3273,231.3557,323.6401,335.0766,212.5819,334.3408,213.2691,230.6198
342.5331,247.2340,334.5700,351.4024,219.6573,342.6179,227.6204,238.4495
329.0212,224.6893,356.1402,335.1911,245.3058,362.3918,218.1867,251.8900
346.2798,233.5999,346.0869,328.6793,228.9184,328.4417,229.1112,233.3622
336.7590,193.6694,358.2402,299.2704,242.8512,322.7426,221.3700,217.1416
358.7686,223.2006,356.3304,311.3669,232.3599,307.9386,234.7981,219.7723
381.9983,201.5934,405.6878,300.7964,289.8491,328.4585,266.1596,229.2555
418.6893,211.6605,406.9883,314.9462,289.6099,301.6487,301.3109,198.3629
407.6396,204.7596,401.6054,309.2692,286.5491,302.6260,292.5833,198.1165
392.2230,180.9869,416.7902,280.1800,289.6996,311.6566,265.1324,212.4634
321.3098,164.9776,418.6236,238.9458,334.9637,349.0103,237.6498,275.0421
337.1249,187.9029,405.9217,286.4793,301.9726,359.0258,233.1758,260.4493
341.2811,205.4588,394.7875,312.0863,281.3289,369.0206,227.8225,262.3931
358.6980,236.0521,362.1238,338.5848,251.1250,342.2935,247.6993,239.7608
362.5204,221.7983,378.3708,330.7710,266.7243,347.0104,250.8739,238.0376
378.5519,226.1153,370.0058,331.1818,257.4345,322.0252,265.9807,216.9587
369.4931,214.2005,369.8875,316.9625,259.7688,317.3850,259.3745,214.6230
363.1889,208.7961,365.0689,309.4861,253.6819,311.5658,251.8019,210.8758
365.9078,206.0830,361.9602,309.7311,250.6346,305.4911,254.5821,201.8431
361.4330,196.2044,372.4857,301.0368,261.1012,312.7803,250.0485,207.9479
370.6726,189.5939,376.8758,294.5607,266.9481,301.0570,260.7449,196.0902
379.1065,191.6861,372.5284,292.1785,262.6441,284.9857,269.2222,184.4932
399.0868,215.5955,359.8193,319.7965,249.2786,278.1399,288.5461,173.9389
413.6726,239.3718,354.5467,341.3358,249.7691,280.5785,308.8950,178.6144
401.0363,226.4010,387.8626,331.9366,277.6573,318.1801,290.8309,212.6444
398.6379,228.8486,395.9518,328.6941,287.4659,325.7755,290.1520,225.9301
379.0204,212.7857,400.3560,321.9667,285.1800,344.4739,263.8444,235.2929
294.9843,198.0819,387.5513,263.5827,314.2226,367.2122,221.6556,301.7114
327.7541,224.1136,346.8065,318.7822,229.1163,342.4678,210.0639,247.7991
350.5881,271.1643,267.6636,354.3798,179.4870,266.5117,262.4115,183.2962
311.2660,197.2847,307.5809,296.1372,195.2921,291.9512,198.9772,193.0987
301.8562,155.9812,320.9457,256.0663,206.7863,277.8402,187.6968,177.7551
314.9564,160.7220,321.7574,257.6984,209.0911,265.5998,202.2901,168.6235
339.0297,171.6141,325.4828,280.1477,208.7397,265.5761,222.2866,157.0425
344.7415,175.9784,349.5536,273.6310,236.3638,279.2088,231.5516,181.5562
352.0150,180.2053,350.6873,282.1166,243.1317,280.7154,244.4594,178.8040
371.8698,192.3746,351.4912,299.0438,237.7811,277.3200,258.1597,170.6508
401.1570,231.4459,343.0749,335.0884,235.9265,275.0416,294.0086,171.3991
420.9601,288.1194,335.1280,362.2834,249.4977,263.1809,335.3299,189.0170
407.6968,250.8426,394.5034,348.7831,283.1424,333.7819,296.3358,235.8413
417.9137,276.8425,358.7567,372.1889,257.0963,309.1145,316.2534,213.7680
386.3462,224.2658,377.8604,319.8916,265.3126,309.9042,273.7983,214.2784
361.9570,190.5652,388.1359,290.6039,275.6602,320.0374,249.4814,219.9987
345.5497,176.6010,377.4727,277.3622,264.5221,313.1470,232.5991,212.3858
321.9116,167.4427,366.9008,272.1649,246.1648,324.0338,201.1755,219.3115
342.5977,225.9038,310.4972,332.9356,200.6703,299.9968,232.7708,192.9650
329.5926,221.6924,339.3296,318.0771,226.5763,329.4677,216.8393,233.0830
347.4699,227.3785,348.3713,323.3759,235.0491,324.4400,234.1477,228.4426
369.4105,221.2187,379.7678,314.2292,262.3643,327.3028,252.0070,234.2923
388.2438,234.9615,374.5287,336.6306,264.8381,321.8334,278.5532,220.1644
383.6681,236.3019,381.8431,340.0091,273.3347,338.0996,275.1597,234.3925
377.1302,242.6030,383.9594,348.7382,272.7829,355.8917,265.9537,249.7565
384.1456,263.7398,371.2325,363.6160,262.9555,349.6168,275.8686,249.7405
371.5479,247.2535,379.2968,349.5504,271.6880,357.7016,263.9391,255.4047
371.6814,238.9102,382.8625,342.5363,274.3143,354.2486,263.1332,250.6225
378.2776,233.2878,380.6500,335.8503,273.3828,338.3316,271.0104,235.7691
381.9964,231.6850,379.5977,330.5771,273.0246,327.9920,275.4234,229.0999
374.8132,211.9602,401.7922,313.8182,279.8851,346.1076,252.9061,244.2496
362.1055,212.6434,399.5137,316.6179,277.7564,360.4240,240.3482,256.4495
356.3790,232.3247,367.1660,331.4869,254.8853,343.7009,244.0984,244.5387
368.3111,232.7609,350.9600,340.5516,239.0731,322.5411,256.4242,214.7504
356.4610,214.1814,359.4263,314.8453,249.9882,318.0690,247.0229,217.4052
352.8420,205.8115,367.4674,301.4176,252.1017,319.0658,237.4762,223.4597
350.2411,207.1593,365.0545,304.2384,244.4793,322.6371,229.6660,225.5580
351.8257,222.7413,355.0831,318.6876,246.6204,322.3699,243.3631,226.4236
358.8541,215.5376,379.5774,312.2511,263.0144,337.2277,242.2911,240.5142
352.2722,185.9088,414.5925,279.0696,310.9934,348.3726,248.6731,255.2118
380.8685,182.1021,413.6991,289.0272,301.9846,323.3282,269.1541,216.4031
402.3925,193.3466,394.0153,295.5939,284.8953,286.6536,293.2726,184.4062
390.1601,175.0466,409.6267,270.4473,293.7919,294.0835,274.3253,198.6828
386.4104,181.9055,404.5683,283.8524,287.3239,304.7350,269.1660,202.7881
370.9614,176.2336,415.0702,279.6114,300.7305,328.3974,256.6216,225.0196
379.3387,200.5036,389.9653,298.7557,264.5768,312.3173,253.9502,214.0651
344.9594,194.2643,352.9399,291.8224,236.6207,301.3377,228.6401,203.7796
327.1346,189.5015,330.6147,285.3646,222.7686,289.2797,219.2885,193.4166
325.9204,193.7262,327.2306,291.6014,221.5961,293.0155,220.2858,195.1403
358.3751,236.8105,309.5795,339.5680,200.2677,287.6601,249.0632,184.9026
376.7039,301.9168,296.9960,379.6953,215.8761,296.5632,295.5840,218.7847
361.9425,259.5850,398.3545,361.2385,288.7839,400.4863,252.3719,298.8329
360.0692,222.5082,438.0729,309.4158,340.2957,397.1755,262.2920,310.2679
418.9089,232.6825,424.8542,338.1068,312.0904,344.4659,306.1451,239.0417
421.8116,228.0733,416.5574,329.7400,303.4781,323.8959,308.7324,222.2292
412.2863,216.0173,419.3524,311.2338,295.4557,320.4282,288.3896,225.2118
337.7494,189.6740,416.3727,272.2408,324.0585,360.1461,245.4351,277.5793
363.3816,225.1046,377.0830,325.2948,254.0873,342.1149,240.3859,241.9247
332.5995,227.9177,342.5529,320.4065,222.2373,333.3547,212.2838,240.8659
345.4786,232.0860,351.6267,325.0421,235.6687,332.7115,229.5205,239.7555
378.5361,249.8560,372.0845,333.3733,246.4046,323.6647,252.8562,240.1474
372.2662,204.8912,444.1752,279.0780,358.3306,362.2869,286.4215,288.1001
432.6719,227.9743,433.4700,322.0901,324.9488,323.0105,324.1506,228.8947
452.4998,239.0341,431.5566,340.4480,322.4525,317.9167,343.3956,216.5028
454.6031,242.9564,441.2715,341.8279,335.8707,327.6159,349.2023,228.7443
453.0603,232.7256,449.3481,333.4993,345.6952,329.6810,349.4074,228.9074
455.7493,231.0627,447.3055,330.4710,342.2703,321.5494,350.7140,222.1410
444.2057,207.3253,474.9142,309.9770,352.0271,346.7390,321.3186,244.0872
376.5296,207.6928,456.3229,289.4200,363.4149,380.1296,283.6216,298.4025
422.2950,245.7213,439.4532,337.0737,304.4762,362.4256,287.3180,271.0732
389.4547,223.9598,426.3076,332.0771,306.0413,373.0711,269.1884,264.9538
405.7432,238.3187,410.3104,335.1538,301.2533,340.2975,296.6861,243.4624
422.4166,242.5021,411.7036,341.5799,304.0938,329.9444,314.8067,230.8666
451.2169,269.0916,409.2518,366.3397,305.7751,321.6868,347.7402,224.4388
447.3396,252.8405,455.2385,348.5551,344.0100,357.7343,336.1112,262.0197
452.8924,234.6729,464.9900,337.7559,359.3603,350.1524,347.2627,247.0694
472.8438,274.5008,399.9380,348.9478,308.6767,259.5757,381.5825,185.1288
432.9907,213.6770,371.3528,303.9957,272.4117,236.4734,334.0496,146.1547
380.3856,153.2788,399.2173,250.6033,289.1335,271.9040,270.3018,174.5794
387.8755,166.7574,379.5560,265.7184,272.3693,256.7075,280.6888,157.7464
396.5378,189.1736,375.1461,288.4689,264.3607,264.6018,285.7524,165.3065
330.1501,167.5893,409.2164,253.5646,318.0130,337.4388,238.9467,251.4635
302.7253,191.2943,386.5217,262.5923,306.4608,356.6878,222.6644,285.3898
332.9514,218.6609,357.5524,318.7277,236.3106,348.5345,211.7096,248.4677
316.2428,230.8935,332.9618,326.9661,223.5456,346.0071,206.8266,249.9346
318.8470,242.2523,318.4262,335.4294,218.5456,334.9784,218.9664,241.8013
333.3391,243.2596,338.7819,337.2213,229.4795,343.5526,224.0367,249.5910
345.6558,231.9720,355.2695,327.4153,246.0603,338.4156,236.4466,242.9723
354.8182,199.7084,350.0916,300.4396,243.6044,295.4429,248.3310,194.7117
338.4109,170.2638,345.8379,268.4512,240.4948,276.4194,233.0678,178.2321
333.0384,171.4548,332.4449,263.6897,231.6050,263.0409,232.1985,170.8060
325.3188,160.6905,344.8843,265.2821,235.8369,285.6812,216.2714,181.0895
307.6993,161.6426,343.0319,267.2906,227.5353,305.9169,192.2027,200.2689
310.7867,186.0357,328.8152,282.9218,202.2934,306.4649,184.2648,209.5788
288.3121,204.9097,287.8950,299.9884,186.0936,299.5418,186.5107,204.4631
281.6228,203.9080,285.5943,300.6752,184.0311,304.8435,180.0596,208.0763
240.0512,192.3950,308.9955,280.0240,218.4511,351.2621,149.5068,263.6331
286.0359,233.9799,286.1967,324.3342,178.2798,324.5263,178.1191,234.1720
309.7390,239.0502,309.7791,327.5223,174.2326,327.5836,174.1926,239.1116
338.2591,253.6719,327.9131,332.3179,220.6006,318.2008,230.9466,239.5547
359.4518,212.4119,383.9619,303.5522,271.5948,333.7707,247.0847,242.6304
398.8770,222.3717,389.7700,316.0472,281.4413,305.5156,290.5483,211.8401
431.2687,239.7170,392.7529,339.2873,292.7515,300.6047,331.2673,201.0344
328.9878,216.3070,428.2188,240.6575,402.5523,345.2515,303.3213,320.9009
383.8607,234.7977,405.1000,331.3205,291.8518,356.2401,270.6125,259.7173
344.7996,220.6407,351.7392,323.3065,230.7052,331.4877,223.7655,228.8220
315.3118,216.0314,313.9980,311.1019,206.4417,309.6156,207.7555,214.5450
291.6901,189.8613,322.5876,279.3951,200.9875,321.3586,170.0900,231.8248
276.7416,213.7651,288.0016,307.0961,179.3043,320.2100,168.0443,226.8790
301.0501,218.4133,321.5903,309.6797,204.0632,336.1302,183.5229,244.8638
301.3187,183.7547,356.1091,284.2473,256.7309,338.4302,201.9404,237.9376
343.2743,192.5089,348.2003,291.3073,241.0375,296.6504,236.1115,197.8519
364.5777,195.1208,362.6886,286.3969,250.7107,284.0793,252.5998,192.8032
390.0679,194.9981,394.8196,284.3415,275.8981,290.6664,271.1464,201.3229
390.6140,175.2126,441.8543,264.8923,347.7854,318.6405,296.5451,228.9608
432.1824,206.0760,429.7383,298.2805,330.0070,295.6369,332.4511,203.4324
413.7332,186.5096,440.1085,279.7478,336.7336,308.9905,310.3584,215.7522
404.3352,191.8714,413.4861,282.8902,306.0233,293.6944,296.8724,202.6755
394.6581,209.6075,356.0284,281.5231,262.5570,231.3147,301.1867,159.3991
331.9450,158.0318,338.3345,245.2808,229.0000,253.2876,222.6105,166.0386
321.5696,125.6893,367.9115,216.0880,269.5387,266.5177,223.1969,176.1190
355.7521,124.8540,394.4875,216.5538,297.1903,257.6537,258.4548,165.9539
394.2929,133.4264,399.0590,220.9217,295.4893,226.5633,290.7233,139.0681
395.3724,114.9161,400.5454,208.8931,300.8148,214.3828,295.6418,120.4059
401.8638,122.6765,398.1738,220.4909,296.4438,216.6532,300.1338,118.8388
2
0
0
0
0
1
385.5434,193.9060,387.5640,279.5306,291.5891,281.7955,289.5685,196.1709
386.8754,185.3640,387.0336,267.2475,288.1126,267.4386,287.9544,185.5551
383.9958,150.8110,387.4671,228.5214,286.7256,233.0214,283.2543,155.3110
385.5514,107.4286,393.6341,182.5271,286.0186,194.1097,277.9358,119.0112
368.6008,53.8145,428.5983,127.1979,344.8648,195.6574,284.8673,122.2740
424.0066,182.4743,328.1546,187.8312,322.5445,87.4498,418.3965,82.0928
437.1058,217.4949,335.2831,231.3626,321.3711,129.2149,423.1939,115.3472
354.4358,136.8826,446.5948,181.4920,399.5464,278.6896,307.3875,234.0801
394.8498,156.7815,432.2213,250.0739,321.9463,294.2484,284.5747,200.9560
363.2401,167.9488,423.6798,250.6879,328.2432,320.4030,267.8034,237.6639
343.7476,184.7144,411.1171,263.3003,322.6631,339.1294,255.2936,260.5434
356.3882,202.7993,397.5123,297.3481,293.6981,342.5023,252.5739,247.9534
349.5126,216.0567,378.6375,306.6273,278.7631,338.7440,249.6382,248.1735
348.6256,219.7057,384.8343,308.3529,290.4931,346.8872,254.2845,258.2401
349.0179,215.9876,395.1266,306.1601,305.1944,352.1459,259.0857,261.9734
366.9543,207.9643,399.8434,304.2117,302.4572,337.4900,269.5680,241.2427
386.0642,210.0865,398.8879,297.7004,295.3305,312.8578,282.5067,225.2439
373.4980,173.8385,428.6632,257.2220,338.9394,316.5818,283.7743,233.1982
398.8513,179.3270,419.9918,275.8221,321.6145,297.3749,300.4740,200.8799
396.8076,173.3658,435.5050,258.2746,338.5223,302.4746,299.8250,217.5659
351.5400,183.0432,443.5332,205.8765,418.5927,306.3593,326.5995,283.5259
391.1411,186.3089,457.5215,263.4527,375.1483,334.3328,308.7679,257.1891
384.7054,199.3499,452.0242,276.8826,363.1404,354.0570,295.8217,276.5243
355.0342,220.1510,426.3709,294.8051,345.6640,371.9256,274.3273,297.2715
361.7525,243.6906,393.5697,329.9253,290.5781,367.9251,258.7609,281.6904
345.9844,246.8499,374.2761,340.2824,276.4517,369.9040,248.1600,276.4715
333.0158,238.0253,375.7096,326.5590,282.7763,371.3745,240.0825,282.8408
337.8919,234.6713,350.2583,316.2507,251.4487,331.2291,239.0822,249.6497
336.4134,206.1082,346.7071,284.9627,236.2380,299.3834,225.9443,220.5289
349.3799,190.9376,353.9678,268.2215,257.9456,273.9217,253.3577,196.6378
370.9182,168.9786,384.3153,257.7524,282.5392,273.1118,269.1420,184.3380
358.7901,157.0328,411.9514,241.8614,321.7067,298.4168,268.5455,213.5882
365.9854,171.0044,429.6087,247.5159,346.4913,316.6322,282.8681,240.1206
398.5600,191.4916,439.3070,278.5048,340.2933,324.8715,299.5463,237.8582
440.0081,323.6575,342.2931,329.5400,336.1283,227.1355,433.8434,221.2530
376.5388,230.7150,465.8971,271.1913,422.0237,368.0493,332.6653,327.5730
422.2878,246.0778,457.4202,337.7361,359.6881,375.1965,324.5558,283.5382
409.7533,244.9912,448.4692,337.0217,349.6095,378.6106,310.8935,286.5802
399.6667,256.8324,416.6577,348.1863,307.5364,368.4819,290.5454,277.1280
357.4890,262.4888,369.9444,354.3635,258.3086,369.4980,245.8531,277.6234
302.4253,251.9879,336.0838,334.2867,236.0587,375.1949,202.4002,292.8962
304.9727,247.6019,318.3222,337.0028,212.2029,352.8487,198.8534,263.4478
319.5111,239.2181,320.3925,316.3537,220.5174,317.4949,219.6361,240.3593
317.5031,209.1821,322.9596,286.4687,218.7467,293.8263,213.2901,216.5397
320.4578,192.3579,334.7627,272.7523,238.7630,289.8339,224.4581,209.4395
355.9504,187.4108,359.1236,277.5150,253.4953,281.2348,250.3221,191.1307
371.6526,170.3400,405.5739,263.0079,308.5611,298.5197,274.6398,205.8519
372.9919,160.5797,432.2983,247.5048,344.1453,307.6490,284.8389,220.7238
382.2304,166.6265,435.5912,254.3012,347.5198,307.9034,294.1591,220.2287
331.6903,193.8952,420.8375,200.7881,413.5092,295.5656,324.3621,288.6728
420.6768,213.0895,420.5689,302.5027,326.4497,302.3891,326.5576,212.9759
368.4309,201.0423,443.8792,266.8931,369.3567,352.2767,293.9085,286.4259
386.8159,230.7167,390.8202,323.7306,279.8756,328.5069,275.8712,235.4930
340.8910,222.6331,357.3916,312.8988,244.4573,333.5432,227.9567,243.2775
294.5956,217.8460,319.8466,310.4566,212.4292,339.7448,187.1782,247.1343
272.1324,215.0960,295.6544,304.6150,187.7092,332.9787,164.1872,243.4597
247.1615,208.5501,314.9699,276.6515,239.4722,351.8244,171.6638,283.7230
336.1197,234.7258,332.1929,324.8003,207.4974,319.3641,211.4242,229.2897
306.6101,201.3197,377.5793,278.8887,296.1086,353.4276,225.1394,275.8585
332.4848,207.6687,367.8572,295.6286,272.5122,333.9708,237.1399,246.0109
378.5659,231.8430,369.7922,312.0381,262.1563,300.2621,270.9301,220.0670
357.8791,190.8211,378.5608,254.1705,262.7506,291.9791,242.0689,228.6296
461.6245,195.5996,475.5657,292.5633,370.2935,307.6991,356.3523,210.7354
447.8687,197.6843,455.5561,288.4995,344.9583,297.8615,337.2709,207.0463
404.7660,190.4051,423.6575,273.7669,308.8701,299.7802,289.9785,216.4184
354.9739,210.0730,359.6832,288.0394,237.9343,295.3932,233.2250,217.4268
349.5637,208.5509,343.0606,289.2318,238.7566,280.8246,245.2596,200.1438
245.9295,192.6809,283.0835,276.3849,181.0007,321.6968,143.8466,237.9929
285.9711,184.7111,308.1228,267.2419,192.5985,298.2492,170.4468,215.7185
281.8187,138.8724,341.8129,222.6356,252.1302,286.8694,192.1361,203.1062
303.6123,144.8615,327.2899,237.7247,225.5380,263.6686,201.8604,170.8054
341.7696,206.2303,280.4541,280.5813,201.0121,215.0674,262.3276,140.7164
353.7862,248.0226,278.6843,309.2114,208.3838,222.9259,283.4856,161.7372
293.1731,193.9082,360.7379,278.0663,276.7091,345.5273,209.1443,261.3692
330.0251,240.5123,333.1275,325.3135,231.3932,329.0354,228.2908,244.2343
355.9505,317.1394,278.4285,377.0094,215.5510,295.5930,293.0730,235.7230
337.2153,258.9327,348.7675,351.2549,252.2456,363.3326,240.6934,271.0104
339.4525,256.6423,333.9153,349.6364,239.0039,343.9850,244.5410,250.9909
308.9974,237.3524,330.9923,324.9171,223.9294,351.8097,201.9344,264.2450
333.9776,269.2976,321.2545,356.9261,215.0509,341.5060,227.7740,253.8775
353.2365,282.3114,354.0463,374.4279,255.0701,375.2979,254.2604,283.1815
342.3131,263.0420,392.9389,353.4138,301.1172,404.8518,250.4914,314.4800
367.9288,275.8999,372.2067,362.4969,272.4467,367.4250,268.1688,280.8280
370.8072,254.2707,378.1108,338.7253,268.0755,348.2411,260.7719,263.7865
386.7635,222.1021,371.4788,312.1095,263.0090,293.6896,278.2937,203.6822
392.2211,197.9342,364.0102,273.8015,264.0901,236.6466,292.3010,160.7794
300.9163,125.9849,376.2700,195.1825,305.7578,271.9677,230.4042,202.7701
324.8440,138.2664,355.9957,231.8943,243.8485,269.2078,212.6968,175.5799
328.9185,165.2082,343.8239,263.0910,228.3721,280.6717,213.4668,182.7889
326.6232,196.8734,343.9420,292.4160,223.2276,314.2977,205.9088,218.7551
328.9462,246.8922,319.7071,327.3057,226.2030,316.5626,235.4421,236.1491
314.1365,240.5780,338.9297,330.0615,241.8092,356.9707,217.0160,267.4873
305.1989,220.3810,365.0146,303.4465,274.9587,368.2961,215.1430,285.2306
325.2928,213.2187,359.9283,304.5561,260.3418,342.3197,225.7063,250.9823
319.2500,207.0897,355.7316,295.2789,260.3645,334.7298,223.8829,246.5407
290.5276,203.4534,374.9128,247.8861,326.1253,340.5417,241.7401,296.1090
357.1276,196.4255,398.5053,287.9709,300.4776,332.2786,259.0999,240.7331
375.1797,195.5500,382.0258,289.3082,284.3251,296.4422,277.4790,202.6840
352.3208,174.8431,377.8961,267.7278,278.4235,295.1170,252.8483,202.2322
324.9125,152.6867,402.5440,217.5377,331.8969,302.1075,254.2655,237.2566
399.8793,182.6931,389.6766,271.3565,278.6110,258.5760,288.8137,169.9125
352.1311,162.7857,422.0234,245.6573,335.3478,318.7578,265.4555,235.8862
332.4438,192.3867,413.5083,261.1126,341.0499,346.5797,259.9855,277.8538
391.7344,271.0746,349.9005,359.3906,257.7916,315.7601,299.6254,227.4441
383.4209,260.7500,383.6228,349.9297,283.7415,350.1559,283.5396,260.9761
380.2294,247.6810,389.5914,338.9826,292.1415,348.9750,282.7795,257.6734
396.3057,260.8407,356.5398,355.0531,258.9155,313.8472,298.6813,219.6348
365.3738,235.7378,364.3562,324.2040,271.1843,323.1323,272.2019,234.6661
365.1387,233.8376,372.7943,323.8672,275.1857,332.1671,267.5302,242.1376
361.4301,225.4999,375.7865,313.7789,277.3672,329.7843,263.0109,241.5053
353.7326,214.8649,371.1501,305.5400,273.5450,324.2887,256.1275,233.6136
356.3986,217.5019,357.8361,306.9036,259.8488,308.4792,258.4113,219.0775
335.6499,205.0831,364.0727,298.4597,266.9048,328.0365,238.4819,234.6600
324.3927,204.1022,366.5612,296.2919,272.6339,339.2551,230.4654,247.0654
330.0914,216.4293,350.6108,309.6686,248.2092,332.2044,227.6898,238.9650
319.9224,203.3549,354.5938,297.8811,253.2025,335.0706,218.5311,240.5444
365.1717,227.0974,354.2597,317.5818,231.9229,302.8286,242.8348,212.3442
390.5949,224.0211,383.6582,315.8052,274.9111,307.5866,281.8477,215.8025
361.9257,209.8032,395.8381,304.4760,295.8693,340.2854,261.9570,245.6126
353.4428,217.4942,382.0877,312.7905,271.4236,346.0548,242.7786,250.7586
326.3762,218.0050,371.2111,310.9993,277.6226,356.1207,232.7877,263.1264
329.6166,202.6623,383.2995,293.1757,290.7819,348.0473,237.0990,257.5339
366.5395,214.2954,366.4294,308.4145,268.4295,308.2999,268.5396,214.1807
362.8827,212.5661,364.4158,301.0249,269.3504,302.6725,267.8174,214.2137
355.4260,202.3955,378.4144,290.9005,280.1729,316.4178,257.1845,227.9129
377.0654,219.7242,380.3686,308.9803,283.4346,312.5677,280.1313,223.3116
364.8431,211.5293,386.3033,296.1725,286.3196,321.5221,264.8594,236.8788
369.0046,221.4262,368.3689,310.8372,271.3710,310.1475,272.0067,220.7365
364.1471,212.6777,370.0904,299.1764,273.3181,305.8256,267.3748,219.3269
372.6869,218.7108,371.0384,309.9915,275.0141,308.2574,276.6625,216.9767
355.6340,206.1307,394.5822,294.3339,294.8154,338.3883,255.8672,250.1850
342.5727,218.4830,387.5056,312.4970,290.8354,358.6995,245.9025,264.6854
359.6961,245.3876,361.9733,333.8303,265.0050,336.3270,262.7278,247.8843
366.6470,234.5241,380.7675,322.4631,276.6872,339.1755,262.5667,251.2364
369.3662,207.5670,395.0776,304.0540,293.4473,331.1360,267.7359,234.6491
368.8046,204.0602,392.6688,296.0933,292.5793,322.0465,268.7152,230.0134
352.0249,195.6652,403.8375,284.7570,302.2144,343.8574,250.4018,254.7655
362.5422,233.1689,369.1499,322.4128,269.5410,329.7879,262.9333,240.5440
358.9393,227.3451,366.1417,314.5791,268.5131,322.6398,261.3107,235.4058
350.2017,191.1994,383.5959,281.3501,282.3226,318.8644,248.9284,228.7137
354.8888,190.1970,379.3461,283.6484,281.6450,309.2180,257.1877,215.7665
376.0902,210.8019,370.2500,300.0993,272.4981,293.7062,278.3383,204.4088
368.4040,216.2944,379.2157,302.8251,278.3513,315.4278,267.5395,228.8971
350.4181,210.3725,393.9112,301.8876,292.2284,350.2129,248.7353,258.6978
355.7411,231.4870,364.3128,323.3246,265.8197,332.5175,257.2480,240.6799
340.0320,210.0003,383.0089,301.4306,286.2895,346.8936,243.3126,255.4633
360.5529,224.1322,367.8158,310.6404,270.1984,318.8360,262.9355,232.3278
343.0012,205.5309,382.4787,299.3053,279.9779,342.4565,240.5004,248.6821
336.7569,215.5201,373.4656,311.1027,266.3083,352.2567,229.5996,256.6740
342.1247,246.7099,348.4547,333.2551,248.8392,340.5411,242.5092,253.9959
340.6983,238.3664,356.1329,334.6668,253.9369,351.0464,238.5022,254.7460
346.8975,233.9715,350.4442,326.1400,248.7171,330.0546,245.1703,237.8860
342.9065,233.7188,347.6064,320.3678,249.9788,325.6632,245.2789,239.0141
344.9229,236.4408,347.5486,326.7571,243.8692,329.7712,241.2436,239.4550
344.8742,249.8892,347.9203,336.5382,250.0968,339.9773,247.0506,253.3282
347.6252,259.2429,347.3764,347.5993,249.4928,347.3237,249.7417,258.9672
342.4923,255.5980,351.5323,346.4639,253.5462,356.2123,244.5061,265.3465
348.1566,261.0433,346.3020,351.3018,249.4738,349.3123,251.3284,259.0537
337.3448,246.4235,350.8650,334.1570,251.5598,349.4605,238.0396,261.7270
329.8911,238.5601,344.7433,329.0839,243.1920,345.7454,228.3398,255.2216
332.6578,239.0717,344.0298,328.3660,240.1849,341.5910,228.8130,252.2967
340.3098,228.6267,342.1012,317.1560,237.4390,319.2738,235.6476,230.7446
340.3022,222.7491,335.9776,312.0577,236.2129,307.2268,240.5375,217.9182
332.5244,216.8965,336.4879,306.2218,238.9112,310.5515,234.9476,221.2262
336.8614,220.7822,341.1017,309.2280,243.2533,313.9191,239.0130,225.4733
329.5835,202.0466,360.2979,296.2433,257.9226,329.6244,227.2083,235.4277
336.7009,197.6406,359.4840,292.5011,256.1897,317.3098,233.4065,222.4493
343.4644,200.3752,355.1079,292.4908,255.4607,305.0864,243.8171,212.9707
350.4619,213.1748,350.7508,302.5876,247.0281,302.9226,246.7393,213.5099
354.9526,232.5775,348.9526,319.5909,249.3076,312.7199,255.3076,225.7065
351.7650,242.2306,352.6204,329.8514,254.6642,330.8077,253.8088,243.1869
350.6429,236.4308,349.4919,327.6615,253.4980,326.4504,254.6490,235.2197
335.6122,208.0914,371.8643,303.6338,267.9400,343.0664,231.6879,247.5239
353.1022,213.6072,369.2009,310.0543,268.1743,326.9174,252.0755,230.4703
360.3232,219.7853,366.9066,310.8433,266.3271,318.1151,259.7438,227.0571
334.4007,207.4343,388.5588,292.7477,293.6134,353.0205,239.4552,267.7071
349.4592,217.1232,379.1731,308.9700,265.9986,345.5836,236.2848,253.7369
335.7295,217.8916,368.5358,311.3478,264.1688,347.9842,231.3625,254.5280
342.1107,211.9408,366.0824,306.2648,261.7200,332.7877,237.7483,238.4636
332.5985,202.9720,367.7845,295.9803,267.1819,334.0392,231.9960,241.0309
327.3722,205.1149,370.2430,298.3798,262.2878,348.0031,219.4170,254.7383
316.5318,228.7902,351.7733,322.8756,250.8419,360.6814,215.6004,266.5960
328.5846,248.4909,336.5713,337.6034,237.2033,346.5093,229.2165,257.3968
333.7527,234.0565,364.1966,326.7408,264.3157,359.5486,233.8718,266.8643
368.9025,241.0799,374.2569,329.3898,271.8551,335.5986,266.5007,247.2887
373.6786,226.1593,379.1092,316.3503,279.4082,322.3535,273.9776,232.1624
359.0535,207.0201,394.8496,299.4658,285.6015,341.7680,249.8054,249.3224
337.4555,231.0437,356.3708,325.1607,249.8593,346.5669,230.9441,252.4498
365.8706,250.0567,372.9984,334.7476,255.6942,344.6202,248.5664,259.9293
379.7792,247.5147,383.4608,335.9101,280.2563,340.2084,276.5747,251.8130
382.9975,237.9652,373.6388,331.6179,270.6121,321.3225,279.9708,227.6698
349.0481,212.8558,368.8135,303.3576,264.1192,326.2225,244.3539,235.7207
330.1994,214.1885,350.2110,306.9285,244.0302,329.8404,224.0186,237.1004
329.9932,227.0639,334.4459,316.3662,235.6474,321.2924,231.1947,231.9901
332.1073,225.2569,339.9732,315.3061,239.5137,324.0813,231.6479,234.0321
336.4794,224.4013,338.6745,312.8461,238.9388,315.3214,236.7438,226.8765
326.0385,218.7600,338.9074,310.0574,237.4892,324.3530,224.6203,233.0556
330.6862,226.6165,329.7941,316.8897,231.9149,315.9224,232.8071,225.6492
344.6857,236.1263,332.3762,329.4371,234.5305,316.5294,246.8400,223.2186
336.0007,238.0216,340.2382,330.1610,240.4620,334.7497,236.2245,242.6103
362.4048,261.6833,343.7812,354.4008,224.2735,330.3961,242.8970,237.6787
409.9732,251.1098,409.4117,342.2480,301.6138,341.5840,302.1752,250.4457
425.0688,249.9503,411.8320,341.3278,302.9869,325.5608,316.2236,234.1832
384.6255,224.3748,416.8692,296.1217,314.9371,341.9309,282.6934,270.1840
350.4128,232.2730,383.7853,301.1184,292.1847,345.5215,258.8121,276.6761
329.2961,260.8533,338.5390,347.3711,219.6555,360.0717,210.4126,273.5538
320.9864,265.4349,330.5700,355.2024,225.7522,366.3928,216.1685,276.6253
348.0469,262.6754,353.4857,350.1314,247.0868,356.7481,241.6481,269.2921
350.6445,254.6763,358.4526,345.6375,257.9801,354.2620,250.1720,263.3009
324.2446,241.1948,361.1413,325.6790,263.1988,368.4533,226.3021,283.9691
321.2042,250.8533,337.1111,338.1364,233.6877,356.9849,217.7808,269.7017
308.5110,256.9731,318.9897,347.9394,217.5097,359.6292,207.0310,268.6630
326.3898,268.2350,325.6033,355.7624,219.3342,354.8074,220.1207,267.2801
335.1575,261.6021,344.4793,352.2576,243.2109,362.6707,233.8891,272.0152
338.5441,256.1885,346.3006,346.2472,245.8306,354.9004,238.0741,264.8417
338.7212,249.3076,343.5386,338.6475,244.7609,343.9738,239.9435,254.6339
332.6794,246.7910,338.2895,331.5742,236.7092,338.2957,231.0991,253.5125
324.6869,232.2473,346.5485,324.6552,240.9338,349.6414,219.0721,257.2334
336.1131,225.6391,354.9544,317.8096,250.7054,339.1200,231.8641,246.9495
342.8880,227.3164,346.1562,315.8034,248.2622,319.4191,244.9940,230.9321
338.2286,222.7626,342.4868,310.1898,244.6420,314.9554,240.3838,227.5282
340.6196,216.1047,343.9077,303.6680,244.0965,307.4161,240.8083,219.8528
343.6622,209.7155,349.0330,298.0244,248.3770,304.1461,243.0062,215.8372
352.4122,228.2780,343.2726,313.5699,245.8694,303.1324,255.0090,217.8405
346.4505,271.3139,337.7615,343.7169,236.8370,331.6051,245.5259,259.2021
328.5068,287.3459,331.4660,362.5830,229.7423,366.5840,226.7831,291.3468
325.8168,289.8240,327.9191,368.8561,229.0329,371.4867,226.9305,292.4545
336.9261,275.5503,336.7069,350.5754,234.9049,350.2780,235.1242,275.2528
345.5345,255.1945,344.6262,330.8233,242.8312,329.6007,243.7395,253.9720
352.2588,235.0612,354.0240,313.1602,254.1679,315.4170,252.4027,237.3180
355.7556,232.0306,353.7963,299.3350,254.9169,296.4565,256.8763,229.1522
352.5612,205.6313,349.0808,283.6726,251.2173,279.3083,254.6977,201.2670
343.6707,202.5679,341.9700,270.8019,244.0396,268.3611,245.7403,200.1270
345.1551,173.4735,347.8968,253.4278,249.0337,256.8179,246.2920,176.8636
344.5805,153.2928,354.4160,243.0605,255.2431,253.9264,245.4077,164.1587
364.3200,170.7842,354.5230,258.7122,253.4994,247.4560,263.2964,159.5280
376.8868,208.7906,357.5302,281.8528,252.6242,254.0598,271.9808,180.9975
374.6923,227.5779,365.1191,302.3025,259.3789,288.7559,268.9521,214.0313
372.6134,246.1095,369.7984,314.7588,273.8391,310.8240,276.6540,242.1747
373.4514,244.9657,371.3876,317.4081,273.4666,314.6185,275.5303,242.1761
370.8189,228.2915,367.4408,297.8578,269.5953,293.1064,272.9734,223.5401
366.8593,195.3051,373.0596,284.2693,271.6569,291.3365,265.4566,202.3723
394.4651,223.4839,379.1307,297.1631,272.8605,275.0457,288.1949,201.3666
411.9665,210.2264,408.0795,290.7226,301.3054,285.5667,305.1924,205.0705
394.6489,194.3002,430.7621,284.1100,333.5009,323.2195,297.3877,233.4097
374.6913,191.8844,427.6491,268.0743,339.3226,329.4679,286.3649,253.2779
374.2906,202.8101,407.4499,293.0148,306.0386,330.2937,272.8793,240.0890
390.1447,228.8625,384.9854,316.2412,289.1124,310.5804,294.2717,223.2017
399.3442,260.6078,387.5515,337.8315,286.1372,322.3446,297.9299,245.1209
406.0183,278.2669,401.3649,354.2784,303.5871,348.2925,308.2405,272.2810
405.4726,275.8544,410.0427,361.5128,314.1391,366.6296,309.5690,280.9712
401.1749,273.4766,405.6548,352.8797,305.9318,358.5060,301.4519,279.1029
388.9693,257.9587,389.9795,334.7841,293.9478,336.0468,292.9376,259.2215
387.5004,241.8388,387.3957,311.4869,284.4958,311.3322,284.6005,241.6841
382.8864,212.8483,383.3239,290.3260,285.3646,290.8791,284.9271,213.4014
378.9821,195.7189,387.7736,285.0838,285.8825,295.1075,277.0911,205.7426
381.6689,208.2520,382.9345,290.2997,285.0622,291.8094,283.7966,209.7616
393.5515,222.8258,390.9758,303.7274,290.1849,300.5184,292.7606,219.6169
399.0350,217.6142,415.1254,303.9174,311.3595,323.2636,295.2691,236.9604
402.8021,223.9316,417.0292,312.3925,311.1768,329.4166,296.9497,240.9558
397.3394,221.3030,422.2589,309.6859,311.9805,340.7787,287.0611,252.3959
384.8685,221.8434,424.4070,307.0506,316.8033,356.9817,277.2648,271.7744
382.7195,241.5596,396.5680,329.2742,294.5267,345.3846,280.6782,257.6700
386.8042,240.7092,392.7187,321.6320,290.6082,329.0951,284.6937,248.1723
386.9195,234.2059,391.7148,310.3650,291.0721,316.7019,286.2768,240.5428
387.4081,208.0470,396.7870,291.6019,291.3767,303.4340,281.9978,219.8791
386.7509,201.2565,393.5134,285.8445,295.8641,293.6512,289.1017,209.0632
389.3764,188.9195,405.0859,276.2550,297.0909,295.6806,281.3814,208.3451
383.0983,188.0092,403.3609,274.1997,303.9265,297.5758,283.6639,211.3852
407.3940,204.1545,404.8348,288.4574,300.6552,285.2948,303.2144,200.9919
427.4427,229.8846,416.5767,312.0894,315.8044,298.7691,326.6704,216.5643
429.5267,236.4373,435.0483,317.4177,330.8180,324.5246,325.2964,243.5443
383.9917,229.6623,434.7323,300.9798,347.1643,363.2822,296.4237,291.9647
386.6285,253.6494,388.5476,336.2080,281.9946,338.6848,280.0755,256.1262
351.7025,233.4017,376.2644,315.7259,271.4639,346.9937,246.9020,264.6695
333.8905,234.6712,351.9282,320.9298,251.1271,342.0085,233.0894,255.7500
335.4054,217.6340,329.5437,308.6836,226.0348,302.0197,231.8965,210.9702
321.5457,197.7083,330.0498,271.8797,226.2575,283.7800,217.7534,209.6086
308.2513,157.2159,359.2501,229.3167,277.0199,287.4802,226.0212,215.3794
367.0448,192.0659,349.0693,271.9010,245.9472,248.6823,263.9227,168.8472
373.1844,198.2512,365.0543,284.3040,266.1087,274.9557,274.2389,188.9030
369.7886,206.6061,368.6982,288.4826,277.4107,287.2668,278.5011,205.3904
378.8533,201.1879,393.9142,284.8637,286.1601,304.2584,271.0992,220.5826
378.6151,196.4442,403.2096,282.7223,296.3097,313.1953,271.7151,226.9172
378.7340,208.7183,390.7055,293.1864,293.1530,307.0123,281.1816,222.5442
379.1883,211.9026,384.5217,298.1739,291.5212,303.9233,286.1878,217.6520
371.6549,205.6495,394.4286,290.8200,299.6345,316.1669,276.8608,230.9963
