1
334.9729,300.6965,306.0571,301.1218,304.9041,222.7303,333.8199,222.3050
350.8948,300.6347,323.0502,302.1443,319.0145,227.7056,346.8591,226.1960
333.7398,232.6397,360.9765,233.5390,358.5206,307.9138,331.2839,307.0144
341.7685,232.4425,367.0298,232.7843,365.9795,310.3942,340.7182,310.0523
365.3239,307.9132,338.7973,308.2028,337.9272,228.4943,364.4538,228.2047
360.8214,310.8217,335.0438,311.0129,334.4185,226.7352,360.1960,226.5440
358.8622,316.3115,334.2557,317.0692,331.6315,231.8495,356.2380,231.0918
324.3586,236.9615,350.8189,237.0492,350.5527,317.3774,324.0924,317.2898
352.1890,314.2522,326.7289,315.5976,322.3928,233.5456,347.8529,232.2001
359.5544,307.4966,331.1856,310.0438,323.9843,229.8426,352.3531,227.2954
370.6700,307.2039,341.7663,310.2048,333.2311,227.9975,362.1348,224.9965
392.5812,304.7457,358.2825,310.9044,345.0781,237.3675,379.3769,231.2088
403.0338,311.2566,369.4485,313.5298,364.3452,238.1335,397.9305,235.8602
425.7590,312.3877,399.3580,314.9955,390.9295,229.6658,417.3305,227.0580
452.3314,301.5020,419.4714,307.2825,405.6803,228.8859,438.5403,223.1053
488.0818,302.0450,452.0384,307.0005,440.7188,224.6673,476.7622,219.7118
505.7638,301.3997,470.1509,306.5068,458.6967,226.6341,494.3096,221.5270
478.6100,218.8809,508.7897,219.1620,507.9805,306.0253,477.8008,305.7442
509.8080,301.1148,480.3579,301.1189,480.3460,213.3618,509.7961,213.3578
514.1730,297.1638,484.5752,298.5949,480.3154,210.4978,509.9132,209.0667
517.7617,297.3866,486.2892,301.1206,475.9765,214.1994,507.4490,210.4653
508.0784,305.2112,477.3264,305.9240,475.2872,217.9477,506.0392,217.2348
506.6039,307.4442,474.0445,307.5981,473.5924,211.9512,506.1518,211.7973
497.5269,298.5569,468.7356,300.5692,462.0740,205.2563,490.8653,203.2440
488.8759,299.3429,456.6568,301.8492,448.8793,201.8654,481.0984,199.3591
486.8158,295.5960,455.1225,301.5742,437.3660,207.4395,469.0593,201.4612
476.9453,303.8457,442.8089,306.6443,434.7396,208.2144,468.8760,205.4159
468.0547,301.1627,432.9189,304.3497,423.3878,199.2730,458.5236,196.0860
457.3967,294.8340,425.3422,298.7697,412.4754,193.9733,444.5299,190.0376
442.0998,294.5590,408.8612,299.5065,393.1039,193.6452,426.3425,188.6977
438.6293,295.8615,405.6965,300.8029,389.6415,193.8016,422.5742,188.8602
434.1011,300.3241,398.4085,302.9018,391.1600,202.5307,426.8526,199.9531
433.2778,298.4387,396.8413,300.8502,389.9512,196.7443,426.3877,194.3328
436.2211,296.2159,401.8097,301.0603,386.0854,189.3658,420.4969,184.5214
431.3875,293.2901,397.0528,296.0419,388.2726,186.4909,422.6072,183.7390
446.0191,289.6913,410.4476,296.7637,391.2600,200.2579,426.8315,193.1854
446.5205,297.4240,407.8311,301.5841,397.7747,208.0602,436.4641,203.9000
449.3328,305.8958,412.5789,309.6968,402.4108,211.3761,439.1648,207.5751
451.3220,308.4262,413.8257,313.4999,399.7728,209.6448,437.2690,204.5711
444.1169,305.6876,407.3017,312.5843,389.2901,216.4363,426.1053,209.5396
417.2556,321.5892,380.1017,326.3337,366.9322,223.2049,404.0861,218.4604
374.7302,322.5608,337.6553,327.8875,324.1606,233.9619,361.2355,228.6352
361.1874,320.7205,324.4982,329.1617,303.7241,238.8678,340.4132,230.4266
353.4880,319.9187,314.2892,329.9869,290.9060,238.9486,330.1049,228.8804
360.0588,320.5953,315.6321,328.5815,300.3321,243.4679,344.7588,235.4818
369.8745,333.1162,322.3596,334.8661,319.3340,252.7130,366.8490,250.9631
316.7760,259.5795,368.5146,263.0517,363.5322,337.2928,311.7936,333.8206
362.8575,318.7940,324.6546,331.7398,300.6124,260.7915,338.8153,247.8457
360.1710,316.0989,324.5425,330.4653,294.1237,255.0273,329.7522,240.6609
357.5318,326.5835,320.6006,337.7721,294.9956,253.2546,331.9268,242.0661
365.8474,325.1415,332.7637,335.9006,306.4356,254.9429,339.5192,244.1838
408.7863,320.7574,369.2830,334.8933,342.7499,260.7460,382.2532,246.6100
438.1957,324.4680,404.2254,334.5909,380.4643,254.8534,414.4345,244.7305
417.0857,249.4791,459.3114,253.6842,451.4769,332.3552,409.2512,328.1501
480.3335,328.7455,446.4346,337.0747,426.2892,255.0848,460.1880,246.7557
516.8141,335.3951,480.0874,339.0239,472.3348,260.5606,509.0616,256.9318
510.6354,263.8020,546.0400,264.2209,545.0931,344.2540,509.6884,343.8351
544.1289,258.6056,581.0050,259.5141,578.9662,342.2624,542.0901,341.3538
537.4471,257.1563,574.5456,259.1499,569.9332,344.9831,532.8348,342.9896
513.2778,263.8641,549.4993,266.5095,544.3293,337.2984,508.1078,334.6530
500.6393,267.8271,536.5424,273.0536,526.6596,340.9419,490.7565,335.7153
502.5637,261.5803,541.0513,271.5982,520.3398,351.1694,481.8521,341.1515
504.4072,258.4997,541.6938,271.4605,514.7030,349.1092,477.4164,336.1483
493.0294,258.9064,532.1132,267.4386,515.7034,342.6085,476.6195,334.0763
491.0538,261.1483,534.1576,270.9201,517.1146,346.0973,474.0108,336.3255
503.0199,261.7705,540.6458,277.2018,507.8263,357.2251,470.2004,341.7938
507.8902,254.5581,545.6906,270.6971,510.5887,352.9115,472.7884,336.7725
515.1735,245.9149,555.3091,258.1317,530.0113,341.2422,489.8757,329.0254
513.2588,245.3553,555.8604,255.3593,536.4559,337.9924,493.8542,327.9884
501.6684,252.6385,540.5071,258.7314,529.1862,330.8952,490.3475,324.8023
494.1490,253.0066,531.3659,262.4785,510.4543,344.6440,473.2375,335.1722
487.9457,247.1962,522.0721,261.0533,488.8015,342.9905,454.6750,329.1335
479.7909,243.1965,517.7383,257.8334,486.3603,339.1835,448.4128,324.5466
467.8021,241.9167,510.2163,255.3618,483.7498,338.8538,441.3355,325.4087
461.9198,247.2981,502.0315,268.7074,467.2094,333.9488,427.0977,312.5395
444.0920,248.8370,474.0428,282.2498,419.1076,331.4929,389.1569,298.0801
424.7006,245.2879,450.3955,274.0606,395.6227,322.9742,369.9279,294.2015
396.9197,236.1952,423.0558,266.8928,356.0434,323.9477,329.9072,293.2501
366.5960,237.8061,394.0133,262.7385,329.6198,333.5499,302.2024,308.6174
339.2168,245.8399,360.0691,288.6559,278.4229,328.4193,257.5706,285.6032
343.3277,289.2872,319.0258,323.2397,259.6725,280.7569,283.9744,246.8044
328.4218,316.1797,287.7159,331.9815,260.4081,261.6360,301.1140,245.8341
300.3168,236.2205,337.6181,269.6349,276.0423,338.3735,238.7410,304.9591
321.1398,242.2075,344.1622,283.6446,268.6068,325.6231,245.5845,284.1860
306.3795,241.2804,338.1144,278.2105,274.8285,332.5935,243.0937,295.6634
284.7708,237.1238,322.4941,253.8015,284.9691,338.6790,247.2458,322.0013
302.1655,227.5861,341.9713,251.6339,290.2434,337.2582,250.4375,313.2104
343.9534,223.5018,385.0006,243.0440,340.6618,336.1748,299.6146,316.6326
374.5953,221.0815,420.7870,240.1973,380.1129,338.4834,333.9211,319.3677
411.1387,228.3911,452.1259,250.5316,405.4511,336.9369,364.4640,314.7963
399.6329,229.6067,454.6662,238.0852,438.6071,342.3244,383.5738,333.8460
409.5417,214.7612,457.3807,232.4590,422.0672,327.9148,374.2282,310.2169
409.7657,212.6076,461.7256,230.0836,429.0081,327.3600,377.0482,309.8841
427.6894,214.6783,481.1829,226.6852,454.8103,344.1815,401.3168,332.1746
440.0810,220.6500,495.1348,231.5958,476.1734,326.9652,421.1196,316.0193
437.5012,212.8586,492.9972,213.1443,492.3262,343.4826,436.8301,343.1969
454.9377,196.5411,503.8396,209.2299,471.4635,334.0054,422.5616,321.3166
446.0523,206.9965,505.2004,225.1254,475.9673,320.5030,416.8191,302.3741
431.0410,210.1560,486.1944,223.8407,459.2003,332.6345,404.0470,318.9498
456.2130,334.0206,393.5583,342.0817,378.9781,228.7563,441.6326,220.6953
444.2300,324.4862,407.0116,341.0663,357.1630,229.1674,394.3814,212.5873
412.7653,332.5506,351.6783,343.0237,330.0699,216.9865,391.1568,206.5134
347.8415,193.8322,401.5852,201.7610,382.6550,330.0745,328.9113,322.1457
355.9446,201.9983,410.1117,214.3873,383.3090,331.5738,329.1419,319.1848
354.8676,210.1410,405.6888,219.3962,384.3140,336.7681,333.4927,327.5129
347.6504,214.7924,401.8552,220.4355,391.6578,318.3851,337.4530,312.7419
403.6067,319.4487,343.7324,332.9993,318.2713,220.4971,378.1456,206.9466
327.3459,207.5555,375.6085,213.6357,360.5377,333.2639,312.2751,327.1837
323.6378,207.0489,368.5309,212.9508,352.3633,335.9315,307.4701,330.0297
323.9080,210.4499,368.1276,218.7065,345.5893,339.4137,301.3697,331.1571
