1
34.7979,57.8592,68.8290,85.8528
39.4412,63.9715,68.2180,84.9801
45.0720,70.3526,68.0516,83.8936
53.5084,75.3252,70.7343,81.7495
61.8431,78.7400,71.4989,80.6505
70.2255,81.5474,72.3045,79.2453
78.5214,83.6161,72.7388,78.4582
86.4303,84.8503,72.6900,79.6503
96.2488,89.8182,73.4859,79.2668
107.7620,94.4436,72.3179,80.0146
118.2604,95.5830,69.8575,81.7702
125.4074,93.9603,68.1481,84.3017
132.4039,91.5864,65.8848,85.8503
137.9687,88.2316,64.1733,87.0510
142.6725,85.2946,63.3072,88.4178
147.6304,82.2523,63.5533,88.3291
152.3179,78.7635,63.9536,88.4632
159.2747,75.8025,66.0474,88.0666
174.6798,72.0642,66.6667,86.3336
190.8604,70.4630,66.5889,84.5704
207.7834,71.0011,65.8127,82.6890
224.3491,70.9524,64.9174,81.1419
240.6168,71.8781,63.9207,79.5712
256.5389,72.3382,63.2488,78.6842
266.9902,73.3351,66.4105,77.3336
277.8334,72.5831,67.3862,77.6021
287.3068,72.7950,66.6225,78.1266
294.2032,70.2795,64.3620,77.9550
296.3594,68.0544,62.7355,77.1005
291.0469,68.8804,61.5037,75.7043
282.2581,69.6792,60.2666,74.1179
269.2653,68.8879,59.8175,73.5600
255.8300,67.5578,59.9635,74.1341
241.2967,67.1035,60.4025,74.4674
226.7835,67.3785,60.9257,74.8464
211.8596,68.3527,62.0911,76.0316
195.3160,68.9929,63.0983,77.6511
180.0988,69.6343,64.9121,79.5289
172.3177,74.4414,64.1417,78.6719
160.4199,83.6047,64.4124,78.8379
152.9807,88.5908,64.5356,79.5660
145.8977,88.2599,64.6921,79.2025
138.2314,88.6018,65.0008,78.7122
132.5618,88.7996,64.7348,79.2361
128.0750,90.6928,64.4020,79.9649
124.4652,90.9562,64.3199,80.2850
120.5375,89.8651,64.4383,80.3013
117.4034,88.3833,64.9698,80.2038
114.1023,88.5049,66.5816,80.1459
112.1350,86.5602,67.7614,81.1231
112.4610,85.5389,68.8765,81.8079
117.8236,82.4753,68.9118,84.0922
127.0359,80.6438,70.6168,84.9449
146.9137,81.1939,70.9918,83.9979
167.3244,81.6650,69.8300,83.9882
185.1280,79.9739,69.4210,82.6201
204.1150,78.6176,70.0106,79.9517
222.7471,76.5623,68.0268,78.8720
240.8564,76.5704,66.4614,77.5701
257.4182,77.5858,65.7864,76.4623
272.2203,77.7691,64.4967,75.4126
287.8424,74.8501,62.8916,76.4265
296.2546,71.8844,62.7925,77.6388
304.1078,68.6975,63.2266,78.0557
309.9784,65.6620,63.0061,78.2998
312.8168,63.4233,63.1832,78.1266
309.9798,63.4852,63.9960,78.4625
302.4839,65.6206,64.7378,79.0272
287.1630,69.4249,66.6536,79.8144
269.8294,73.9580,67.9684,81.2916
251.0318,78.3269,69.4967,81.1004
231.3460,80.9765,70.3809,80.3323
207.3073,79.7999,71.2777,80.2362
182.8540,81.5354,72.5898,81.1547
165.2272,80.4351,72.8014,83.8145
140.3304,78.0708,73.7206,89.0362
114.7077,75.4165,75.6855,93.6124
90.1914,70.2059,77.6338,95.2203
75.8533,64.9563,79.2741,96.6767
63.2658,61.9396,80.1612,98.4203
38.7901,60.2024,81.3274,97.6599
35.1594,62.7853,85.7653,96.5342
8.4303,65.7312,87.9345,93.9382
-1.5312,66.0373,86.2191,93.3304
0.3744,64.6779,85.0583,92.4706
1.3014,63.9402,84.5066,91.8409
1.8584,64.2589,84.0684,91.7547
1.7035,63.4137,82.7805,92.5601
3.7217,56.6388,81.4645,94.8107
3.8013,63.3354,81.0872,95.5017
4.8226,59.5685,80.4533,96.5293
7.1639,57.4145,80.1326,97.5028
8.7399,63.3688,81.4050,94.3040
15.1804,63.7806,81.0760,92.3301
23.1265,67.6951,81.6643,89.5882
32.5997,70.4267,82.0901,87.0219
40.4791,75.9045,82.6886,85.6273
48.5617,78.6421,83.0881,84.5925
64.4129,82.8507,80.7048,87.4772
73.2374,83.6122,80.2573,89.4718
90.2182,87.9528,80.4149,91.1649
108.9056,89.5306,80.6358,93.5927
127.6012,88.7605,80.4590,96.8541
149.5048,89.5013,79.8926,97.5579
170.3777,90.1395,79.4427,96.2689
194.5626,92.2826,80.8859,94.8158
209.8401,94.5012,82.7738,94.3110
238.9927,101.7996,82.6390,92.5160
262.4189,106.5636,84.3914,91.0003
284.3554,107.2489,83.1526,92.3617
305.7088,106.7132,82.6514,94.5603
316.3806,105.1191,83.3400,95.9041
336.0923,101.1181,81.9586,94.6857
343.9885,95.8705,79.0899,93.5475
349.0052,91.3765,77.0256,92.5036
351.6271,87.8253,76.8295,92.5009
347.7203,81.2196,76.9298,93.0347
339.0325,77.2053,78.8622,94.2681
324.4736,70.7045,81.0149,96.7453
308.5190,66.1481,84.0267,99.5425
293.3329,64.6237,86.1435,101.1532
277.2765,65.1248,87.3785,101.4392
271.8475,65.8087,88.3449,103.3683
267.8082,68.3007,89.2366,107.2311
262.4248,68.9054,90.6592,110.6438
259.8532,64.6024,90.4835,116.1302
258.6588,61.6731,89.7305,122.3856
252.9329,78.4144,91.6740,120.8384
240.2149,80.3856,94.4830,118.0346
211.1876,71.4126,95.0286,113.5842
195.0201,73.0128,93.8047,110.5355
188.6863,70.6315,93.3230,107.9302
169.8539,70.3288,92.4370,104.2282
162.2874,70.2122,91.5756,100.4570
161.5052,70.9270,89.1173,99.0305
173.2205,73.6218,88.8583,96.4101
191.7658,73.1193,90.0460,95.0291
209.3144,80.3795,86.9922,99.9844
227.0128,81.9963,84.6987,101.0567
235.3865,80.0108,83.6339,102.3834
242.9236,86.4659,82.4276,98.2448
248.9761,93.4910,79.7031,95.3190
251.3099,97.6429,76.6822,92.1848
248.6451,98.7230,73.6642,90.5576
245.6283,101.3708,71.5527,88.5151
241.1454,103.0554,69.5172,87.1914
235.2570,103.5074,67.8010,84.8756
230.6509,102.2503,66.7663,83.4018
224.2686,98.4689,65.5598,83.0410
223.9079,94.8382,64.5690,82.5580
230.0235,82.0269,64.9169,80.6358
239.9796,80.6516,65.9844,78.3664
257.3579,81.6523,67.0944,76.9044
274.7429,83.1595,66.7190,76.8376
290.1997,83.1653,64.9307,76.5603
299.6860,79.1916,63.9214,78.5641
306.8661,76.5490,63.0609,81.1381
312.3205,67.5278,62.4976,80.7541
312.5764,66.2176,62.4336,78.9737
310.9976,66.3581,61.8573,78.6171
306.1830,68.9590,63.1066,77.0323
300.2240,73.4087,63.8996,76.6338
293.1486,80.8699,64.1146,77.5551
285.3900,94.9040,64.7499,81.1689
279.1494,101.4168,66.1217,83.5738
275.1901,103.1956,67.4419,86.7038
270.0322,99.5644,68.4755,88.9437
262.1479,90.7937,70.0983,90.2723
245.2923,81.3766,71.5573,87.7178
231.1569,76.8123,72.1181,85.9623
223.5284,72.0922,72.5270,84.9800
215.3088,68.5581,73.3827,85.5137
211.0346,67.0612,74.7202,85.4227
217.1709,66.0334,76.1226,86.0117
212.6409,66.6018,76.7314,87.2544
194.9482,69.5769,78.6351,86.3440
179.3687,72.5531,80.0061,87.0600
163.7390,82.6266,81.4262,88.1086
159.5013,88.3696,84.0877,85.9868
162.4527,90.5586,83.7008,85.4496
167.0764,91.2053,82.3026,85.0268
167.3932,88.6275,80.4684,84.8462
169.5778,87.5381,78.8226,83.7392
181.0032,88.8315,79.3709,82.6721
189.1758,90.5402,78.5212,81.6535
196.7347,91.0420,76.4159,80.8058
203.2406,88.1692,74.3912,79.8844
206.6897,82.4540,72.7875,78.2905
215.4306,78.7670,71.8098,76.8261
220.8725,75.6874,70.3141,75.5524
219.1671,74.6003,68.6458,74.6629
219.8063,73.4437,68.4628,73.7748
220.6723,73.1033,68.0508,74.8019
221.2354,69.3041,67.4108,76.8738
224.1688,70.6513,65.8348,78.6768
222.8303,75.3425,65.2583,77.8614
222.3449,77.5358,64.7982,76.1989
221.9730,79.2681,64.3681,75.0817
223.6494,78.5196,64.4712,75.4916
226.9307,76.3158,65.6727,76.2963
234.7765,75.1591,69.6029,76.9629
249.4597,74.0343,71.8894,78.5570
268.8129,75.0369,74.1483,80.8650
278.0354,73.4845,75.1841,84.9162
269.0133,68.6860,76.1706,88.2756
258.9502,68.2830,76.6062,89.6070
241.3389,70.4437,77.3388,88.8422
237.4623,74.0111,77.2645,88.9157
243.2456,78.6747,77.2003,90.1244
251.0055,82.7714,77.5959,91.6121
245.3994,85.4166,77.2377,93.5188
229.4453,83.9115,77.3126,95.8771
210.6280,82.1926,78.6225,95.5136
191.7455,79.1356,81.4103,95.3211
173.7556,83.1756,83.3097,92.4491
158.6559,91.4273,82.7261,90.8752
150.8387,100.4407,81.2221,89.5629
149.2898,104.6744,78.2880,90.3060
151.7018,105.3729,76.0260,91.1184
156.4282,99.3021,76.2830,92.0295
167.3558,91.3411,77.1546,92.1537
176.8529,83.9414,76.4785,91.8489
184.2825,74.3763,73.9498,91.4912
193.5267,64.1014,73.1403,92.1746
207.1334,60.7817,73.6043,91.6474
219.2978,55.5935,73.5770,91.9116
228.6948,51.0767,72.8299,92.0229
235.7350,54.9956,72.3608,90.7342
239.4754,61.6963,71.6065,88.5474
237.3508,67.7820,73.0978,86.1808
230.9229,72.7248,74.3754,83.4864
218.7275,76.9761,75.5486,81.6410
212.6411,76.2380,77.9695,81.9585
207.8363,83.8061,79.2417,81.6951
190.4119,96.6813,80.1934,80.0439
186.0511,107.7320,81.1129,81.4065
186.5924,104.1555,81.0523,81.0586
192.0263,103.0656,82.3429,83.1017
197.2050,93.0098,82.4735,84.2462
206.5395,88.1065,81.1541,87.5867
218.0033,77.5818,80.2127,87.4586
224.3508,77.9251,78.9229,87.0593
231.2062,77.1101,77.3680,87.3938
233.6015,81.6426,77.1798,87.1163
239.1765,84.0807,76.3424,87.8289
246.6131,90.5621,75.7379,89.6084
245.8315,93.9003,74.6834,92.1307
244.0867,95.4157,74.0925,94.5851
233.4165,89.4851,75.1409,92.5981
228.1880,92.3273,76.0582,93.3014
214.6703,96.0201,76.0098,92.8129
207.8412,99.4529,75.6019,92.3811
204.0432,102.5451,76.4161,91.8048
203.3808,90.7467,76.2320,93.7015
201.1423,104.5204,77.7670,93.0832
199.3454,107.1828,79.3057,92.4767
204.4657,106.2270,79.3417,92.7124
214.5762,101.3604,78.9913,93.8055
225.6501,97.1883,78.8309,96.0021
234.1379,95.6598,77.6406,98.8730
232.1583,87.4632,77.7651,101.2111
224.8123,86.7063,78.7180,104.3481
212.7378,76.6354,80.1570,105.6148
209.4787,77.2992,81.5715,109.4064
204.3553,79.0834,84.4708,111.0202
199.5417,70.2887,86.5693,115.0365
202.3453,67.3972,87.9931,116.9113
200.8799,63.9648,88.3111,117.5556
208.4035,59.9482,87.2654,119.2741
215.3368,55.9374,85.3016,122.7318
210.9222,55.2591,86.7152,122.5763
206.9644,57.0266,88.4668,121.4927
202.4999,59.1984,91.9911,119.9808
180.6774,50.4286,93.9335,114.5402
172.5728,54.1254,96.5360,107.4281
162.3043,59.2277,97.6894,102.9697
145.4714,63.4304,96.6506,101.1317
130.7388,68.6845,94.9480,99.9935
127.4734,70.7402,92.5409,99.5195
125.8287,69.5855,89.6377,99.4035
128.1401,63.6364,88.5117,99.1300
140.9216,58.9801,88.0694,98.5202
167.7328,51.0115,89.0337,96.2824
186.3359,50.8002,88.6745,94.3398
206.1429,55.4207,87.5845,95.4051
228.5415,60.1298,86.2505,98.6089
251.0927,62.3664,85.5116,104.2380
265.2667,64.0176,84.9791,107.3322
272.9711,69.9907,86.6120,111.5514
270.5551,66.4308,88.1832,115.7413
264.4785,62.5928,90.1504,119.3389
258.2173,59.5716,92.2090,122.8095
253.2476,60.6313,93.8161,124.8122
249.1398,59.9432,95.4203,126.4346
248.8466,60.5790,96.5319,126.6979
247.8073,61.6217,98.2821,126.7800
245.0340,62.1748,101.0018,127.9991
232.2831,64.2163,105.2478,127.7581
217.6245,76.4224,107.9993,126.8697
204.0063,78.8426,110.4827,124.2534
206.7372,79.3785,112.7918,122.2893
208.0475,77.5818,110.9397,123.5196
210.6389,77.7601,105.4722,123.7349
223.0967,78.6030,97.9488,125.0526
230.8016,79.1849,93.8724,125.0736
237.9176,83.9460,92.5021,121.9911
238.7429,85.0888,90.2912,117.5371
236.3395,74.9213,88.2571,118.4862
236.6434,76.5388,86.8424,117.6841
240.1539,78.8312,86.5451,116.7005
241.3566,70.2179,85.9541,118.1706
235.4466,67.5199,86.0990,119.0644
202.3147,55.9678,89.6519,113.5264
181.6470,58.3671,90.7350,109.9208
161.8869,68.4024,91.7277,106.6034
164.3002,68.8760,93.6608,103.5116
173.9467,68.0061,92.3993,101.1667
195.6838,66.1997,90.3040,100.3363
235.7228,56.9025,89.5898,100.7281
267.8828,58.8472,95.6880,102.5742
291.9532,59.9497,92.7669,102.0231
290.8526,53.6488,92.1117,100.5314
265.6291,53.0440,91.2397,99.9913
231.5722,53.7428,94.8983,97.4689
190.5036,66.9618,93.1730,95.2895
177.6063,90.5675,92.1762,96.6222
185.7618,101.6514,94.5622,97.3216
183.1864,110.6280,96.8451,98.0348
190.3095,96.2148,95.1616,101.5835
197.8790,89.3058,91.2499,107.1793
215.3173,77.6754,88.1268,109.3810
233.0131,67.2863,85.0228,105.1897
237.5760,65.7088,81.5400,102.1116
226.7807,66.6867,83.2715,101.5995
215.0779,64.1278,85.7301,101.0506
202.9876,81.3775,86.8858,100.2661
201.2934,90.4931,86.7076,100.5635
210.5203,100.4301,84.7634,101.4791
228.5404,109.6442,83.3229,97.4707
259.2558,109.3986,81.5318,95.3804
290.7654,105.8419,83.5226,95.0885
312.0330,94.9246,87.0950,96.1905
323.0728,78.9410,85.3568,99.2418
307.0909,65.5614,84.8601,97.8779
281.9717,62.5940,82.7871,100.0104
253.4413,60.4195,82.1228,102.6774
228.3648,64.0434,85.4347,99.2193
202.0816,67.9667,89.1488,95.4718
161.3261,78.3429,90.2485,94.5804
135.0101,86.5648,88.7823,92.1223
133.2505,94.6043,86.9945,89.6771
138.3398,104.7742,85.0211,87.3735
190.8620,128.1125,84.7183,86.5702
189.6111,128.4012,84.8021,86.0865
198.2700,123.1033,82.6003,85.9037
196.1875,104.7243,80.7454,92.2134
193.1732,94.0333,79.9113,95.5178
178.1421,79.2078,81.9278,94.5610
160.4462,77.7417,83.8751,93.0541
138.7307,82.4057,84.4518,91.1307
131.5963,87.9314,82.2740,90.0253
129.7003,91.7624,80.8794,89.4118
134.7961,89.2868,79.3529,88.6378
154.4935,77.6971,77.2705,88.9105
