1
454.6926,278.8219,438.3771,290.8780,421.0404,267.4163,437.3560,255.3602
455.7435,273.9969,441.0796,289.5513,420.8649,270.4937,435.5287,254.9394
446.5425,282.6151,429.1185,291.6883,417.1840,268.7697,434.6080,259.6964
435.6997,291.2521,418.1447,295.5150,411.5788,268.4758,429.1338,264.2129
421.7487,299.9349,406.5217,301.5418,402.9563,267.7573,418.1834,266.1504
418.5582,296.9071,403.2318,299.2802,398.5171,268.8312,413.8435,266.4581
416.7499,300.0699,401.9807,301.6535,398.3546,267.8354,413.1237,266.2518
413.7935,297.7540,398.5560,298.7930,396.3842,266.9437,411.6217,265.9047
413.8143,297.9157,398.5535,298.7334,396.9473,268.7567,412.2081,267.9391
408.5067,305.3457,392.7254,305.4009,392.6086,272.0217,408.3899,271.9665
406.9633,308.0791,390.0711,310.4481,386.2983,283.5465,403.1904,281.1775
404.5875,316.9868,389.6423,318.3699,387.1278,291.1969,402.0730,289.8139
410.0007,315.1151,394.4181,318.3904,388.4392,289.9445,404.0218,286.6693
411.5181,313.2455,394.4470,314.5383,392.4363,287.9870,409.5074,286.6942
413.2901,310.4297,394.7734,311.1763,393.8172,287.4588,412.3339,286.7122
398.1634,285.8668,416.6232,286.1381,416.3000,308.1357,397.8401,307.8644
416.9766,309.8275,398.9302,311.1794,397.1043,286.8044,415.1506,285.4526
416.1699,317.7916,394.1470,321.8998,389.4198,296.5592,411.4427,292.4509
408.5240,327.0735,390.0016,328.0704,388.7366,304.5687,407.2591,303.5717
415.0666,313.3919,406.4186,330.5919,385.4107,320.0294,394.0587,302.8294
408.0957,326.8977,389.6947,328.2158,387.9958,304.4964,406.3967,303.1783
402.8628,332.2961,386.2943,335.0582,382.4332,311.8969,399.0017,309.1348
404.9201,338.0575,394.2500,341.4254,386.8700,318.0442,397.5401,314.6763
407.1909,339.1885,393.0688,339.3592,392.7827,315.6797,406.9047,315.5091
403.3970,304.9421,420.8993,307.2503,418.2030,327.6961,400.7007,325.3880
412.2586,296.7905,430.7940,297.2386,430.2670,319.0378,411.7316,318.5897
437.8252,305.1199,420.7755,308.2492,417.4552,290.1587,434.5049,287.0294
2
0
0
0
0
1
328.6438,187.0132,357.1430,202.3789,339.1091,235.8270,310.6099,220.4613
354.8794,225.8057,326.9142,237.1439,311.3802,198.8301,339.3455,187.4919
351.0729,227.1425,326.5406,236.1900,312.9222,199.2637,337.4546,190.2162
356.1619,237.1969,332.0142,248.9147,311.5847,206.8144,335.7324,195.0966
355.3512,249.1627,326.4019,260.2618,311.6147,221.6930,340.5640,210.5939
351.4767,271.7140,319.9168,276.6043,312.9630,231.7281,344.5229,226.8377
356.3193,302.3279,327.8439,310.6901,315.4155,268.3679,343.8910,260.0057
357.8319,319.9302,327.5938,328.2312,316.5002,287.8201,346.7383,279.5191
358.9157,330.0933,329.8613,339.9901,317.2797,303.0539,346.3341,293.1571
360.5966,332.2750,332.6236,347.1867,314.5615,313.3037,342.5345,298.3921
361.4601,323.4763,337.8497,343.8249,312.8425,314.8091,336.4528,294.4605
360.8477,311.5003,335.9338,331.7287,313.3889,303.9618,338.3028,283.7334
360.0555,295.5207,342.5957,321.6686,312.9855,301.8970,330.4452,275.7491
358.7494,287.5157,339.9393,311.9640,311.6383,290.1898,330.4484,265.7415
351.5430,271.0262,338.7459,301.2044,304.3133,286.6032,317.1103,256.4251
322.0111,257.2927,342.5418,270.8955,316.5824,310.0760,296.0518,296.4732
301.7379,254.3672,333.5528,257.8035,328.3984,305.5259,296.5834,302.0896
320.8962,252.5757,339.6473,274.1218,307.3820,302.2017,288.6308,280.6555
353.5722,218.6331,372.0247,252.9915,329.1404,276.0229,310.6879,241.6644
2
0
0
0
0
1
481.8470,241.3807,452.5064,246.0923,446.1636,206.5938,475.5041,201.8821
2
0
0
0
0
1
412.9218,332.0450,394.6671,333.7729,390.8109,293.0334,409.0656,291.3055
428.0379,331.6679,406.8252,333.8616,402.9356,296.2490,424.1483,294.0554
457.6792,310.7232,433.2736,325.4843,414.1961,293.9421,438.6018,279.1810
469.8735,273.3922,455.6864,294.2733,429.6623,276.5920,443.8494,255.7109
465.6919,248.5862,464.4996,273.5797,435.6741,272.2046,436.8664,247.2111
462.1071,268.3436,447.0975,286.6487,421.7244,265.8436,436.7340,247.5385
445.3725,300.3252,424.0657,302.9170,419.7828,267.7064,441.0895,265.1147
404.4839,276.4762,420.9020,277.6915,418.0969,315.5878,401.6788,314.3725
400.5913,275.7663,416.2433,276.2758,415.0721,312.2567,399.4201,311.7472
423.3132,299.4940,408.6095,301.3532,404.5911,269.5735,419.2948,267.7143
425.9150,298.6772,411.3759,299.3321,409.8571,265.6135,424.3962,264.9586
425.5168,250.7473,442.4166,251.2965,441.3754,283.3354,424.4756,282.7862
2
0
0
0
0
1
438.4679,272.3147,425.1140,288.0927,404.6429,270.7667,417.9968,254.9887
442.1288,273.6833,430.5097,278.2506,421.1115,254.3416,432.7307,249.7744
443.3583,276.9685,431.3870,278.7424,427.4294,252.0340,439.4007,250.2601
441.4731,260.9422,446.2180,278.9616,425.9102,284.3091,421.1653,266.2897
450.4551,275.2697,433.9959,283.3282,423.7900,262.4833,440.2492,254.4248
453.7081,279.7282,435.8000,280.1128,435.2417,254.1188,453.1498,253.7342
459.8402,272.3277,441.2743,273.8533,438.8994,244.9507,457.4653,243.4251
2
0
0
0
0
1
440.8323,197.0079,459.7619,202.0223,452.6135,229.0081,433.6839,223.9937
458.2820,210.2044,455.7281,231.9165,430.9588,229.0030,433.5127,207.2909
454.8252,221.2940,453.6442,240.6949,423.3727,238.8520,424.5537,219.4512
2
0
0
0
0
1
475.7326,218.3542,477.1111,245.6972,439.2888,247.6041,437.9103,220.2611
474.2913,246.8518,447.8485,262.7614,430.5994,234.0923,457.0422,218.1826
2
0
0
0
0
1
412.9024,310.0305,450.4008,314.4078,444.8402,362.0426,407.3418,357.6653
471.3565,345.1402,432.3238,353.8836,420.7102,302.0380,459.7429,293.2946
2
0
0
0
0
1
323.0788,265.8332,356.3616,268.3695,352.5624,318.2250,319.2795,315.6887
326.7434,305.6136,357.6774,311.3650,349.2689,356.5900,318.3349,350.8385
322.2690,321.2793,352.8121,322.7919,350.5863,367.7368,320.0431,366.2242
321.9947,321.4536,350.8100,322.6063,349.0111,367.5704,320.1959,366.4176
345.8979,346.5577,312.9391,349.4730,309.0617,305.6380,342.0206,302.7227
345.2098,335.6845,311.5676,340.6038,305.0219,295.8395,338.6642,290.9202
339.0796,319.6997,306.2757,331.9023,291.2285,291.4514,324.0324,279.2488
328.5610,312.0749,298.4597,324.2732,282.1169,283.9447,312.2183,271.7464
335.9715,293.6836,342.0539,326.8647,292.8733,335.8800,286.7909,302.6989
2
0
0
0
0
1
459.0846,185.1784,494.7475,186.9027,492.6020,231.2755,456.9391,229.5512
471.2087,182.4979,504.0715,200.6880,483.9363,237.0650,451.0735,218.8749
502.8707,193.4942,493.6963,227.2645,454.4157,216.5931,463.5901,182.8228
477.4318,174.7394,509.1505,189.1260,490.8211,229.5375,459.1024,215.1508
478.2042,175.1880,508.3637,176.8888,505.9773,219.2062,475.8178,217.5054
507.3176,223.2798,476.3762,225.1849,473.7594,182.6851,504.7008,180.7800
510.5563,227.7951,474.7095,228.2058,474.2730,190.1133,510.1198,189.7025
474.6189,189.7406,505.5006,192.4461,502.3431,228.4872,471.4614,225.7817
