1
388.2607,347.2373,286.9891,347.5341,286.4807,174.0749,387.7523,173.7781
386.2806,347.3309,286.2147,348.6304,284.0258,180.0847,384.0918,178.7851
388.0313,345.1245,286.3055,347.4650,282.5941,186.1605,384.3199,183.8199
386.9614,346.6756,286.8884,347.4858,285.4920,175.0115,385.5650,174.2013
291.2659,140.5890,390.4088,141.4231,388.6776,347.2158,289.5347,346.3817
395.6848,344.2226,284.0939,346.7273,280.3440,179.6598,391.9348,177.1551
394.0869,342.8197,285.9740,346.2726,280.8849,186.9274,388.9978,183.4746
392.7360,345.7159,287.5552,347.0784,285.3972,180.4924,390.5779,179.1298
295.3086,148.7022,385.1825,149.8492,382.7341,341.6862,292.8603,340.5392
298.4093,150.1192,396.7022,154.4181,388.3539,345.2976,290.0610,340.9987
300.1643,154.6134,404.9964,159.7941,395.9374,343.1028,291.1053,337.9221
299.6031,149.9324,406.2996,156.9022,393.9042,346.6570,287.2076,339.6872
297.1771,166.2325,412.2952,176.4098,397.0443,348.9163,281.9263,338.7390
298.2892,168.1554,410.5956,176.0568,398.7491,344.4340,286.4427,336.5325
304.0744,163.4372,413.3588,173.4044,398.0060,341.7389,288.7215,331.7717
301.1901,163.4716,418.3669,173.4245,403.7688,345.2885,286.5921,335.3355
413.2180,332.7904,301.5157,335.7303,296.9733,163.1412,408.6757,160.2013
307.9908,151.5852,421.3535,163.7139,402.2194,342.5550,288.8567,330.4264
307.0316,145.8469,418.9168,157.6611,399.6444,340.1789,287.7592,328.3647
308.8715,146.8160,416.8929,159.1367,396.0923,341.5056,288.0708,329.1849
310.0091,145.7236,412.7064,158.3399,390.2130,341.4370,287.5157,328.8207
304.9948,147.1105,409.9758,158.5409,390.5074,337.3459,285.5264,325.9155
307.4865,142.9455,413.1820,154.7562,392.9008,336.2555,287.2053,324.4448
298.4257,149.2986,410.3278,157.2911,397.8425,332.0958,285.9404,324.1032
300.3801,149.7522,416.5765,161.3925,399.4572,332.2821,283.2607,320.6418
294.6917,153.3000,409.1742,158.8734,400.9665,327.4671,286.4839,321.8937
402.5523,326.7173,284.9318,327.8412,283.5289,181.0220,401.1494,179.8981
403.0648,326.2429,282.9982,327.1508,281.8311,172.7997,401.8976,171.8918
401.6741,317.4474,285.5765,321.6210,280.1422,170.4502,396.2397,166.2767
397.7881,317.1448,286.1237,319.3709,283.0720,166.2882,394.7364,164.0621
401.4563,319.0252,288.6418,324.7335,280.5088,163.9952,393.3232,158.2870
397.4454,315.1733,290.4404,315.2009,290.4005,160.2430,397.4055,160.2155
294.5102,148.8873,393.7256,149.1137,393.3391,318.5278,294.1237,318.3015
288.8281,147.2481,397.3379,148.1020,395.9751,321.2760,287.4653,320.4220
301.4832,135.4753,405.8320,138.8694,399.9878,318.5420,295.6391,315.1479
299.3310,129.8943,397.8524,130.1171,397.4499,308.1337,298.9285,307.9109
399.6736,307.5542,299.5234,309.0289,297.0844,143.3971,397.2346,141.9223
402.8732,307.3727,296.6281,307.9288,295.7929,148.3613,402.0380,147.8052
400.2076,300.2912,299.1355,302.4853,295.8863,152.8132,396.9584,150.6191
400.2310,294.8087,303.2593,297.9984,297.8426,133.3207,394.8143,130.1311
404.4669,296.2676,305.7151,302.2760,296.3279,147.9909,395.0797,141.9825
404.1070,294.5210,311.0256,299.0535,303.0894,136.0720,396.1708,131.5395
405.4451,292.9116,312.4444,295.9680,307.2605,138.2318,400.2612,135.1754
309.1411,133.9535,406.9713,134.0516,406.8058,299.1554,308.9756,299.0573
314.0334,131.7307,405.9687,134.4977,400.9740,300.4489,309.0388,297.6819
315.2783,132.9701,403.1501,135.2078,398.9332,300.8039,311.0613,298.5662
317.9746,130.0507,404.0959,132.1654,400.0431,297.2195,313.9218,295.1049
316.1407,130.7661,402.9265,131.2627,401.9925,294.5192,315.2066,294.0226
404.0667,293.5103,313.2139,294.2789,311.8675,135.1307,402.7203,134.3620
406.7568,289.8824,315.4537,292.6553,310.6726,135.2246,401.9757,132.4517
407.6194,287.3531,314.8823,291.6580,307.7703,138.4495,400.5074,134.1446
408.1324,288.9290,315.6891,294.7254,305.9881,140.0102,398.4313,134.2137
409.2393,289.6214,317.8132,296.2809,306.5544,141.7117,397.9806,135.0523
409.1755,286.7588,316.2160,294.4915,303.6076,142.9199,396.5672,135.1871
409.3311,287.7893,316.6129,295.8384,303.3818,143.4284,396.1000,135.3793
410.5030,289.7391,320.6140,297.2440,307.6492,141.9613,397.5383,134.4564
404.6161,287.8852,324.3742,292.8816,314.5851,135.6685,394.8269,130.6721
406.3204,286.3287,325.1894,291.8717,314.7254,138.7156,395.8564,133.1725
410.1986,290.6052,326.0549,293.5480,320.5753,136.8717,404.7191,133.9288
416.2908,288.4957,327.7403,292.9442,320.0598,140.0618,408.6104,135.6132
419.7977,287.1259,331.7638,292.5784,322.1838,137.9054,410.2178,132.4529
417.3316,284.9855,332.6955,289.1801,325.0752,135.4202,409.7113,131.2256
419.5999,284.8245,333.8414,290.8156,323.4977,142.7503,409.2562,136.7592
424.6555,286.3261,337.3045,293.9118,324.2616,143.7205,411.6125,136.1348
424.5888,284.4897,338.3374,291.4589,326.4958,144.9067,412.7473,137.9375
427.5481,285.9057,341.2674,292.9989,329.3116,147.5700,415.5923,140.4767
426.8128,279.4231,347.8655,285.3681,337.4375,146.8888,416.3848,140.9437
427.6628,286.1056,346.0642,291.6721,336.3591,149.4070,417.9576,143.8404
425.9024,288.5117,348.4457,294.2802,337.6367,149.1419,415.0934,143.3734
428.2502,283.2554,350.6803,288.8387,340.4901,147.2660,418.0600,141.6827
429.1024,284.2314,352.1968,289.0678,343.2540,146.8640,420.1596,142.0276
436.1887,283.1556,354.5567,289.9392,342.7927,148.3734,424.4247,141.5899
436.5974,281.4267,356.8504,289.1978,343.0051,147.1170,422.7520,139.3459
437.6802,281.7003,355.0104,287.5920,345.0311,147.5671,427.7009,141.6754
437.2066,281.0427,356.9540,287.0796,346.2293,144.5087,426.4819,138.4718
436.4337,278.3862,358.1214,284.8875,346.8856,149.5456,425.1979,143.0443
443.0540,275.9863,362.1873,284.7435,347.4204,148.3815,428.2871,139.6243
442.8137,278.8339,364.0204,281.0140,360.1816,142.2715,438.9749,140.0914
440.2526,278.0343,363.0844,279.4212,360.4837,134.7104,437.6519,133.3236
440.9507,280.9832,362.1404,282.2092,359.7875,130.9688,438.5977,129.7428
437.5701,280.1734,363.5962,281.9127,359.9652,127.4865,433.9392,125.7472
369.1240,132.8719,441.0064,133.5764,439.5891,278.1967,367.7068,277.4923
372.3530,146.0554,447.5516,147.9176,444.2840,279.8676,369.0855,278.0054
449.2956,276.2347,369.7367,277.3463,367.7494,135.1123,447.3082,134.0006
453.6928,275.9305,372.7396,278.6765,367.8999,135.9999,448.8531,133.2539
452.9523,272.4023,375.2480,274.6749,371.1518,134.6176,448.8561,132.3450
456.2779,271.5214,378.8887,276.3311,370.0121,133.5034,447.4012,128.6938
455.4037,272.5807,376.6332,274.4242,373.4536,138.5648,452.2241,136.7213
456.4441,279.4094,373.1948,283.0905,366.6761,135.6705,449.9254,131.9894
457.8766,274.6039,387.1214,277.9912,380.1563,132.5033,450.9115,129.1160
457.1885,276.0456,380.3258,279.4769,374.0014,137.8064,450.8641,134.3751
459.0253,279.3806,384.9557,282.6758,378.4218,135.8063,452.4915,132.5111
462.6191,276.5629,387.1118,283.4827,374.0350,140.7923,449.5424,133.8725
461.4527,278.2413,387.8368,282.4459,379.6140,138.4783,453.2300,134.2737
464.9272,277.0072,391.2587,280.6205,384.0447,133.5370,457.7131,129.9238
466.0474,276.2072,388.5240,279.6010,382.4669,141.2410,459.9903,137.8472
469.3647,278.4738,388.4215,283.4093,379.4319,135.9782,460.3751,131.0427
472.6417,278.1017,389.4873,285.2387,377.0451,140.2720,460.1994,133.1350
475.1785,280.4858,390.4985,289.0022,375.2523,137.4065,459.9324,128.8902
477.8714,276.7479,391.0497,285.2294,376.5634,136.9393,463.3851,128.4578
478.0138,275.7463,391.6947,283.2733,378.6262,133.4056,464.9453,125.8786
478.0333,278.8830,390.7066,285.7593,378.7779,134.2686,466.1046,127.3923
477.2379,276.8173,391.3728,282.7259,380.7389,128.1928,466.6039,122.2842
477.8092,279.3777,391.3518,286.5430,378.5985,132.6596,465.0560,125.4944
473.9468,280.5573,391.6464,287.2401,379.0008,131.5042,461.3012,124.8215
472.3707,283.8097,391.5551,291.3571,376.9004,134.4398,457.7160,126.8924
469.7780,280.6481,390.8767,284.4922,383.1299,125.4854,462.0312,121.6413
469.4366,280.3997,389.9600,282.4172,385.9686,125.1857,465.4453,123.1682
464.5779,276.5694,386.1673,283.9691,371.6599,130.2416,450.0705,122.8419
471.3081,280.4486,386.8164,285.4778,377.1395,122.9060,461.6312,117.8767
464.5420,275.0964,387.2046,278.0807,381.1763,121.8581,458.5136,118.8738
466.4622,274.8935,388.5356,279.3483,379.7331,125.3703,457.6597,120.9154
469.0342,275.5014,386.7429,281.5473,375.0198,121.9833,457.3112,115.9375
468.5157,277.9113,383.3563,283.6217,372.6255,123.5920,457.7850,117.8816
468.8851,280.4977,385.3741,287.1930,372.1021,121.6515,455.6131,114.9561
459.0643,274.4075,385.1238,278.4778,376.2484,117.2506,450.1889,113.1803
464.9380,284.3593,382.8593,287.3712,376.6020,116.8478,458.6807,113.8360
460.4404,282.2561,380.9980,285.2480,374.6706,117.2379,454.1130,114.2460
453.5509,274.9481,379.2965,276.7516,375.3715,115.1543,449.6259,113.3507
460.8129,285.0594,379.1005,286.7767,375.4727,114.1660,457.1851,112.4486
445.5780,273.1079,376.0473,273.8948,374.2453,114.6592,443.7760,113.8723
460.2688,284.9995,375.4707,290.2547,364.6349,115.4074,449.4329,110.1522
459.0448,286.5876,374.2160,289.7171,367.7511,114.4757,452.5798,111.3462
460.3221,285.7482,372.5713,290.2241,363.5462,113.2857,451.2970,108.8098
460.1342,286.5429,371.4754,290.2333,364.0697,112.3149,452.7285,108.6246
459.3117,287.2156,372.6051,291.1085,364.5164,110.9473,451.2231,107.0544
453.0535,285.8329,368.2605,289.1700,361.2042,109.8786,445.9972,106.5414
454.1311,288.6510,366.7320,288.9844,366.0531,110.9876,453.4521,110.6543
367.2591,111.9285,451.7277,112.0414,451.4873,291.9215,367.0187,291.8086
453.0775,294.5062,362.8263,297.8226,356.1732,116.7693,446.4244,113.4529
452.9680,293.3069,358.0320,296.1361,352.7292,118.1981,447.6652,115.3688
453.1849,293.1852,358.5699,295.0824,354.8650,110.3221,449.4800,108.4248
454.8593,296.9471,357.1348,301.5114,348.7917,122.8796,446.5161,118.3153
454.5546,294.9028,356.7320,297.8959,351.1259,114.6777,448.9486,111.6845
358.2083,110.9486,450.3845,111.0572,450.1693,293.6491,357.9930,293.5404
444.6313,293.8978,356.0065,297.1186,349.4409,116.4537,438.0657,113.2329
387.9323,112.9486,449.6558,131.1513,397.6540,307.4843,335.9305,289.2816
358.6444,110.4752,459.1217,114.3493,451.9543,300.2381,351.4771,296.3640
354.3807,109.4779,451.2372,110.5934,449.0491,300.5886,352.1926,299.4731
358.2325,111.8039,454.0594,114.4580,448.8499,302.5490,353.0229,299.8949
353.6257,109.4004,453.2646,110.6755,450.7957,303.6040,351.1568,302.3289
356.3936,111.7408,455.5417,114.4820,450.3161,303.4952,351.1680,300.7541
358.9085,112.6172,456.3134,115.6291,450.5264,302.7804,353.1215,299.7685
358.2502,114.5046,461.3799,117.8602,455.2909,305.0019,352.1612,301.6464
362.1230,112.9503,465.1647,117.7028,456.4531,306.5874,353.4114,301.8350
366.2899,112.4154,469.8704,119.0836,457.6174,309.4169,354.0370,302.7487
360.2374,118.7483,467.5954,123.8516,458.9257,306.2377,351.5677,301.1344
356.4517,121.4813,466.6068,124.8466,460.9737,309.2342,350.8186,305.8689
357.2453,122.0311,467.4745,126.3676,460.2968,308.8184,350.0675,304.4819
356.2690,119.4155,473.1061,127.2773,460.6653,312.1630,343.8282,304.3011
361.1926,119.3105,476.0981,129.9023,459.3481,311.6155,344.4425,301.0237
362.6258,119.8203,476.3032,131.7003,456.9486,316.8994,343.2712,305.0193
361.5615,117.1333,476.1601,127.9542,458.4005,316.0370,343.8018,305.2161
363.5373,126.3270,476.4614,137.1783,459.3419,315.3340,346.4178,304.4827
372.2766,124.4389,478.8149,140.4412,452.8965,312.9987,346.3582,296.9965
368.8423,127.8227,475.3539,140.4669,455.0952,311.1220,348.5836,298.4779
370.8156,127.2551,476.5479,144.1875,449.7791,311.3421,344.0468,294.4097
370.3421,124.2295,470.8382,141.1352,442.7554,308.0741,342.2593,291.1684
368.0147,125.3771,466.1213,141.8879,438.4589,306.2566,340.3523,289.7457
367.9202,124.1980,460.9402,139.1114,434.6916,302.8326,341.6716,287.9192
360.4449,124.0726,455.5868,135.5478,435.6279,301.0286,340.4860,289.5534
364.7170,129.5349,457.5397,145.3393,430.9788,301.3362,338.1562,285.5317
360.6723,130.5272,449.6145,143.3009,427.1535,299.6950,338.2113,286.9214
362.2585,125.7691,447.1095,138.4095,423.7933,294.9242,338.9423,282.2839
361.5074,128.4587,445.9789,141.7123,422.1100,293.8393,337.6386,280.5857
359.4251,128.5776,445.1609,141.1730,422.5743,294.9173,336.8386,282.3218
358.5370,132.3591,444.7161,144.1610,424.2849,293.3535,338.1057,281.5517
362.3887,130.5169,447.0797,145.4154,421.7400,289.4596,337.0490,274.5611
362.9342,127.4385,439.2520,140.4186,414.0031,288.8718,337.6854,275.8918
348.7578,132.8021,432.2903,139.7076,420.1643,286.3892,336.6318,279.4837
350.5958,132.2223,435.9378,141.8631,419.2788,289.3322,333.9368,279.6915
350.2949,129.0311,436.0001,136.9726,421.9829,288.2465,336.2777,280.3050
351.9656,128.8754,437.3846,137.3876,422.2337,289.4247,336.8146,280.9124
348.7710,127.7036,434.6061,134.1326,423.1293,287.3616,337.2942,280.9326
349.0669,135.6668,434.6988,141.8935,424.0586,288.2204,338.4267,281.9937
351.1450,132.1137,437.1751,138.9576,425.1625,289.9596,339.1324,283.1157
342.7148,143.6806,431.8985,146.5497,427.2771,290.1988,338.0934,287.3297
341.2142,145.9178,430.2346,148.2144,426.6021,289.0165,337.5817,286.7199
426.8158,285.0736,336.6094,288.5068,331.3151,149.3974,421.5214,145.9643
423.2542,282.9913,338.8721,284.2309,336.7760,141.5487,421.1582,140.3091
423.7378,284.0393,338.0737,289.0681,329.3863,141.0786,415.0504,136.0499
428.2094,285.0054,338.7998,292.0833,327.1712,145.1889,416.5807,138.1110
427.8375,281.4403,340.4682,288.2713,329.1773,143.8590,416.5466,137.0280
428.8704,285.1219,340.7311,297.3235,320.6588,152.3297,408.7981,140.1281
425.6662,282.5728,340.0181,295.6320,317.6835,149.1519,403.3316,136.0927
402.3331,288.7282,336.7026,292.2638,328.6950,143.6189,394.3255,140.0833
397.1275,288.7039,337.1677,290.1754,333.4146,137.2521,393.3744,135.7805
394.9822,295.3055,335.6790,296.2016,333.2616,136.2259,392.5648,135.3298
395.5711,306.2888,334.5840,306.6107,333.6715,133.7411,394.6586,133.4192
406.5052,285.2932,337.1185,290.7547,324.9298,135.9030,394.3165,130.4415
404.4312,285.2487,335.4704,290.8441,322.7626,134.2281,391.7234,128.6327
400.5925,292.3905,333.8228,298.6322,318.6377,136.1925,385.4074,129.9507
410.4405,289.8499,337.4498,303.0966,308.1425,141.6108,381.1332,128.3641
408.8195,295.9143,333.3332,307.5587,307.3286,138.9798,382.8149,127.3355
403.2721,292.9615,331.0127,304.6756,304.5066,141.1711,376.7660,129.4569
391.2613,305.1077,330.3496,310.1130,315.3817,127.9633,376.2934,122.9580
399.9304,293.1613,327.1956,304.5316,301.5446,140.4449,374.2794,129.0746
403.0779,297.0230,326.7828,308.8226,301.0688,142.5585,377.3640,130.7589
402.7066,297.3578,332.1693,310.0754,301.6149,140.6068,372.1522,127.8892
406.7090,299.6580,331.6973,314.1629,299.2252,146.2345,374.2369,131.7296
409.0112,295.1356,330.9996,311.7216,296.2526,148.2908,374.2641,131.7047
406.2684,294.0587,332.6533,309.0254,299.8008,147.4376,373.4159,132.4709
405.7371,295.2569,328.3506,310.5274,297.0120,151.7125,374.3985,136.4420
406.8579,293.4506,330.4634,306.8315,302.3095,146.0947,378.7040,132.7138
404.7865,291.4024,326.9977,303.9541,301.7226,147.3125,379.5115,134.7608
405.2291,289.0064,330.9874,299.5393,309.7969,150.1773,384.0385,139.6444
411.5259,293.0639,330.3900,309.1556,298.9363,150.5624,380.0722,134.4708
418.7379,294.6481,332.8264,313.9232,297.1993,155.1289,383.1108,135.8538
419.3895,292.6469,335.5542,311.0120,301.2955,154.6233,385.1308,136.2583
418.3136,291.0457,332.9224,310.9832,297.4023,158.8529,382.7935,138.9153
421.5461,291.9871,334.9258,310.2523,302.3238,155.6418,388.9440,137.3765
418.5802,290.9807,330.6499,303.8884,307.9908,149.5288,395.9212,136.6212
424.4986,293.0887,332.1694,310.9457,302.5170,157.6276,394.8462,139.7707
426.1318,293.7652,335.1555,308.8521,309.4397,153.7814,400.4159,138.6945
422.7650,294.9021,329.7477,305.8707,311.2788,149.2483,404.2961,138.2797
424.6156,299.1343,331.5329,307.2766,317.4357,146.1179,410.5184,137.9756
426.7787,303.2831,327.5220,309.6355,317.0201,145.5448,416.2768,139.1923
425.9477,300.9247,324.9238,304.3584,319.4698,143.8918,420.4937,140.4582
330.2663,140.8746,425.4110,141.1321,424.9718,303.4391,329.8271,303.1816
334.7017,133.8690,429.7460,138.3003,422.0750,302.8302,327.0307,298.3989
335.7858,136.2797,430.0833,139.8112,423.8117,307.2738,329.5143,303.7423
355.8639,134.4613,438.3694,141.0903,425.1784,305.2698,342.6728,298.6409
356.8810,137.1186,438.6921,143.3171,426.3579,306.1097,344.5468,299.9112
354.1771,138.1622,429.0499,139.9989,424.9643,306.5488,350.0914,304.7121
360.6495,139.1968,436.4424,143.5331,427.0619,307.4933,351.2690,303.1571
358.3786,130.3116,429.9101,131.8076,426.2012,309.1488,354.6697,307.6528
365.0783,136.6992,436.2870,140.8640,426.3057,311.5235,355.0970,307.3588
364.2823,137.8430,432.9659,138.7937,430.5691,311.9565,361.8854,311.0058
431.4010,314.2864,368.2440,315.3720,364.8592,118.4737,428.0162,117.3880
430.9195,313.5661,369.4824,315.4382,363.4860,118.6475,424.9230,116.7754
432.3723,314.7476,375.4030,318.4476,362.6398,121.9302,419.6092,118.2302
436.7952,311.7114,377.0931,314.9258,366.4049,116.4105,426.1069,113.1961
438.1014,310.5863,378.0431,314.8523,363.7836,114.1041,423.8419,109.8380
438.5956,314.9843,376.9724,318.4006,365.5806,112.9162,427.2038,109.4998
439.3116,317.4476,377.3595,319.9316,368.9969,111.3592,430.9491,108.8752
442.6805,311.5803,379.7747,315.0613,368.5249,111.7676,431.4307,108.2865
442.7576,313.7653,378.4654,317.0927,367.7932,110.8827,432.0854,107.5553
446.1861,314.7125,378.6014,317.6993,369.4721,111.1209,437.0568,108.1341
443.5555,314.9864,382.1227,319.4224,367.2546,113.5219,428.6875,109.0858
444.5618,315.4855,382.2581,320.0464,367.0897,112.8409,429.3933,108.2799
443.4365,314.9068,379.9477,318.7435,367.6519,115.2747,431.1407,111.4380
441.8499,316.8671,380.2601,320.3173,368.7495,114.8394,430.3392,111.3892
439.9157,318.3342,377.7946,320.4075,370.8317,111.7836,432.9528,109.7103
436.5669,319.5676,376.5020,320.8778,371.9710,113.1672,432.0359,111.8570
433.9901,320.8787,377.3209,321.5327,374.9347,114.7664,431.6040,114.1124
436.7819,318.7048,377.1033,319.1593,375.5599,116.5208,435.2385,116.0663
378.1677,115.1398,439.4419,115.5239,438.1414,322.9662,376.8672,322.5821
438.0544,317.3374,377.4846,317.6139,376.5695,117.1421,437.1393,116.8655
434.8409,316.5504,377.4374,316.9372,376.0865,116.4679,433.4901,116.0811
374.3299,116.0769,436.0153,116.2925,435.3126,317.3160,373.6273,317.1004
442.7353,314.1016,380.0556,317.6419,368.7904,118.1966,431.4702,114.6563
439.2658,310.1404,381.0877,312.2251,374.0691,116.3508,432.2472,114.2661
439.8344,304.3443,382.9009,308.4430,369.1789,117.8363,426.1124,113.7376
441.9395,305.0815,383.3296,309.7854,367.9633,118.3210,426.5732,113.6171
442.7187,308.4214,387.1864,313.9548,367.6552,117.9455,423.1876,112.4120
444.7548,312.4593,389.2038,318.4182,367.7950,118.8396,423.3460,112.8807
446.3125,314.3484,387.3948,319.2376,370.5372,116.0959,429.4548,111.2066
449.3774,312.2731,391.2451,318.5310,369.4532,116.0957,427.5855,109.8378
451.9652,310.7847,390.6006,316.5220,371.7364,114.7576,433.1009,109.0202
446.4361,312.2953,385.0004,314.9174,376.3918,113.2211,437.8276,110.5990
453.1858,312.0921,385.7572,317.3279,370.0527,115.0767,437.4813,109.8409
458.7515,309.5370,390.9800,317.6487,367.2668,119.5301,435.0384,111.4184
465.9590,307.7108,392.0039,318.3176,363.7845,121.5608,437.7395,110.9539
473.6748,290.1411,395.3071,307.1615,355.9113,125.7691,434.2791,108.7488
469.6979,290.4464,393.7345,302.0558,366.0481,120.8957,442.0115,109.2863
477.6395,291.1856,392.0374,304.0760,364.6019,121.8836,450.2040,108.9932
468.8863,308.0200,385.5562,313.1072,373.4549,114.8848,456.7850,109.7976
478.6900,295.9121,390.8502,304.7356,371.6926,114.0174,459.5324,105.1939
482.6891,297.7520,392.6902,307.2482,373.3420,123.8790,463.3409,114.3828
484.3089,302.7003,391.6370,314.3585,368.6211,131.4037,461.2930,119.7455
479.8095,298.6692,391.1875,307.5001,373.4445,129.4425,462.0666,120.6116
487.9781,304.0284,388.5925,311.6996,375.5546,142.7875,474.9402,135.1162
488.4281,303.9248,390.7743,310.7788,378.6493,138.0245,476.3031,131.1705
489.6144,306.7835,387.2141,313.4328,374.9544,124.6316,477.3547,117.9823
496.4023,294.8952,392.1153,299.6744,384.4912,133.3107,488.7783,128.5314
391.4661,111.7042,490.7811,112.2957,489.6331,305.0672,390.3180,304.4758
394.9987,111.1056,491.4903,113.5194,486.7495,303.0304,390.2579,300.6166
394.3141,111.4617,495.3893,115.2549,488.0216,311.5811,386.9464,307.7879
392.7662,111.7665,495.7870,117.0148,485.9912,309.3006,382.9704,304.0523
391.6735,112.8404,492.2344,117.8510,482.7430,308.3420,382.1820,303.3314
383.8510,120.0159,487.8560,122.0436,484.2242,308.3266,380.2192,306.2989
375.0784,114.8444,481.3476,115.1448,480.8052,306.9966,374.5360,306.6962
475.4307,301.2012,370.5503,301.2654,370.4456,130.4244,475.3260,130.3602
375.6542,111.4598,486.1528,115.1232,479.8330,305.7458,369.3344,302.0823
473.2766,302.1062,366.6206,303.4020,364.3235,114.3305,470.9795,113.0347
462.2891,296.4552,364.3885,303.7171,351.6104,131.4512,449.5109,124.1892
463.6354,301.3578,362.4789,311.4141,344.5033,130.5989,445.6599,120.5425
461.8326,300.9442,360.6098,313.5682,337.5655,128.7919,438.7883,116.1680
461.4694,308.5905,358.3622,322.4206,332.2112,127.4575,435.3184,113.6274
453.0663,309.2771,354.0723,319.3851,333.9699,122.5093,432.9638,112.4013
451.5672,310.2669,351.8217,321.5634,329.0805,120.7627,428.8260,109.4663
445.0431,310.1442,350.7956,322.8833,324.8094,130.6308,419.0569,117.8917
433.7528,309.5718,346.7807,321.7029,320.2458,131.4645,407.2179,119.3334
421.0971,312.6047,340.7427,322.8089,315.4464,123.6086,395.8007,113.4044
409.8487,319.9946,330.2979,322.4905,323.7428,113.5637,403.2937,111.0678
405.1553,321.3195,330.9106,324.1379,322.6553,106.6733,396.9001,103.8549
412.9989,317.5042,335.3570,326.6396,310.1126,112.0875,387.7545,102.9521
415.8899,313.9338,336.9093,327.0457,302.5590,120.1326,381.5396,107.0208
414.4315,320.3701,339.8965,331.6057,307.2569,115.0808,381.7919,103.8451
411.3226,320.1807,333.7958,329.6657,306.7072,108.2541,384.2339,98.7691
410.6781,323.1345,329.1702,330.8425,308.0122,107.1071,389.5202,99.3991
409.3708,323.7429,327.9032,330.7863,308.8518,110.4282,390.3194,103.3848
409.5434,323.1133,327.9105,331.3784,305.2726,107.7879,386.9054,99.5228
408.9265,321.6069,325.0020,329.7646,303.4966,108.5224,387.4211,100.3647
406.4994,320.5815,324.6853,329.5175,300.9100,111.8408,382.7241,102.9048
401.6400,320.3953,323.5238,329.6088,298.0291,113.4521,376.1453,104.2387
399.4942,322.1960,319.3387,329.8026,298.0088,105.0347,378.1642,97.4281
402.2166,322.1478,318.5274,330.8361,295.6494,110.4657,379.3385,101.7774
399.3135,320.9619,320.1860,329.9259,294.9711,107.3458,374.0986,98.3819
400.1305,324.0765,320.6506,332.7492,296.4540,111.0030,375.9339,102.3302
403.4051,328.7478,322.9136,338.1388,296.7369,113.7746,377.2285,104.3836
405.2107,324.4389,322.9617,334.4287,296.0486,112.8440,378.2976,102.8542
407.3205,329.8843,326.2370,339.7246,298.3426,109.8779,379.4260,100.0375
407.1740,327.3696,325.3283,337.3792,297.3181,108.3490,379.1637,98.3393
407.3021,328.6616,323.4516,337.2096,299.5882,103.1248,383.4387,94.5768
407.2235,327.8824,324.2841,335.1635,304.0361,104.5173,386.9755,97.2362
406.5254,328.8105,324.7632,335.0005,306.7870,97.5585,388.5493,91.3684
406.6860,326.9102,320.0964,332.6316,304.6498,98.8599,391.2394,93.1384
403.5066,327.7396,315.2649,332.8609,301.9045,102.6562,390.1462,97.5349
400.9603,326.6654,313.6100,330.7898,302.9518,105.0610,390.3021,100.9367
397.9231,323.6008,308.6549,325.3789,304.2095,102.2101,393.4777,100.4319
402.5447,322.7046,303.4238,325.7891,296.8168,113.4705,395.9377,110.3860
399.3129,316.3269,303.1793,318.3389,298.6009,99.5838,394.7345,97.5717
404.2826,311.6650,295.2802,315.2307,289.0497,124.7616,398.0521,121.1960
401.4721,309.1622,289.5206,311.6379,285.2133,116.8608,397.1649,114.3851
400.6727,309.0247,289.7188,310.4774,287.2016,118.2215,398.1555,116.7687
403.6104,313.9126,285.5823,316.3458,281.3282,109.9883,399.3563,107.5552
405.1823,307.9731,292.7798,314.5603,282.1142,132.5662,394.5167,125.9790
407.1701,302.6008,292.2477,311.3812,280.8407,162.0796,395.7631,153.2992
407.1928,304.2052,287.5883,313.7307,273.8867,141.6896,393.4912,132.1642
405.9843,306.8407,284.9301,315.2808,272.5629,137.9019,393.6171,129.4618
406.8695,305.7212,288.7780,315.8423,273.3763,136.1394,391.4678,126.0182
407.7214,309.6799,284.0763,321.1622,267.1387,138.7725,390.7838,127.2902
401.0310,313.2469,280.7656,323.0739,265.3270,134.1333,385.5924,124.3063
398.3192,311.7847,281.1920,322.2894,264.1315,132.0653,381.2588,121.5606
398.5496,324.4302,281.9603,332.1133,267.1006,106.6222,383.6899,98.9391
399.1598,337.7101,285.0958,344.7662,269.3637,90.4524,383.4277,83.3962
388.0932,341.1719,286.6761,346.7559,271.8600,77.6635,373.2771,72.0795
286.2896,66.2019,396.1501,67.9778,391.5878,350.2074,281.7272,348.4315
378.6882,343.6410,282.7285,346.4750,274.4216,65.2004,370.3813,62.3665
373.4578,341.9916,279.7041,342.2492,278.9044,51.1903,372.6582,50.9327
378.0731,336.4103,283.0512,336.6817,282.2646,61.3028,377.2866,61.0314
380.0181,330.0987,278.2223,331.5316,274.4103,60.7257,376.2061,59.2927
379.7215,325.1073,282.5118,327.2055,276.7503,60.2765,373.9599,58.1783
377.5247,325.7888,288.8762,329.1482,278.7448,61.8001,367.3933,58.4407
375.1524,326.0288,296.4913,328.1474,289.2882,60.7044,367.9493,58.5858
378.4533,329.4633,305.8408,334.1019,288.8475,68.0841,361.4600,63.4456
385.8332,324.8842,297.3832,330.0497,282.2425,70.7915,370.6925,65.6260
389.5429,330.3570,304.1965,335.6989,287.6063,70.6375,372.9527,65.2957
388.6034,335.0648,310.8405,339.3277,296.1960,72.1888,373.9589,67.9258
394.5676,339.8231,307.9858,346.2340,288.0128,76.4925,374.5945,70.0815
396.4837,344.8332,309.9827,350.7423,291.2146,76.0026,377.7156,70.0935
401.4268,344.6656,311.1538,352.6005,286.8693,76.3258,377.1423,68.3908
397.5190,343.3593,311.5760,349.9140,290.4104,72.4000,376.3533,65.8452
407.0197,341.0220,314.4127,350.9877,284.4242,72.3166,377.0312,62.3510
402.9084,343.2588,313.3543,350.9933,288.9000,67.8473,378.4541,60.1129
402.8252,335.7927,315.6468,343.9765,289.3595,63.9476,376.5378,55.7639
397.6273,336.9700,311.7595,343.9312,288.7952,60.6605,374.6630,53.6993
391.6813,342.0952,310.9580,347.2846,292.2851,56.8242,373.0084,51.6348
388.4309,343.6944,308.3659,347.6421,293.9358,54.9776,374.0008,51.0300
378.2264,339.2221,298.9464,341.4902,290.7372,54.5441,370.0172,52.2759
383.9728,348.0339,311.3439,352.1790,294.4244,55.7214,367.0534,51.5764
381.3596,344.1983,312.5046,347.6066,298.1149,56.9026,366.9698,53.4943
380.4145,346.3581,298.9767,349.2720,289.3751,80.9237,370.8128,78.0098
381.1139,346.7417,293.5071,347.9387,290.0930,98.0620,377.6998,96.8650
