1
160.6060,48.0375,217.1284,50.1266,210.2954,235.0004,153.7729,232.9113
160.7610,47.8755,222.5864,50.3086,215.1935,238.1632,153.3681,235.7301
159.2865,48.9632,221.9597,51.1891,215.3934,236.0725,152.7202,233.8467
162.0232,51.2309,229.6660,55.0843,219.6724,230.5106,152.0296,226.6572
161.7635,49.3645,228.5084,52.8876,219.0678,231.7406,152.3229,228.2175
169.9834,49.5029,233.6891,55.2595,217.9548,229.3837,154.2491,223.6271
168.5809,49.9624,230.3375,54.5327,217.2776,231.0040,155.5211,226.4337
213.8010,228.7531,166.5445,229.1652,164.9750,49.1720,212.2315,48.7600
166.3197,48.9119,215.9690,49.0913,215.3217,228.2006,165.6724,228.0212
210.7049,227.9020,164.4344,228.2497,163.0971,50.2547,209.3676,49.9071
210.3724,227.2634,166.9638,228.6055,161.4942,51.6900,204.9028,50.3480
206.6187,225.4547,160.8083,225.8863,159.1410,48.8941,204.9513,48.4626
206.6769,226.6038,163.8451,227.9649,158.1596,49.0552,200.9914,47.6941
201.7433,218.7991,156.4478,219.7105,152.9073,43.7461,198.2027,42.8348
202.8252,218.0326,157.1881,219.1584,152.8726,44.2116,198.5098,43.0859
197.6377,216.9752,156.6628,219.2442,146.9315,43.5135,187.9064,41.2444
197.9325,215.4969,154.0104,216.6514,149.3858,40.7122,193.3079,39.5577
193.4794,214.5297,154.4481,216.6023,145.3279,44.8442,184.3592,42.7717
193.4046,215.4977,154.5033,217.3795,146.2408,46.5793,185.1422,44.6974
148.2921,45.9184,192.9815,46.0844,192.3662,211.6749,147.6768,211.5089
148.9549,46.7306,194.8850,47.2919,192.8815,211.2392,146.9514,210.6780
148.9135,51.1613,195.6889,52.9660,189.5249,212.7301,142.7495,210.9254
149.2775,50.0487,197.0290,52.1227,190.1125,211.3678,142.3609,209.2938
149.8029,48.2599,202.7277,52.1630,190.9895,211.3293,138.0648,207.4262
150.9619,48.2234,203.9173,52.2853,191.8338,209.8217,138.8784,205.7598
149.4247,47.0190,205.6294,51.5055,192.7653,212.6595,136.5606,208.1730
150.8381,48.2332,204.4916,52.2507,192.5348,211.9305,138.8813,207.9130
153.0520,50.2181,200.6855,54.4919,186.1939,216.0056,138.5604,211.7318
153.8525,51.9623,201.9566,56.8557,185.7697,215.9821,137.6656,211.0888
155.3746,54.1857,197.1286,58.7831,179.3392,220.3508,137.5852,215.7535
155.3671,54.1692,197.0266,58.8033,179.0672,220.2530,137.4078,215.6189
156.3167,53.5605,201.5463,60.0920,178.5422,219.3910,133.3126,212.8595
154.8188,56.8204,198.1909,62.4656,177.6630,220.1809,134.2910,214.5357
152.3981,56.6702,198.2269,62.7614,177.5509,218.3230,131.7222,212.2318
152.0857,57.5968,198.6950,63.7076,178.5415,217.4245,131.9322,211.3136
150.3354,58.2806,199.0654,65.4641,176.9089,215.7660,128.1789,208.5825
151.3269,57.2978,199.7969,64.4477,177.6069,214.8770,129.1370,207.7271
149.3775,59.5142,201.9184,68.8294,175.9435,215.3359,123.4027,206.0207
148.9478,59.6854,200.7675,68.5790,175.5482,215.5225,123.7285,206.6289
148.3683,61.2668,200.4050,71.3253,172.5214,215.5792,120.4846,205.5207
149.8091,62.3970,200.8047,72.5678,172.0712,216.6355,121.0756,206.4647
152.4360,62.0844,203.2300,73.9494,169.6953,217.5108,118.9012,205.6458
153.7965,62.0772,204.3771,74.1040,170.0093,218.6435,119.4286,206.6167
160.3316,59.6322,205.7737,71.4844,166.4054,222.4255,120.9633,210.5733
158.6450,60.5684,204.1129,72.2340,166.0485,220.5942,120.5805,208.9286
162.5221,63.1070,204.6479,73.7267,167.0030,223.0547,124.8772,212.4350
159.9295,63.8846,203.3764,74.5845,166.5779,224.0053,123.1310,213.3054
165.7786,65.5051,205.0590,75.5497,167.4020,222.8112,128.1217,212.7666
165.2277,66.5309,204.3448,76.2737,167.6089,223.7677,128.4918,214.0249
168.4196,62.6493,206.0616,71.1326,171.7643,223.3157,134.1224,214.8324
167.7703,62.5382,206.4569,71.4548,171.6821,222.3332,132.9955,213.4166
161.4998,65.9959,213.3265,77.1997,183.4270,215.5094,131.6002,204.3055
162.6934,66.1950,213.0132,77.2932,182.7185,214.6512,132.3987,203.5530
157.7391,68.3741,217.1663,77.2277,196.2986,217.2951,136.8715,208.4414
156.1417,68.7565,216.3326,76.4237,198.4472,216.8321,138.2563,209.1649
154.0852,66.9856,218.1638,73.9338,202.3421,219.8460,138.2636,212.8978
153.8193,67.8722,220.9953,75.0424,205.6327,218.9712,138.4566,211.8009
152.5252,68.0459,220.5642,72.2448,211.6000,217.5027,143.5610,213.3039
153.4460,69.0872,225.1686,75.4755,212.5063,217.6359,140.7837,211.2475
157.5336,67.9265,225.4861,70.1887,220.4255,222.2024,152.4729,219.9402
150.7679,70.1035,227.4708,71.9480,223.9449,218.5701,147.2420,216.7256
233.8704,217.5950,150.7127,219.5991,147.1376,71.2593,230.2953,69.2551
233.6908,217.4528,150.1967,219.4826,146.5731,70.4302,230.0672,68.4004
238.3950,225.1946,163.7963,228.0551,157.6714,68.3255,232.2701,65.4650
238.5110,226.2917,164.6812,227.6308,161.7764,67.4810,235.6062,66.1418
251.3178,216.5810,159.1232,227.3805,141.7488,79.0568,233.9434,68.2573
249.1902,220.5865,165.1446,228.9830,149.8736,76.1264,233.9192,67.7299
247.3895,230.5932,178.9377,235.1675,167.8971,69.9509,236.3489,65.3766
247.3917,231.3979,178.6241,235.1114,169.7394,70.5822,238.5069,66.8687
263.0161,221.7352,182.2372,232.8713,160.4554,74.8712,241.2343,63.7350
261.1997,224.4744,180.0484,233.5482,162.3371,75.1473,243.4884,66.0735
270.4991,227.8523,193.0702,240.9745,164.6922,73.5264,242.1211,60.4042
270.7024,228.7066,191.9734,241.9139,163.8947,74.5358,242.6237,61.3285
273.9887,230.0412,202.3163,242.5036,172.0173,68.2513,243.6897,55.7889
275.0121,229.9352,204.4034,243.2135,171.6734,69.1688,242.2821,55.8905
278.3321,230.7686,211.9165,241.9237,182.1999,64.9957,248.6154,53.8406
279.8391,229.4190,212.1210,241.4680,181.1661,67.4943,248.8841,55.4453
285.4107,230.9316,218.0843,239.2661,196.2920,63.2262,263.6184,54.8918
286.0393,229.2347,218.0035,238.2535,194.9204,64.1197,262.9562,55.1009
292.6394,224.3384,220.1464,232.9270,199.4226,58.0046,271.9156,49.4160
293.1103,224.7978,219.0199,234.0492,197.1512,58.9108,271.2415,49.6595
295.0318,224.3755,215.5258,228.7557,205.7892,52.0237,285.2953,47.6436
290.8999,225.3386,213.9370,227.7270,208.5710,54.8102,285.5339,52.4219
214.4136,47.8268,291.5876,48.1856,290.7569,226.9093,213.5829,226.5506
284.0140,230.5072,219.0720,233.2515,211.0141,42.5714,275.9562,39.8271
284.5502,226.4891,215.7122,227.6945,212.4557,41.7230,281.2937,40.5176
214.4153,43.8307,289.3418,44.1797,288.5009,224.7542,213.5743,224.4052
216.1140,43.8198,298.7428,48.4993,288.6437,226.8218,206.0150,222.1422
216.6160,44.9970,299.6837,49.2749,290.5147,227.3203,207.4470,223.0424
276.7606,230.1458,216.0683,230.6771,214.4807,49.3249,275.1730,48.7936
277.0507,231.6977,217.7194,232.8786,214.1030,51.1905,273.4343,50.0095
219.6275,54.4210,304.2779,64.8440,283.5720,233.0070,198.9215,222.5840
217.1831,57.7229,294.6757,65.0409,278.5681,235.6097,201.0754,228.2917
229.6868,57.9257,307.6902,76.8999,267.7639,241.0383,189.7605,222.0641
227.7317,57.8175,307.0830,76.8686,267.6651,241.0512,188.3139,222.0001
234.5567,62.7358,315.2384,94.2377,257.7888,241.3758,177.1071,209.8739
226.3356,67.0276,303.1775,89.6720,257.5284,244.5789,180.6864,221.9345
224.2973,77.5496,295.7915,104.3218,241.4353,249.4783,169.9410,222.7060
242.5223,66.6194,318.3865,109.8288,234.0986,257.8156,158.2344,214.6062
225.9845,83.6711,301.1606,122.3105,233.9615,253.0518,158.7854,214.4124
228.1713,81.8110,301.9807,121.1964,231.3640,253.5342,157.5546,214.1488
235.2971,77.0069,310.8314,129.2143,222.7015,256.7216,147.1672,204.5142
239.5716,80.9043,313.4730,143.1996,218.7293,255.5946,144.8279,193.2993
221.1565,89.3095,295.6368,113.2311,257.7184,231.2912,183.2381,207.3696
232.2321,87.6602,307.8296,122.1882,257.1443,233.1612,181.5468,198.6331
232.5469,88.1831,307.7227,121.1147,257.9675,234.6948,182.7918,201.7631
228.4591,89.9241,303.2035,119.2700,258.9830,231.9001,184.2385,202.5542
225.0441,91.7473,299.8536,117.1910,261.2137,230.7998,186.4043,205.3561
206.5677,88.9236,299.8560,116.2488,266.4050,230.4505,173.1167,203.1253
207.7132,89.7382,300.9697,117.4628,267.3435,230.5702,174.0870,202.8456
202.5655,90.5746,297.8549,110.0097,273.4738,229.5487,178.1844,210.1135
199.2033,93.7344,292.7957,105.2392,277.7888,227.3203,184.1965,215.8155
202.9790,93.7782,292.6548,102.9816,279.9951,226.3337,190.3194,217.1303
282.0532,224.8558,200.0091,227.4869,195.7505,94.6953,277.7946,92.0642
291.5551,222.8200,215.3369,234.5824,194.8158,101.6093,271.0340,89.8470
295.6165,222.1052,231.6982,240.3945,191.2574,99.0603,255.1758,80.7710
295.4068,216.7193,245.8339,237.1028,186.3960,92.5497,235.9689,72.1661
306.6584,201.2691,258.8935,230.3648,182.0867,104.2754,229.8516,75.1796
311.6033,189.0665,247.5459,226.6351,179.2498,110.1849,243.3073,72.6163
306.9747,189.4114,239.7525,226.6489,173.0621,106.2577,240.2843,69.0202
265.5127,202.3133,217.5092,215.6956,179.6454,79.8747,227.6489,66.4924
255.6090,204.4398,215.6465,217.0401,169.6379,71.1216,209.6004,58.5213
251.2035,192.8804,200.2579,209.3224,153.0028,62.9022,203.9483,46.4602
241.8911,180.6196,197.5085,195.0727,150.4288,50.5007,194.8114,36.0475
236.5210,171.2842,173.4253,180.9775,150.8002,33.7053,213.8960,24.0120
237.8645,153.7883,182.3619,169.0804,144.1123,30.2533,199.6148,14.9612
236.1155,151.1352,183.4497,167.0315,140.3949,24.3876,193.0606,8.4913
236.1102,154.8621,187.3114,171.2990,140.7070,32.9371,189.5058,16.5002
231.5777,151.3528,179.9247,169.8947,132.6240,38.1273,184.2770,19.5854
229.6373,148.0321,178.3543,166.8315,128.1034,29.7518,179.3863,10.9524
225.8535,160.8914,185.8091,173.6936,134.4477,13.0379,174.4921,0.2358
226.7883,150.3663,172.4589,164.6213,133.8828,17.5979,188.2121,3.3429
226.9894,152.2133,172.2506,166.4274,133.5448,17.3708,188.2836,3.1567
225.6463,164.6436,178.6726,175.8773,141.4705,20.3164,188.4442,9.0827
230.3329,160.7333,173.1929,173.2001,139.6369,19.4002,196.7769,6.9334
239.8695,155.3300,186.5023,172.4622,138.2077,22.0241,191.5749,4.8918
233.7853,178.3341,183.8564,187.1281,154.4957,20.4300,204.4246,11.6360
247.2421,169.6513,198.1748,181.9764,158.2211,22.9176,207.2884,10.5925
254.7604,175.5554,203.8318,189.3528,162.2547,35.8851,213.1833,22.0876
259.7988,188.8598,213.7326,199.9096,176.1794,43.3505,222.2456,32.3007
266.5313,196.8147,217.2098,207.2596,186.5474,62.4707,235.8690,52.0258
277.5710,201.6191,224.2420,214.2321,189.4874,67.2861,242.8163,54.6732
283.6175,205.9849,230.4694,218.4485,195.4138,68.9621,248.5620,56.4985
286.1723,206.3250,235.7465,217.3352,205.9309,80.7818,256.3567,69.7716
296.9721,206.5083,238.6100,219.3223,210.4977,91.2837,268.8600,78.4697
301.3645,212.6767,240.7145,225.3159,212.8861,91.7791,273.5361,79.1399
305.5715,211.3934,242.5729,222.8217,218.6414,90.8990,281.6400,79.4707
308.2596,210.0576,248.4512,221.5863,223.0579,89.8514,282.8664,78.3227
311.4432,201.7416,259.9125,214.9550,227.6517,89.1420,279.1824,75.9286
322.5590,189.7599,272.9741,208.6637,228.4452,91.8639,278.0302,72.9601
320.7329,192.5517,267.3372,208.2579,233.0135,91.5696,286.4092,75.8634
338.4138,190.6601,273.3619,213.6656,232.7543,98.8408,297.8062,75.8354
350.7472,184.9871,282.8776,218.6766,227.3955,106.9043,295.2651,73.2149
322.6703,200.3908,248.2868,202.4695,244.9066,81.5167,319.2901,79.4380
329.9652,200.7127,248.1577,203.2247,244.3212,78.2836,326.1287,75.7715
316.5011,204.2690,246.9896,204.9427,245.7685,78.9486,315.2801,78.2749
315.1032,204.2875,250.9362,208.7701,242.0160,81.0813,306.1830,76.5987
316.8941,202.6737,254.8400,211.1347,237.4124,83.3173,299.4665,74.8564
313.0403,204.8701,254.4180,212.5598,237.5105,83.6640,296.1328,75.9743
314.2798,205.7069,258.3181,214.5352,237.4372,82.1721,293.3989,73.3438
319.7960,201.3868,260.1241,213.9229,232.9854,84.7429,292.6573,72.2067
329.5559,195.8696,264.2922,214.9851,227.4076,89.0544,292.6713,69.9389
335.7542,191.5616,256.9808,217.0402,217.0243,93.5050,295.7978,68.0263
342.4701,184.8252,260.1998,219.3266,208.8599,96.9041,291.1302,62.4027
326.3638,196.6942,245.7696,215.9920,214.2224,84.2400,294.8167,64.9422
290.8893,221.3428,224.5320,226.8014,212.2953,78.0473,278.6526,72.5887
214.5198,65.0815,288.1864,69.1852,279.7321,220.9499,206.0655,216.8461
207.2111,65.3544,276.9014,68.9018,269.1234,221.7040,199.4331,218.1566
201.1398,63.4131,276.5723,71.5820,260.2072,222.6985,184.7748,214.5296
199.9833,59.1452,268.7836,68.5594,247.4992,224.1099,178.6988,214.6958
195.1641,55.7176,259.2090,63.6467,239.4274,223.4268,175.3826,215.4978
192.7106,52.9784,255.4862,60.3451,236.0223,226.2070,173.2467,218.8403
191.8748,51.1501,251.8784,58.1867,231.8453,229.0161,171.8417,221.9795
191.0247,45.7944,245.6120,51.3482,227.5951,228.4340,173.0078,222.8802
188.1405,49.0864,242.6139,53.7489,227.3487,232.0968,172.8753,227.4343
184.4003,54.2702,240.5609,58.2781,228.1037,232.8341,171.9431,228.8262
176.0922,65.2461,242.0865,69.0580,232.6870,231.7868,166.6927,227.9748
183.3462,59.6847,266.9929,74.7921,237.6411,237.3068,153.9944,222.1994
186.9587,67.3776,265.6815,81.6159,236.9530,240.4531,158.2303,226.2148
183.4211,67.3957,262.9310,81.1798,235.2588,240.7989,155.7489,227.0147
182.7051,69.1954,259.9972,83.7814,230.3268,241.0063,153.0348,226.4203
188.1336,69.8595,264.9761,89.2727,225.2959,246.3379,148.4534,226.9248
195.1644,70.4771,271.6331,95.9334,221.3545,246.9660,144.8859,221.5097
200.8574,70.2535,279.8366,105.4200,215.5301,249.8436,136.5509,214.6770
200.6348,73.3733,277.1060,110.6240,208.2758,251.9237,131.8047,214.6729
206.0757,71.9000,277.1749,108.7027,201.8843,254.1566,130.7851,217.3539
210.6455,70.0768,280.3114,110.1456,197.1830,254.6773,127.5171,214.6085
207.5868,71.0213,274.7044,105.7271,197.5234,254.9876,130.4058,220.2818
216.1319,71.0205,276.9016,104.8662,193.2171,255.1216,132.4473,221.2759
221.3863,71.3626,280.7879,106.7492,193.6099,253.0904,134.2082,217.7038
228.4787,72.4630,285.3675,109.3591,193.1125,251.6039,136.2237,214.7078
229.9135,72.4926,284.3124,106.2084,196.0576,248.6036,141.6587,214.8878
234.2118,71.6501,284.5744,102.3846,196.8090,246.2002,146.4464,215.4657
241.7173,71.2179,286.5595,98.5198,197.1128,245.4323,152.2707,218.1305
247.3744,73.4731,286.3949,97.8855,196.4405,241.6678,157.4200,217.2554
243.2806,71.4879,287.1777,98.4099,203.7104,234.5057,159.8133,207.5837
244.8699,71.3134,293.3990,102.8241,206.7934,236.2041,158.2643,204.6935
235.7056,73.0908,285.7660,99.1806,212.5618,239.6428,162.5015,213.5530
231.5811,74.3659,283.5498,98.8916,215.8174,242.4132,163.8486,217.8874
226.7779,77.1232,284.9666,101.8972,222.3380,248.9980,164.1493,224.2240
224.8699,76.1414,291.1401,105.5106,227.3792,249.3840,161.1090,220.0148
222.9175,76.7095,293.9653,105.2613,233.2400,256.3689,162.1922,227.8171
221.7824,76.6298,295.9099,104.0775,238.6158,258.8107,164.4883,231.3630
224.1806,74.5399,303.4828,105.1894,242.9186,261.8929,163.6164,231.2434
224.3542,74.1665,306.9952,105.4294,247.5524,262.5617,164.9114,231.2988
229.8702,74.0172,311.2022,105.7591,248.6685,265.9887,167.3364,234.2468
242.8259,69.5311,326.1865,109.2466,250.9173,267.2325,167.5567,227.5170
256.5498,65.5652,340.0518,106.1831,273.1258,243.7691,189.6237,203.1512
253.0911,66.4670,339.4765,104.8973,279.7263,239.2063,193.3410,200.7760
251.0035,68.3609,337.6410,103.1184,284.0244,236.7645,197.3870,202.0070
246.3758,66.2351,335.9820,97.3622,288.4015,234.3333,198.7953,203.2063
242.7744,70.1164,334.5925,100.1791,290.7187,234.1794,198.9006,204.1167
240.7939,73.3661,336.7150,106.2651,287.0774,250.9893,191.1564,218.0903
241.3944,62.9756,338.7224,95.0262,286.4878,253.6469,189.1598,221.5963
240.2729,57.3250,339.7593,88.7323,289.4840,247.9850,189.9976,216.5776
235.5323,55.8227,336.6202,83.4855,292.0133,246.4923,190.9254,218.8296
233.5014,58.4046,332.6873,83.5607,292.6150,241.5582,193.4291,216.4021
225.9253,59.4422,325.8123,77.2368,297.5752,235.7413,197.6883,217.9467
219.6094,62.1225,309.1208,70.7640,293.2652,235.0004,203.7538,226.3589
213.2640,59.8883,298.2344,62.1296,293.7181,233.3450,208.7477,231.1036
290.0762,233.6712,220.2983,234.5173,218.1971,61.2333,287.9749,60.3872
288.1812,229.2946,234.6450,232.6066,223.3279,49.6740,276.8641,46.3620
288.3321,223.0721,235.3864,226.8045,222.8343,48.7485,275.7800,45.0161
287.3295,220.7091,244.8514,226.0615,221.5985,41.5207,264.0766,36.1683
287.3533,217.7988,245.9570,223.7141,219.7875,40.5744,261.1838,34.6591
292.7013,214.0368,251.6390,221.8247,217.5390,42.0298,258.6013,34.2419
298.0961,209.4061,250.3086,218.6879,216.9289,46.8315,264.7164,37.5497
302.5622,207.3308,251.7495,218.8175,214.3850,53.5315,265.1978,42.0448
314.3671,206.1517,260.2458,223.0963,209.5704,61.2382,263.6918,44.2937
312.2630,204.7593,257.4920,220.2026,212.5307,60.7430,267.3016,45.2997
318.4805,203.3899,262.0585,221.6098,211.8334,66.0760,268.2554,47.8561
319.7382,202.2452,264.0186,220.9493,213.6340,70.8532,269.3536,52.1491
322.0465,204.9000,272.1728,225.8006,210.1586,77.8199,260.0323,56.9194
322.2506,204.3765,274.5467,225.7932,208.4917,78.6609,256.1956,57.2442
321.9941,202.8566,274.9326,224.7623,208.0516,81.0770,255.1131,59.1713
332.4938,205.2574,284.4813,231.9287,204.2777,87.5497,252.2903,60.8783
340.5687,204.0032,293.2251,234.8760,200.3668,92.4775,247.7103,61.6047
339.1140,208.3574,294.1175,236.5558,203.3126,91.6577,248.3091,63.4593
345.8657,199.8712,289.2621,235.3029,206.9987,103.8837,263.6024,68.4520
344.2830,194.8659,281.9076,230.8284,206.3033,99.6960,268.6787,63.7335
345.9124,193.7939,286.3171,232.3866,203.1049,103.8896,262.7002,65.2968
329.9082,207.9841,278.6220,235.7478,202.0825,94.3609,253.3686,66.5972
324.5459,212.3365,264.8817,241.2442,195.4358,97.9110,255.0999,69.0033
324.5359,216.1624,258.0739,244.9361,195.6184,100.6749,262.0804,71.9012
320.8641,219.7450,251.6489,247.5609,192.4019,100.1346,261.6171,72.3187
320.1194,219.6443,249.4946,249.9746,186.4220,103.1086,257.0468,72.7783
320.4330,217.0213,244.6275,248.0468,185.1667,102.7644,260.9722,71.7389
322.6582,210.7692,239.4278,245.6567,181.3562,107.1168,264.5866,72.2293
321.6963,211.5076,237.0363,244.0020,183.2170,103.7830,267.8769,71.2886
322.4333,208.7702,235.9529,242.9772,180.2053,102.0391,266.6858,67.8320
300.6300,228.1717,246.9250,250.4422,181.8965,93.6268,235.6015,71.3563
301.2092,228.0929,244.5276,252.0463,177.9948,94.6077,234.6764,70.6543
300.5535,221.2638,239.6071,246.6634,176.0777,94.2239,237.0240,68.8244
298.8606,226.8468,242.8681,250.4303,175.5327,90.5608,231.5253,66.9773
295.8838,227.7210,245.0104,248.0698,179.8748,85.2260,230.7482,64.8772
297.6933,223.9169,242.6244,247.0929,174.5694,85.3864,229.6382,62.2104
297.6920,221.2514,238.8817,246.6384,169.8773,86.7863,228.6876,61.3993
296.7012,223.3609,240.8848,246.7141,172.1411,82.4098,227.9575,59.0566
296.1110,221.4020,239.2435,242.7253,179.0049,82.0745,235.8725,60.7511
302.1907,219.4027,234.6302,241.1303,183.4173,81.8870,250.9777,60.1594
282.0152,213.6194,217.5332,225.8569,188.1540,71.0524,252.6360,58.8148
294.7552,216.2693,234.3482,238.0387,177.9881,81.6471,238.3952,59.8778
288.2301,219.6494,231.8233,236.4539,183.9767,75.8488,240.3834,59.0444
287.8716,220.3668,232.4998,237.2487,181.8709,71.1888,237.2427,54.3069
269.6357,213.3311,216.2646,223.7894,184.5955,62.1737,237.9665,51.7155
281.1161,215.0370,223.0962,230.9554,178.3055,67.7011,236.3254,51.7827
279.6037,216.1564,223.1842,231.3857,179.0845,68.0104,235.5040,52.7812
283.2476,220.5759,224.8433,236.6199,179.0553,69.9399,237.4596,53.8959
278.6515,219.2177,222.6993,234.4367,177.2654,67.4002,233.2176,52.1812
284.1065,213.2821,214.2200,231.5672,173.5762,76.2246,243.4627,57.9395
293.2191,215.0844,221.8116,235.8703,175.8210,77.8749,247.2285,57.0890
275.7788,219.9864,220.9550,233.9214,179.9344,72.5372,234.7583,58.6021
279.5893,219.8005,224.9738,235.3035,179.2474,74.2139,233.8629,58.7109
274.0131,218.0059,221.1805,231.3960,181.6405,75.3856,234.4731,61.9955
274.6946,218.3106,220.3577,231.1472,182.8215,72.2576,237.1584,59.4210
277.0071,217.1770,219.6332,230.9334,183.6420,80.8242,241.0158,67.0678
275.2687,221.6968,218.7073,234.5343,184.2869,82.8810,240.8484,70.0434
276.0706,223.2924,217.2926,235.3398,186.4033,84.6336,245.1813,72.5862
276.9468,223.5701,214.2288,236.3157,184.3410,89.2446,247.0590,76.4991
281.2474,223.5987,213.3159,235.6945,186.9804,87.7916,254.9119,75.6957
282.6054,225.0497,211.9221,238.7562,183.6702,93.0634,254.3536,79.3569
280.1962,227.6202,212.8425,241.2734,183.2860,95.4658,250.6397,81.8126
278.1797,229.3836,212.0620,241.6597,184.6759,94.1614,250.7937,81.8853
279.3007,226.8590,213.9768,241.2132,182.6297,98.5570,247.9536,84.2028
280.2006,224.9060,214.0620,242.0729,176.9663,99.1548,243.1049,81.9879
280.7720,229.6778,217.5514,246.0724,178.7504,96.4489,241.9710,80.0543
284.7742,226.3097,213.8063,244.3885,176.4112,97.5950,247.3791,79.5162
285.8905,225.1913,212.1263,240.1129,182.4981,93.6464,256.2623,78.7249
282.7017,225.7219,218.8400,243.9847,177.2072,98.4020,241.0689,80.1392
285.8539,224.7376,220.4357,245.1148,174.4726,97.5569,239.8908,77.1796
287.9890,223.9245,220.6541,244.1203,176.4872,96.8641,243.8220,76.6682
289.8530,225.1608,221.1898,245.3327,177.4455,96.4319,246.1086,76.2599
291.1091,226.2229,221.1923,246.4416,177.6890,96.0059,247.6058,75.7872
291.3072,226.6890,221.1986,245.7601,179.4400,92.2487,249.5486,73.1776
292.7549,226.6795,221.1473,245.4851,180.0845,89.1267,251.6921,70.3212
292.7305,226.4888,220.9284,245.1706,180.2698,88.9019,252.0719,70.2201
291.5542,226.6134,219.8807,243.2543,183.4989,86.5546,255.1724,69.9138
291.0041,228.2071,219.1817,243.9430,184.2927,84.7003,256.1150,68.9645
290.5087,228.7629,215.9497,241.7542,187.5929,79.0110,262.1519,66.0196
287.6144,228.5059,217.0327,240.3581,189.8029,78.2010,260.3846,66.3487
283.6717,228.7381,217.1384,237.0398,196.9087,74.9098,263.4420,66.6081
282.6279,229.3874,216.3420,236.3610,198.7455,69.1026,265.0314,62.1289
281.7586,228.7775,217.7066,236.4870,197.5667,69.1590,261.6186,61.4495
281.0245,229.1393,218.6812,235.1085,202.4023,65.0890,264.7456,59.1198
280.0482,228.4463,217.4885,233.5059,203.9178,65.7106,266.4774,60.6510
278.9015,227.8989,216.4925,232.2723,204.7169,64.2321,267.1259,59.8587
280.6500,226.9689,215.8939,232.5462,201.5332,65.8110,266.2893,60.2337
281.6807,228.2814,216.2818,233.8873,201.8651,65.7014,267.2641,60.0955
279.5432,227.3801,216.4099,231.3984,205.7063,63.2272,268.8396,59.2089
279.5435,228.0131,216.5517,230.8765,208.7755,59.8073,271.7673,56.9439
276.5985,229.6548,219.1584,231.1015,214.8449,59.8431,272.2850,58.3963
277.0731,229.7393,221.9724,230.9300,218.3003,60.9924,273.4009,59.8017
276.8237,230.3374,222.3882,231.9346,217.3254,59.3853,271.7609,57.7881
277.2654,229.5478,222.9693,230.6715,219.4244,59.3828,273.7205,58.2591
278.2692,228.7564,221.9184,230.3241,217.0718,56.1198,273.4226,54.5520
275.4822,231.2098,222.5910,231.4695,221.7402,58.2434,274.6314,57.9837
279.0119,230.0933,218.1415,232.3421,211.7039,58.0924,272.5743,55.8436
276.6858,230.7972,218.5378,231.2163,217.2769,56.2579,275.4249,55.8389
219.9550,54.4111,279.0420,55.6292,275.3938,232.5916,216.3068,231.3735
219.0155,55.0592,280.8416,57.0644,275.1041,233.9713,213.2779,231.9661
215.4317,55.7254,285.3803,58.4062,278.6016,235.2764,208.6530,232.5955
216.3567,54.0693,288.4440,58.2902,278.0396,235.9859,205.9522,231.7650
200.7795,59.1189,286.7610,60.9053,283.2098,231.8287,197.2284,230.0423
203.3115,58.4403,288.2501,61.6720,281.6806,234.3417,196.7421,231.1101
203.1886,58.4942,291.0289,63.7942,280.7669,233.8742,192.9267,228.5743
206.1105,61.2295,291.0028,67.2436,278.9659,237.1527,194.0736,231.1386
209.4769,70.8212,275.2796,73.3278,269.0369,237.2090,203.2343,234.7024
218.9948,64.8515,293.0306,74.9200,269.9874,244.3603,195.9516,234.2918
212.7083,66.7660,290.7492,76.5601,269.8365,243.1965,191.7956,233.4025
219.8546,65.4201,292.4179,76.7705,266.1460,244.7282,193.5826,233.3778
225.1699,65.3464,297.9211,80.2727,263.3521,248.7630,190.6009,233.8367
227.0720,66.0435,299.3163,82.5676,260.9659,250.2377,188.7216,233.7136
229.9016,64.8211,296.0910,79.8446,257.5765,249.5286,191.3871,234.5050
235.0602,64.0394,306.9518,85.2565,257.7125,252.0979,185.8209,230.8808
239.8374,65.3172,305.2797,85.0009,254.1639,254.9451,188.7216,235.2614
239.1554,63.7980,301.4818,81.8084,251.5118,254.7333,189.1855,236.7229
243.9830,63.3796,306.7709,83.5874,250.7059,257.7876,187.9179,237.5798
249.4860,61.3000,307.3277,80.8898,247.6623,257.0603,189.8206,237.4705
248.3972,59.9706,308.1346,80.0555,248.5395,257.3051,188.8021,237.2202
250.2913,55.0003,310.5556,74.7606,250.9531,256.5344,190.6888,236.7741
253.4887,39.7251,317.1411,59.4669,256.9142,253.6530,193.2619,233.9112
246.0194,32.0053,319.0564,49.9298,269.4810,251.9344,196.4440,234.0098
251.3780,31.8379,324.7127,50.6243,273.3907,250.9643,200.0560,232.1778
256.8720,31.7535,330.2180,51.5479,276.4580,250.7494,203.1120,230.9550
260.9022,30.7427,333.9265,50.3781,279.5832,252.4803,206.5589,232.8448
260.4723,31.5456,336.2169,50.6205,285.9673,250.1562,210.2228,231.0813
257.6063,29.3348,339.9305,51.2910,288.2698,244.9910,205.9456,223.0348
262.0818,30.8338,341.1522,51.6675,289.7701,246.6781,210.6998,225.8443
264.2831,32.7407,342.7546,53.8691,290.7484,247.0219,212.2769,225.8935
268.6122,35.8122,340.5559,53.6620,291.8067,250.1459,219.8630,232.2961
263.9281,35.8556,344.5086,55.1120,298.6937,246.8292,218.1132,227.5728
263.2184,33.4300,342.7479,50.9534,300.1346,244.3529,220.6050,226.8295
259.2846,31.5066,344.0947,47.7532,307.1074,240.8336,222.2973,224.5871
271.9055,32.1829,340.6941,45.4213,302.2599,245.1311,233.4712,231.8927
273.2385,30.3976,342.8805,42.3751,308.3275,243.2796,238.6855,231.3021
278.1056,31.2892,339.9151,41.0665,307.6111,245.2839,245.8016,235.5066
298.7977,30.2691,346.6177,41.5035,296.1264,256.4226,248.3065,245.1882
304.4405,27.0093,365.7684,45.4958,303.4364,252.2782,242.1085,233.7917
303.0402,21.0034,371.3492,40.8373,311.0023,248.6762,242.6932,228.8424
285.5964,20.3101,369.1242,37.4408,326.7667,243.9716,243.2390,226.8409
272.0886,19.1609,367.2145,32.5827,337.9537,239.9666,242.8278,226.5449
278.2026,19.5047,373.2099,37.7271,333.7750,243.3312,238.7677,225.1088
274.7429,20.4597,366.1735,36.1319,330.8154,242.4094,239.3848,226.7373
278.3411,19.8226,361.7737,35.6555,322.3377,243.4661,238.9052,227.6332
280.3586,18.4033,355.1787,33.5827,311.5180,248.7882,236.6979,233.6087
275.3316,14.5399,344.0439,26.6413,304.3145,252.2253,235.6022,240.1238
269.8490,13.5848,338.8851,25.3899,299.9380,253.1512,230.9020,241.3461
265.8402,19.6355,339.2783,34.5320,294.5935,254.8226,221.1554,239.9260
257.7155,25.3482,327.0051,38.3661,285.8288,257.5316,216.5393,244.5137
251.3205,25.8958,317.1727,37.4550,278.6183,257.0969,212.7661,245.5377
241.6479,26.5675,305.2887,35.9308,272.9741,255.5664,209.3333,246.2030
231.7361,28.5374,311.7897,42.7802,275.4011,247.3073,195.3475,233.0646
225.3279,27.8120,309.0604,43.9319,269.8459,247.6261,186.1134,231.5062
234.5436,32.3321,310.0319,51.2659,258.9426,254.9565,183.4543,236.0227
227.0567,31.3266,306.0665,52.8346,251.6955,252.5665,172.6856,231.0584
216.8201,32.7541,298.4075,54.8551,245.0687,251.7586,163.4813,229.6576
209.9152,32.6484,292.5380,55.3192,239.0871,250.1191,156.4643,227.4483
207.1115,33.8655,287.4363,57.7985,230.6125,248.5130,150.2877,224.5801
201.5148,33.9736,281.3461,57.6593,224.7425,248.4393,144.9111,224.7537
198.7192,33.0646,278.0909,57.8455,218.7838,247.8025,139.4121,223.0217
192.0699,35.5570,281.7667,64.1942,222.4590,249.9564,132.7621,221.3192
177.7706,45.4112,258.3961,48.7597,250.8857,229.5907,170.2603,226.2421
171.6987,45.6771,265.3735,57.8801,242.6952,231.9680,149.0203,219.7650
162.3392,47.2362,260.2973,55.3875,245.9388,227.9421,147.9807,219.7909
159.2568,48.7148,257.2409,55.7719,244.9144,226.9185,146.9302,219.8613
163.3768,41.2680,267.2143,62.3284,232.4668,233.6495,128.6292,212.5890
161.9840,39.6366,268.5178,65.3016,227.4907,235.6025,120.9570,209.9375
151.8436,44.6377,264.9042,61.1588,240.3591,229.1314,127.2985,212.6103
154.9162,45.4543,262.3843,57.7428,243.1376,226.0634,135.6695,213.7749
166.7104,41.0176,261.0370,52.3270,240.2131,226.0097,145.8865,214.7003
146.9260,43.1393,267.5137,58.1973,246.4842,226.6051,125.8965,211.5471
154.0506,45.6390,265.2332,57.2887,247.6626,224.9782,136.4800,213.3285
173.9023,40.0324,266.7169,59.8284,230.5059,229.6057,137.6913,209.8097
154.3885,38.4592,272.0309,66.4005,232.4251,233.1548,114.7827,205.2135
158.8606,30.8196,272.5006,58.4550,230.0586,232.9821,116.4185,205.3467
155.8212,40.7555,233.3497,45.6293,221.8425,228.6786,144.3139,223.8048
165.2912,44.6495,227.0646,47.5637,218.5191,228.7044,156.7457,225.7902
172.5132,47.0359,225.3646,49.1054,218.3741,227.6273,165.5227,225.5578
176.7237,48.9200,244.3283,56.0158,226.3635,227.1740,158.7589,220.0782
173.7359,46.7903,225.7233,49.4946,216.2687,231.2473,164.2813,228.5430
173.1243,47.8814,247.4282,57.5478,225.0906,229.2537,150.7867,219.5873
171.5577,47.9233,249.3694,60.1615,222.2621,232.5112,144.4505,220.2730
175.9586,52.1423,238.6965,58.7997,220.4904,230.3726,157.7525,223.7153
169.6290,48.4515,227.2664,49.5909,223.7944,225.2202,166.1571,224.0808
167.9637,46.7278,239.3732,54.2457,220.6561,232.0338,149.2465,224.5159
163.5291,36.8892,256.4401,51.1560,228.9962,229.8804,136.0852,215.6136
152.1259,40.0952,252.9380,46.2526,242.1363,223.1062,141.3241,216.9488
156.6905,35.1646,251.9646,43.5765,235.7419,227.3157,140.4678,218.9037
170.5417,25.2764,254.9459,41.7665,216.5026,238.5375,132.0984,222.0474
158.1537,29.6227,252.5835,39.3812,233.2304,226.6554,138.8006,216.8970
155.9995,23.3371,253.7594,33.7783,233.0091,228.0616,135.2492,217.6204
157.0266,19.7885,252.5769,31.6770,227.6939,231.6661,132.1436,219.7776
151.9320,19.2611,253.0335,29.8090,232.2604,228.9183,131.1589,218.3704
153.5015,20.5124,250.6817,30.4587,230.3476,229.1337,133.1674,219.1874
155.4083,20.7269,254.8059,32.6224,231.0652,230.9978,131.6676,219.1024
157.8269,26.8839,245.9175,36.1730,225.0549,234.0186,136.9642,224.7296
159.0052,26.7511,247.9732,36.3308,226.7841,233.1166,137.8162,223.5369
156.8421,31.6403,239.0495,36.7723,226.7432,233.9025,144.5358,228.7705
154.0788,41.3372,236.8259,44.8487,228.7187,235.8940,145.9716,232.3826
148.8890,69.2645,241.8331,72.8584,235.5300,235.8687,142.5859,232.2749
146.3061,77.8154,238.6590,78.1896,238.0235,235.0192,145.6706,234.6450
239.9901,237.4089,148.8330,238.0615,147.7162,82.0655,238.8733,81.4129
241.3305,239.5883,149.3437,242.8228,143.9321,88.9179,235.9189,85.6835
235.1007,243.2210,159.2754,250.8160,143.3214,91.5362,219.1467,83.9412
235.5968,243.2982,159.4655,252.5254,140.5836,96.7359,216.7148,87.5087
237.8317,243.3795,157.5574,255.3814,134.9253,104.0068,215.1995,92.0050
238.8488,243.7471,155.8961,256.5801,132.5914,105.9387,215.5441,93.1057
237.9350,243.7688,152.5095,257.3501,127.8746,102.3986,213.3001,88.8173
235.8988,244.2200,148.7295,254.9807,130.4747,107.1031,217.6440,96.3425
233.0353,243.1259,144.3945,250.4045,132.2006,101.9043,220.8414,94.6257
145.8193,103.1297,230.3187,104.9141,227.2997,247.8822,142.8003,246.0979
150.9058,100.3314,229.4305,103.8462,222.9466,248.7012,144.4219,245.1863
161.4713,100.8089,234.7458,108.1069,220.2760,253.3881,147.0015,246.0901
163.4192,92.7532,236.0419,100.1435,220.5522,252.3573,147.9296,244.9671
166.4102,90.6665,233.3972,95.8743,221.3833,250.4080,154.3963,245.2002
177.3327,99.2392,234.2357,105.9118,217.3483,249.9251,160.4452,243.2524
185.3810,87.1816,237.6675,94.3462,216.2178,250.8835,163.9313,243.7188
190.8506,77.5193,238.2504,84.0941,215.4431,248.5198,168.0432,241.9450
197.4632,75.6554,238.9821,81.9940,214.5235,242.2027,173.0046,235.8642
198.4525,77.2931,241.2616,81.3413,225.8553,244.2581,183.0463,240.2099
197.3472,80.5099,246.6136,83.8989,235.8390,240.5288,186.5725,237.1397
198.7204,84.6209,259.0900,89.9675,245.8058,239.9627,185.4362,234.6161
196.6582,87.0885,263.3525,93.6855,248.4892,243.9522,181.7949,237.3552
254.5294,236.5853,187.3857,238.0413,184.3402,97.6060,251.4840,96.1499
255.0324,236.7318,189.2545,238.9683,184.4763,98.4335,250.2542,96.1971
259.8885,233.6047,189.8227,238.4700,180.1773,99.5673,250.2431,94.7020
260.7011,232.5954,190.7785,238.0015,179.6474,94.0334,249.5700,88.6272
190.5892,90.2478,267.1119,91.7933,264.2043,235.7639,187.6816,234.2185
198.5492,88.1787,268.2401,92.1013,259.9230,239.8674,190.2321,235.9448
205.9451,86.7639,275.7941,94.0858,260.4688,240.2848,190.6198,232.9629
203.8262,86.8944,265.0724,89.2370,259.4922,235.1303,198.2460,232.7878
206.9987,82.6551,261.7484,83.3606,259.8155,233.3481,205.0658,232.6426
214.8009,85.0721,265.6665,87.0491,260.0866,230.6139,209.2210,228.6369
217.8920,84.6735,270.7773,85.3491,268.9913,225.1431,216.1060,224.4675
274.5139,227.2454,224.4938,230.2000,216.2956,91.4120,266.3157,88.4573
279.8845,226.0156,229.3434,230.8600,216.3967,95.7889,266.9377,90.9445
286.1667,225.1609,238.3152,231.4928,220.3921,96.0441,268.2436,89.7122
295.1929,224.4089,241.3220,233.1261,219.4916,98.2187,273.3625,89.5014
305.8364,223.9107,247.0437,235.8360,219.0103,97.6289,277.8030,85.7036
307.5383,223.2908,254.3520,236.8276,217.7308,92.9423,270.9171,79.4055
309.3118,221.8239,258.2542,237.0972,213.3452,86.9698,264.4028,71.6964
308.4396,221.1778,260.6862,234.3680,218.6195,82.0710,266.3729,68.8808
304.6090,220.5836,261.8067,232.3734,219.3177,78.1181,262.1199,66.3284
299.9088,220.4155,258.3795,230.2120,222.1040,76.4326,263.6333,66.6361
298.0134,219.0323,254.0222,228.6019,221.2717,78.0485,265.2629,68.4789
292.8262,217.8907,247.6104,226.5316,218.7330,75.4237,263.9489,66.7827
287.7260,215.8657,239.1797,224.2055,213.5846,75.2156,262.1310,66.8758
282.0072,215.5041,230.3295,222.5481,210.3986,76.3267,262.0763,69.2827
277.1934,214.8210,220.3849,221.1660,205.0272,83.6653,261.8358,77.3203
268.7022,214.1606,211.2710,217.8121,202.7226,83.3629,260.1538,79.7114
261.4702,215.9947,206.6078,218.0379,201.6453,84.7875,256.5077,82.7443
256.1527,216.6100,201.3811,217.6353,198.9612,88.3715,253.7328,87.3461
201.3968,87.4710,254.6088,88.5754,251.9320,217.5477,198.7200,216.4433
200.5518,90.5937,255.8678,93.6430,248.9876,218.4535,193.6716,215.4042
197.9800,94.1888,251.3990,95.8784,247.5737,216.8179,194.1548,215.1283
196.8343,97.6102,258.3548,100.5708,252.7515,217.0023,191.2310,214.0416
192.6194,99.5560,258.4433,102.5871,253.2472,215.4238,187.4234,212.3927
252.0111,212.3804,195.3760,215.9238,188.3308,103.3161,244.9659,99.7728
252.6687,210.7796,199.3442,218.4566,183.2964,106.9892,236.6208,99.3122
257.5927,205.3521,202.1206,220.6250,172.7175,113.8318,228.1896,98.5588
260.2426,208.4291,208.9305,224.7355,174.3946,116.0602,225.7068,99.7538
262.4969,207.8368,206.7813,223.1763,176.6658,113.7920,232.3815,98.4524
264.7963,207.7084,211.2544,225.7982,174.5312,117.1057,228.0731,99.0159
271.4523,203.4054,210.4645,224.6698,173.9822,120.0360,234.9700,98.7716
267.4561,202.6229,211.8503,224.6939,170.4266,120.3311,226.0323,98.2600
241.2361,204.6132,199.6853,210.7393,183.6624,102.0623,225.2132,95.9362
241.9972,205.7762,206.9126,213.8428,181.6983,104.1762,216.7829,96.1096
242.7426,205.3349,210.9210,214.0748,180.9046,104.7861,212.7262,96.0462
251.0727,203.5222,216.9546,217.1115,175.3856,112.7456,209.5037,99.1564
251.7127,206.1197,217.0091,219.9795,174.2617,112.9448,208.9653,99.0849
248.2601,203.9577,212.6365,217.1276,174.2477,113.2893,209.8713,100.1194
251.1640,208.0312,213.8731,222.0812,174.1309,116.5994,211.4218,102.5493
251.4718,209.8636,212.2747,223.4541,174.6933,115.0635,213.8904,101.4730
249.6456,212.0669,210.4352,224.6320,174.5896,112.7728,213.8000,100.2077
248.3505,212.3650,210.4285,224.6038,174.5810,113.5294,212.5029,101.2907
250.0673,212.1173,210.4662,225.5275,173.1443,115.3140,212.7453,101.9038
250.4123,212.5724,212.9171,225.0060,175.0265,110.7425,212.5217,98.3088
281.3754,188.7974,218.4706,225.8376,162.3640,130.5526,225.2688,93.5124
278.0420,190.3929,224.3688,227.1714,161.0600,134.7808,214.7332,98.0024
265.5055,202.2032,222.3106,223.1366,173.1368,121.6694,216.3317,100.7361
258.3205,211.8717,221.5045,226.3204,179.8742,120.2444,216.6902,105.7957
262.3419,213.1693,224.3081,229.5004,178.8138,123.5471,216.8476,107.2161
266.0529,210.8538,224.1884,229.6653,179.3935,129.9757,221.2580,111.1642
275.2042,204.1064,224.2731,229.6203,175.1748,131.6100,226.1059,106.0960
278.0636,204.8269,226.2495,231.2668,175.0660,130.9627,226.8801,104.5228
279.6118,206.2431,231.2675,231.9149,177.3511,130.3813,225.6954,104.7095
279.5860,210.0417,234.7731,233.2012,179.2200,125.7076,224.0330,102.5482
284.3120,205.6375,237.1482,232.5507,178.1557,129.1699,225.3194,102.2567
284.4737,205.9946,237.4969,230.9539,181.4279,125.4244,228.4048,100.4651
283.0173,204.8935,238.8796,229.9303,180.1661,126.4232,224.3038,101.3864
279.2496,203.1900,237.7454,228.4356,176.4234,127.6209,217.9276,102.3753
275.9620,203.3150,235.0375,226.7169,174.9728,121.6776,215.8974,98.2757
266.7918,204.7538,228.6859,222.7589,174.4301,107.9316,212.5359,89.9266
257.1811,209.2634,226.0999,220.6886,183.3174,104.3027,214.3987,92.8775
253.8938,209.2538,220.8741,220.7337,180.4827,104.5548,213.5024,93.0750
251.5724,212.5782,217.6698,221.7864,183.8573,97.2966,217.7599,88.0883
256.5895,203.8597,212.7858,214.1667,185.5606,98.4626,229.3643,88.1556
247.5158,207.9353,206.9763,215.0152,184.0786,83.9024,224.6181,76.8225
244.9054,211.5413,205.7724,217.7863,183.1759,76.1893,222.3089,69.9443
241.3952,214.8120,201.5981,219.1126,186.0703,75.4215,225.8674,71.1209
235.0668,216.7239,197.4995,218.4148,190.4850,62.5726,228.0524,60.8817
235.6434,213.5545,196.2231,214.2264,193.8665,75.9650,233.2868,75.2931
196.2493,67.9279,237.3625,68.0738,236.8613,209.3209,195.7480,209.1750
235.8413,208.1142,196.2304,208.5300,194.7294,65.5378,234.3403,65.1221
242.2657,207.5040,198.5831,209.4383,192.0361,61.5832,235.7187,59.6489
243.1996,211.7202,199.1827,212.8448,195.4025,64.8931,239.4194,63.7685
201.4559,67.5154,251.2349,68.5246,248.3320,211.7047,198.5530,210.6955
206.3642,64.1843,261.7780,68.2204,251.1721,213.8347,195.7582,209.7985
207.8378,64.4174,265.0230,67.8720,256.2192,213.6063,199.0339,210.1518
214.0506,66.6651,273.1780,72.0933,260.1048,214.4944,200.9774,209.0662
215.7678,71.5221,278.4064,77.3122,265.7962,213.7307,203.1576,207.9405
220.4542,75.0912,290.6080,84.5173,272.6304,218.3150,202.4766,208.8888
229.7682,68.8569,302.8005,82.3767,276.7706,222.9876,203.7383,209.4679
232.9715,71.5264,309.0313,85.6791,283.9694,220.3673,207.9096,206.2146
230.8199,77.7665,309.2118,88.0735,292.7866,212.9983,214.3948,202.6913
228.2416,80.1953,309.5652,86.4354,300.2313,208.0779,218.9077,201.8377
229.6757,83.9410,310.5269,86.1464,307.3638,202.1033,226.5126,199.8978
313.2979,201.9956,233.5973,206.4799,226.5633,81.4633,306.2639,76.9791
319.4210,202.0275,241.6153,212.5946,223.7553,81.0920,301.5610,70.5249
325.0122,203.3879,250.5064,218.1737,222.8036,78.5784,297.3095,63.7927
330.2036,202.0000,252.8394,215.1121,227.7741,67.2212,305.1383,54.1091
334.3496,201.9401,264.0294,218.4884,228.1843,66.1685,298.5045,49.6202
334.6203,203.0051,271.9207,219.5782,231.8590,68.0166,294.5585,51.4435
338.0385,201.9469,279.7913,218.9584,236.2956,70.0292,294.5428,53.0177
340.7248,199.1866,288.9961,217.5386,237.1438,71.3825,288.8725,53.0305
339.8564,194.8398,293.3945,211.2894,243.9383,71.6004,290.4001,55.1507
340.0758,189.7989,298.0717,205.1455,249.4032,71.9390,291.4073,56.5923
343.8851,189.3715,302.8132,205.0296,251.0190,69.1706,292.0909,53.5125
343.6653,187.4972,306.5402,202.3804,253.4732,70.0084,290.5983,55.1252
343.4827,188.2850,311.1648,201.7220,254.7477,66.0312,287.0656,52.5942
343.2321,187.7049,311.4000,200.5562,255.2456,61.4638,287.0778,48.6125
344.9029,196.9259,311.2570,208.9978,257.8984,60.2804,291.5442,48.2085
348.1695,195.9259,307.7220,209.1555,258.2931,58.0337,298.7405,44.8042
350.4532,201.7896,304.8855,214.8522,258.8660,54.3181,304.4337,41.2555
351.4272,202.5876,301.3686,216.0204,257.5683,52.7950,307.6269,39.3622
347.7604,205.7556,299.3458,218.7980,253.6148,49.0406,302.0294,35.9982
343.8876,207.0881,294.0761,218.5336,254.4385,46.0290,304.2500,34.5834
339.3947,209.3504,287.9136,218.7507,255.9400,43.6459,307.4212,34.2456
340.0687,217.4489,284.3360,225.1312,259.4478,44.5739,315.1805,36.8917
337.3853,212.6812,281.3111,220.9219,253.6855,32.9410,309.7597,24.7003
334.8444,220.0433,280.6516,227.8405,252.1691,29.8790,306.3618,22.0818
333.0805,218.9979,278.0927,226.5527,250.8701,28.4141,305.8579,20.8592
332.7597,215.7001,275.2206,222.9975,250.9379,31.5312,308.4771,24.2338
333.3833,217.3958,272.9109,225.4015,247.9004,36.4801,308.3728,28.4744
334.8053,223.7365,270.4401,232.5035,243.7553,36.5904,308.1205,27.8234
333.6237,227.9368,263.3601,236.3075,241.2387,50.6205,311.5023,42.2499
338.1522,232.2568,257.9446,242.0305,234.4785,49.4549,314.6860,39.6813
337.1699,236.0517,250.7839,244.4688,231.6796,48.3973,318.0656,39.9803
337.3772,240.4955,242.8510,250.1405,221.8535,44.3547,316.3797,34.7097
339.7473,244.8360,228.9565,248.6819,221.6017,36.8095,332.3925,32.9636
337.1994,241.8695,219.8173,250.1312,204.7258,35.7101,322.1079,27.4484
339.0705,252.4281,210.3060,260.1342,198.0263,54.9465,326.7908,47.2404
350.2697,261.2896,193.3935,280.1005,172.3745,104.8097,329.2507,85.9988
336.9662,268.0334,202.7688,288.0212,171.3291,76.9368,305.5264,56.9490
322.3998,267.7764,207.3081,285.8624,171.0457,55.1035,286.1374,37.0176
311.4818,265.1670,206.6705,283.9879,163.6367,44.3381,268.4480,25.5172
306.2385,268.3374,209.7794,291.4924,150.0363,42.6147,246.4953,19.4597
309.5872,265.5208,191.6375,287.6085,144.0323,33.3934,261.9821,11.3057
284.6882,266.9253,189.9936,288.1599,130.0134,20.6809,224.7080,-0.5536
279.3547,262.3920,150.8273,269.7065,135.5432,1.1411,264.0706,-6.1734
133.2551,-0.6450,266.8375,0.6662,264.2593,263.3397,130.6770,262.0286
122.9899,-0.9515,250.5317,0.9941,246.5138,264.3894,118.9721,262.4438
215.3258,268.6638,117.9373,271.2001,110.8818,0.2920,208.2703,-2.2444
115.4691,-5.0839,221.5124,4.1215,198.0559,274.3308,92.0127,265.1254
118.9434,-10.8812,230.6763,8.9165,184.9546,266.9586,73.2216,247.1609
116.0960,-11.6362,223.6999,11.4855,168.7003,267.4431,61.0964,244.3214
116.8423,-14.7854,228.8114,15.5284,161.1725,265.3644,49.2034,235.0506
116.2298,-10.2986,225.3982,22.5384,151.6104,267.8497,42.4421,235.0127
115.8488,-7.4910,230.9536,29.8170,152.9354,270.5228,37.8307,233.2147
107.4496,0.3705,211.1872,30.4123,140.5212,274.4298,36.7836,244.3880
103.1930,18.3893,203.4715,49.5216,132.2178,279.0326,31.9393,247.9002
91.8185,29.6347,188.8042,54.0022,130.3222,286.7679,33.3365,262.4004
93.6148,36.9493,198.0404,68.1949,133.2166,284.8416,28.7910,253.5960
95.9671,39.2886,197.6186,71.7727,126.4974,294.3298,24.8459,261.8457
101.8104,44.1340,200.6003,80.2667,120.5653,299.0894,21.7754,262.9567
103.4420,51.4273,199.1236,89.3658,114.7163,302.2423,19.0347,264.3038
112.4273,56.6098,200.2160,96.2756,107.1599,302.2284,19.3712,262.5627
116.7312,60.7934,198.2738,99.5851,102.0459,301.8625,20.5033,263.0709
120.3887,67.0722,193.7167,103.6603,97.3015,296.8905,23.9735,260.3024
126.5381,70.2495,188.7314,102.2522,90.8165,292.5379,28.6231,260.5352
126.0449,70.8246,189.0546,103.0472,92.5289,291.7979,29.5192,259.5752
140.7337,66.7781,189.8598,95.6852,86.2199,271.8158,37.0937,242.9086
139.8049,67.0126,190.0559,95.9752,87.9974,273.0499,37.7463,244.0873
141.3360,72.0398,194.3382,103.9648,94.4531,269.7950,41.4509,237.8700
140.3461,73.1909,192.1718,104.0106,93.6448,269.6912,41.8192,238.8715
144.6464,71.4434,196.2824,102.3640,97.1286,267.9464,45.4925,237.0257
144.2863,71.4668,195.2267,101.7240,96.8432,267.3604,45.9028,237.1031
150.7586,75.8436,197.0308,104.9297,100.1737,259.0164,53.9016,229.9303
150.0298,73.6636,196.7018,102.5158,99.4236,259.8751,52.7516,231.0229
153.4478,66.2539,198.5779,92.4331,107.1549,250.0361,62.0249,223.8569
156.8815,58.3635,203.2416,85.5388,108.6725,246.8704,62.3125,219.6951
160.1418,54.8713,202.9630,78.6903,118.1443,231.1752,75.3231,207.3562
160.4646,51.4063,206.0059,76.5059,121.2221,230.3400,75.6808,205.2404
168.5721,55.9933,206.3798,76.5786,125.0471,225.9569,87.2394,205.3716
163.2859,53.2709,205.5364,74.9700,129.8770,222.2872,87.6265,200.5881
155.8019,56.2271,205.9972,78.6528,136.7759,233.5904,86.5805,211.1646
158.1240,60.0595,205.5418,82.0212,134.5169,235.3720,87.0992,213.4103
140.3326,73.2131,206.2032,97.7533,153.8366,238.3155,87.9660,213.7753
138.0363,71.2986,204.1497,94.7460,153.6770,237.0609,87.5637,213.6135
139.2980,69.0428,210.5095,93.5926,161.6216,235.4022,90.4100,210.8524
138.4604,70.9770,209.8667,95.5766,161.9866,234.5604,90.5803,209.9608
143.2862,67.8263,210.7476,94.5592,154.7509,235.8687,87.2896,209.1358
144.9300,66.9828,211.7298,93.6211,154.6864,236.6667,87.8866,210.0285
157.0016,62.5256,213.0326,90.3447,143.2147,230.9664,87.1836,203.1472
155.2379,62.4323,211.7717,89.8372,143.2877,231.1133,86.7538,203.7084
160.3967,62.0135,213.9507,93.6481,143.3536,213.1617,89.7996,181.5272
159.9375,63.6812,213.7942,96.1545,142.7984,213.9003,88.9417,181.4270
160.6080,61.9822,211.4568,97.4560,134.1178,208.3154,83.2689,172.8415
162.9256,61.7240,212.8964,96.7086,134.3683,208.8755,84.3975,173.8909
157.9544,62.3589,215.9840,103.2681,138.8525,212.6790,80.8229,171.7698
161.0764,60.9659,218.1557,103.1909,137.4784,212.2494,80.3991,170.0244
180.2829,67.6281,214.7418,86.8464,143.3106,214.9248,108.8516,195.7065
179.4736,67.5683,214.3527,87.0283,143.0874,214.7605,108.2083,195.3005
151.6346,60.0993,215.5161,99.3949,147.6163,209.7774,83.7347,170.4817
163.1274,63.3122,210.9464,86.1671,154.0220,205.2689,106.2031,182.4140
177.7639,70.2422,213.2424,86.2074,161.5742,201.0266,126.0958,185.0614
181.3191,68.8464,214.4153,84.0840,159.9207,202.4462,126.8246,187.2086
179.0236,64.6421,218.0500,78.8971,172.1583,204.5371,133.1319,190.2821
182.8803,63.2703,219.1298,77.6568,168.6770,204.7824,132.4274,190.3959
165.7381,58.0413,238.9412,95.7965,182.5041,205.2217,109.3010,167.4664
164.7538,58.5053,237.6876,94.0410,184.0277,204.1729,111.0939,168.6371
152.8083,69.0067,227.5145,82.9707,205.1227,202.7656,130.4165,188.8017
154.3796,69.4166,228.7205,85.3955,203.5165,202.6561,129.1756,186.6772
155.0473,72.7118,232.6324,84.8007,213.4425,207.9599,135.8574,195.8711
157.8141,74.5658,232.8443,87.2839,212.2504,208.7772,137.2202,196.0590
168.0203,77.7148,236.8107,90.5943,213.4388,215.4252,144.6484,202.5457
173.6658,77.2284,245.8736,97.6269,211.2242,220.2802,139.0164,199.8817
184.0844,75.9165,251.0181,98.4891,207.5584,227.3582,140.6247,204.7856
183.1346,77.0550,250.3460,98.9400,208.8577,226.3556,141.6463,204.4706
182.5890,82.8055,256.3038,108.7129,214.8573,226.6416,141.1425,200.7343
185.7105,79.7226,258.7878,106.7313,214.4140,226.7937,141.3366,199.7850
191.4908,79.3508,269.7496,115.2491,214.7135,235.2284,136.4547,199.3300
192.0198,78.7203,269.3875,114.1113,214.8938,233.2391,137.5261,197.8482
176.2769,83.2245,263.5613,110.2159,229.5867,220.0827,142.3023,193.0914
180.8004,79.4098,265.2812,107.4241,227.5110,221.3250,143.0302,193.3106
179.5016,68.9475,265.5334,92.7473,231.9387,214.1861,145.9069,190.3864
177.4143,71.0322,261.6362,91.9650,232.2092,210.3628,147.9873,189.4301
240.5014,208.9380,160.2991,212.2301,154.7570,77.2158,234.9593,73.9236
238.1049,209.0462,157.8149,209.2243,157.5193,75.9268,237.8092,75.7487
235.6277,209.9201,171.6180,214.4708,160.7782,61.9990,224.7879,57.4483
