1
367.0255,292.9533,299.9807,297.3367,285.4673,75.3507,352.5121,70.9673
367.8279,289.6217,298.2839,295.4572,279.8462,75.7294,349.3903,69.8939
358.8590,285.0409,289.7330,287.4601,282.2607,73.9509,351.3867,71.5316
353.6118,291.3377,280.0595,293.2332,274.4343,74.9491,347.9866,73.0537
278.8775,73.3240,350.9198,73.8363,349.3311,297.2371,277.2888,296.7248
347.7087,297.9327,272.0625,298.0369,271.7556,75.2243,347.4018,75.1201
353.4365,290.9853,272.8834,295.5941,260.5181,79.4734,341.0711,74.8646
347.6671,291.2037,269.6150,294.1093,261.5620,77.7849,339.6141,74.8793
351.0167,289.3800,269.1761,292.9894,259.7213,78.6060,341.5619,74.9966
346.3513,296.9379,265.5460,299.4727,258.6804,80.6092,339.4858,78.0744
340.1888,294.4007,263.5908,295.4393,260.6686,79.9261,337.2666,78.8875
338.1910,300.4627,259.6733,300.8488,258.5870,79.9595,337.1048,79.5734
337.8123,297.9219,256.4799,298.8643,253.9865,83.6768,335.3189,82.7345
260.3343,81.8111,339.1609,83.2631,335.2434,295.9364,256.4168,294.4844
262.4377,80.8775,339.2037,84.3746,329.3261,301.2001,252.5601,297.7030
256.7329,82.5222,342.3476,87.8488,329.2639,298.1422,243.6493,292.8156
254.7618,83.8701,334.5804,88.2056,323.0995,299.5741,243.2809,295.2385
249.2734,91.4890,329.6537,94.8100,321.4072,294.4030,241.0268,291.0819
251.7879,100.6920,331.2440,107.9678,314.1664,294.4655,234.7103,287.1898
263.1515,114.4198,337.5341,128.5410,305.2909,298.3795,230.9083,284.2582
264.4996,118.4370,340.5164,136.4458,301.3081,301.9466,225.2914,283.9378
261.7107,113.9220,336.9411,128.9162,302.7752,300.3373,227.5448,285.3432
278.0367,120.8176,359.8370,153.8713,292.7976,319.7780,210.9973,286.7243
279.4195,127.4339,358.0564,163.2087,286.0103,321.5734,207.3735,285.7985
281.2296,123.4033,357.0962,159.1815,281.9120,318.6071,206.0454,282.8289
276.6780,129.2158,350.2528,163.7698,276.5388,320.7271,202.9639,286.1732
280.0765,128.5819,351.9818,163.5178,274.6552,322.6713,202.7500,287.7354
282.9951,126.8064,351.8045,160.2828,275.9428,316.2135,207.1335,282.7371
278.4637,120.9602,340.8108,145.2318,277.5217,307.8038,215.1746,283.5321
292.8306,102.8039,348.9327,124.2884,278.1371,309.1563,222.0350,287.6718
292.1168,95.7818,349.5603,115.3046,283.7342,308.9895,226.2907,289.4667
287.0500,125.3439,346.7892,147.1727,283.7996,319.5573,224.0604,297.7285
286.0680,123.1680,346.0895,143.9790,285.8535,317.7069,225.8321,296.8959
286.7258,119.0502,351.2617,142.5811,287.4349,317.6320,222.8990,294.1010
289.5533,120.1479,364.8151,152.4147,290.9155,324.7847,215.6537,292.5179
288.1084,121.9663,351.9499,147.5111,282.2827,321.6230,218.4412,296.0782
282.8602,121.8069,349.9575,147.2054,283.3178,323.2532,216.2205,297.8548
284.4027,124.6854,373.5856,162.3525,301.4448,333.1575,212.2618,295.4904
283.7249,124.4758,372.3058,161.0541,301.5374,332.4323,212.9565,295.8540
309.4779,123.3600,365.0998,160.7701,253.6279,326.5081,198.0060,289.0981
289.8333,162.8385,337.5765,200.8403,237.3784,326.7230,189.6353,288.7211
302.0298,145.9881,350.8260,186.3573,236.6129,324.4122,187.8167,284.0431
275.2801,155.5900,364.5471,214.3094,280.3153,342.3611,191.0483,283.6417
331.8668,123.9002,418.0044,208.4515,303.5322,325.0714,217.3946,240.5201
287.1640,107.9177,381.6443,111.8720,373.6806,302.1493,279.2003,298.1950
298.6022,98.0905,414.7524,142.0432,351.4621,309.2953,235.3119,265.3426
304.8195,80.2669,399.9953,102.8173,352.3897,303.7406,257.2139,281.1902
306.9120,75.7378,398.2552,95.9165,352.1711,304.5269,260.8279,284.3482
295.0108,72.9738,382.8001,81.9181,360.4505,301.2825,272.6612,292.3383
299.3474,68.3063,378.3982,79.4945,347.0865,300.7297,268.0357,289.5415
301.0215,67.0796,380.6160,79.3530,346.2654,302.1202,266.6710,289.8468
304.5342,75.2680,379.0235,90.1013,336.3428,304.4330,261.8535,289.5997
314.4569,65.7032,388.7688,85.4040,329.9191,307.3865,255.6072,287.6857
311.9693,70.4148,390.4867,92.2487,330.4379,308.1905,251.9206,286.3565
318.5527,61.1275,397.5060,84.7757,330.2680,309.2600,251.3148,285.6118
316.4036,73.4811,393.6982,97.6075,326.2249,313.7741,248.9303,289.6477
312.7811,73.0092,388.2737,94.4196,326.4945,312.2514,251.0019,290.8410
313.8097,83.1665,392.0669,105.6537,331.8579,315.1855,253.6008,292.6983
314.2870,87.5577,404.4438,116.4897,339.4636,318.9788,249.3067,290.0469
317.7146,88.7270,407.2197,119.1066,338.5541,321.4110,249.0490,291.0314
319.2330,92.6150,412.6603,129.4289,336.6382,322.3601,243.2109,285.5462
320.8127,125.8150,409.8954,178.2478,317.9551,334.4532,228.8724,282.0204
314.6993,124.0702,407.5929,172.1210,325.7791,330.2863,232.8855,282.2355
300.0056,128.8497,406.8557,183.6977,329.8308,333.7509,222.9807,278.9030
339.4896,80.6981,409.4053,85.7780,395.2581,280.4889,325.3424,275.4090
347.1567,75.0711,412.6807,81.1855,395.2191,268.3108,329.6952,262.1964
328.6221,87.8646,405.0752,90.3147,398.7052,289.0864,322.2521,286.6363
398.3850,284.9514,323.6977,285.0225,323.5178,96.1103,398.2051,96.0392
423.1098,249.3519,345.2298,296.0366,265.7304,163.4147,343.6105,116.7300
402.0381,285.2184,325.9174,287.1132,321.1095,93.9611,397.2302,92.0664
409.9266,281.4850,325.5393,290.8070,303.4803,91.1171,387.8676,81.7951
410.6681,279.6799,324.0897,289.2866,302.2149,92.1442,388.7933,82.5375
410.5541,279.0673,331.1023,289.8559,303.8175,88.9200,383.2693,78.1314
409.9857,282.4969,327.0608,298.4632,288.2895,97.0949,371.2144,81.1285
409.8960,279.9301,329.3315,295.3958,291.2147,96.8359,371.7792,81.3702
412.6255,279.9290,326.2821,295.9211,289.1542,95.4615,375.4977,79.4695
299.1737,85.1376,380.6125,88.6419,372.5628,275.7118,291.1240,272.2075
309.3276,80.2821,402.4429,104.9141,353.5708,289.6630,260.4555,265.0310
306.1489,75.5826,375.4583,80.8880,359.5130,289.1960,290.2036,283.8905
312.8440,82.9477,390.7026,99.8203,351.0464,282.8134,273.1877,265.9408
312.8010,82.6360,391.3593,100.9182,348.6922,284.2573,270.1339,265.9750
305.7114,84.6933,383.6506,95.8358,355.4954,292.7734,277.5562,281.6308
304.2336,84.2661,369.3186,85.8095,364.5403,287.3047,299.4553,285.7613
303.7444,83.1188,372.6052,84.9742,367.0314,291.8308,298.1706,289.9754
371.6932,290.8400,303.6914,291.1270,302.8065,81.4832,370.8083,81.1961
377.1351,280.0200,307.8416,283.2774,298.5774,86.2012,367.8709,82.9439
375.3698,269.2372,309.0313,273.1552,298.1603,89.0900,364.4988,85.1721
380.3865,267.4180,310.4582,273.4043,294.7901,90.3805,364.7184,84.3941
389.3983,261.3473,314.1011,270.2876,293.0903,93.3303,368.3875,84.3900
388.9825,262.5576,314.5732,271.1418,293.8773,91.7473,368.2866,83.1631
392.0287,260.5113,316.8987,268.7830,297.0311,88.3288,372.1611,80.0572
394.4439,256.4737,319.5436,266.9950,294.2506,86.9360,369.1510,76.4148
395.8044,256.3362,320.6341,267.3550,294.3548,88.0773,369.5251,77.0585
395.5032,257.2171,322.1616,267.2168,297.0909,83.3389,370.4325,73.3392
395.2486,266.8201,327.0814,274.6161,304.6722,78.6736,372.8394,70.8775
394.7188,267.8249,327.9433,275.9394,304.2407,80.8860,371.0162,72.7715
396.2787,274.2117,325.8454,282.7561,300.7913,76.2305,371.2247,67.6861
393.7101,272.7581,319.1206,281.8648,292.9687,67.6640,367.5580,58.5573
391.8777,274.0578,320.9379,283.4877,292.6083,70.3684,363.5480,60.9385
391.6171,279.3420,323.1151,289.2099,290.4790,62.6544,358.9810,52.7865
407.2103,282.1136,320.5970,291.1737,295.5179,51.4214,382.1313,42.3613
406.8379,284.3952,321.4844,293.4285,296.8272,60.4481,382.1807,51.4148
397.3940,285.4733,309.8905,290.1132,297.2407,51.5550,384.7442,46.9151
300.2924,44.9028,388.6442,47.4759,381.5988,289.3941,293.2470,286.8210
301.1910,45.8433,387.0750,48.5641,379.4420,289.5036,293.5580,286.7828
297.0607,49.0951,387.1071,55.5242,370.3362,290.4157,280.2899,283.9865
287.0619,53.4452,382.8077,67.1985,350.7595,290.3084,255.0137,276.5552
290.1049,57.8653,383.8884,73.3762,347.8447,291.3077,254.0611,275.7968
289.9975,50.8544,381.5222,66.3427,343.7044,289.8198,252.1796,274.3315
294.6579,54.9314,383.6138,73.8485,337.8669,288.9697,248.9110,270.0526
306.3653,58.5482,402.7081,92.4517,333.6611,288.6606,237.3184,254.7571
303.6762,72.5629,401.2662,110.1746,335.9274,279.7074,238.3374,242.0957
282.1323,75.9400,380.4183,84.4146,363.9654,275.2320,265.6794,266.7574
316.0018,63.5334,413.8696,119.6259,317.4005,287.9411,219.5326,231.8486
291.4524,74.2277,376.7954,80.4752,362.4555,276.3653,277.1125,270.1179
295.8707,78.6744,394.9132,140.4272,302.6796,288.3565,203.6371,226.6037
309.0478,67.7145,402.2505,122.3369,306.5965,285.5522,213.3938,230.9298
295.7860,81.0571,390.7805,137.0173,301.7733,288.1102,206.7788,232.1501
287.3101,68.1073,377.0883,91.1490,325.8693,290.7149,236.0911,267.6732
291.6338,67.3847,379.3071,94.2000,318.4171,293.2816,230.7438,266.4663
292.5545,63.5978,375.7739,81.8088,330.8757,286.9818,247.6563,268.7708
300.7613,58.6131,375.9250,70.3105,342.5596,284.7065,267.3959,273.0092
299.7871,55.8507,374.6013,66.7094,343.2536,282.6882,268.4394,271.8295
306.5648,46.6891,376.1318,54.9293,348.9545,284.3698,279.3875,276.1295
308.6733,47.9517,374.0899,50.9575,363.3719,284.2210,297.9552,281.2153
380.7186,287.9406,299.1567,289.3129,295.2654,58.0289,376.8272,56.6566
308.1055,44.6483,376.8691,45.2827,374.6718,283.4254,305.9082,282.7909
378.0955,280.5511,314.4031,281.3557,311.4321,46.1745,375.1245,45.3699
378.4194,279.5067,314.4878,280.2397,311.8026,46.0351,375.7342,45.3021
387.6569,279.0389,323.0436,283.5755,306.6390,49.9307,371.2523,45.3941
398.2906,276.5516,325.5856,286.3643,295.8308,65.9031,368.5358,56.0904
394.8089,276.2929,322.6838,284.2674,298.2364,63.1548,370.3615,55.1803
401.7548,275.2786,325.1954,286.8568,292.2236,68.8360,368.7830,57.2577
413.5349,275.2505,331.4303,295.1264,280.2417,83.6741,362.3463,63.7981
418.0586,276.6597,335.6744,299.7567,277.3413,91.6890,359.7254,68.5921
421.1945,276.4971,338.2819,302.8606,271.7633,93.6614,354.6759,67.2979
416.3339,272.3853,335.7555,299.7154,268.0782,100.1803,348.6566,72.8501
422.4515,271.9901,340.7600,302.9986,265.6400,105.0961,347.3316,74.0876
402.0123,274.3633,328.0721,294.1250,275.9460,99.0906,349.8863,79.3289
411.2723,273.5969,334.2752,298.5927,271.6379,105.6452,348.6350,80.6494
395.7458,269.6772,321.6505,287.1593,277.9921,102.1200,352.0873,84.6379
412.6753,275.1874,336.5426,300.8167,272.5024,110.5830,348.6351,84.9538
421.9324,276.5941,349.4886,305.8385,272.9128,116.1465,345.3566,86.9020
418.1270,277.4869,346.4143,304.8790,272.6300,111.7111,344.3427,84.3190
424.9307,271.2348,353.0866,302.5979,272.0120,116.8786,343.8561,85.5155
433.3077,269.6413,365.0872,304.0382,272.1247,119.6624,340.3452,85.2655
431.1284,269.6693,363.5438,303.5663,270.9717,118.9942,338.5563,85.0972
438.6236,269.7220,370.0509,306.6483,270.3292,121.4639,338.9020,84.5375
436.4099,265.1400,372.6179,300.4174,270.8327,116.3590,334.6248,81.0817
438.7238,260.2458,375.2437,300.0385,262.4008,120.0231,325.8810,80.2305
431.1055,259.3738,369.0234,293.8528,269.5638,114.7677,331.6458,80.2888
426.6368,262.0833,370.1585,295.5008,259.9885,109.3046,316.4668,75.8871
424.8640,263.1830,368.5912,295.4154,261.8843,109.1221,318.1571,76.8896
416.9602,263.4787,363.3235,292.2990,261.7155,103.1989,315.3522,74.3786
399.7346,266.3492,327.6559,291.9640,256.5331,91.8279,328.6117,66.2131
394.8047,266.1526,331.0539,287.7715,263.3142,88.0186,327.0650,66.3996
390.7613,268.3160,327.4883,288.5226,261.4958,81.8805,324.7688,61.6738
384.4431,265.9253,318.9644,284.8591,257.9863,73.9783,323.4650,55.0446
383.9586,267.1152,320.2350,285.4802,259.1726,73.6037,322.8962,55.2387
381.6870,277.0660,312.8400,294.2604,257.2745,71.7741,326.1215,54.5797
374.9766,282.1864,302.5826,298.7687,249.8497,68.5509,322.2437,51.9686
375.2938,279.2629,295.0674,297.7148,242.5679,69.4544,322.7943,51.0025
373.4174,284.5790,295.3051,301.8168,243.5650,67.3579,321.6774,50.1202
366.2351,280.1069,281.2182,295.1226,241.4627,70.0312,326.4796,55.0156
365.4345,279.5952,280.8370,294.4264,241.2006,68.3389,325.7981,53.5078
364.0139,277.8618,278.1927,291.7797,242.3708,70.8923,328.1920,56.9744
356.7361,277.3064,271.8332,289.3252,241.4917,74.9879,326.3945,62.9691
354.2574,274.1961,270.5768,285.4203,241.8497,71.2483,325.5303,60.0242
351.9501,278.1380,268.1503,287.3569,244.6255,73.5174,328.4253,64.2985
343.0186,278.4101,259.3351,282.5978,248.9190,74.4515,332.6025,70.2638
348.9787,278.0952,264.8686,283.7985,250.5420,72.5155,334.6521,66.8122
344.6810,276.8019,259.5318,280.3890,250.8166,73.5103,335.9658,69.9232
325.1461,278.7638,261.5787,282.9535,248.3663,82.4884,311.9338,78.2988
319.3158,276.4335,265.0671,282.0238,244.5900,83.3129,298.8388,77.7226
255.3862,81.6203,312.1284,84.1528,304.1597,262.6936,247.4174,260.1610
261.3286,79.3667,315.8643,83.9781,300.5413,265.1908,246.0056,260.5794
260.3284,81.2400,314.4479,85.1711,301.4424,264.2194,247.3228,260.2883
261.3376,80.0385,315.8514,84.5865,300.9370,263.3539,246.4233,258.8059
267.6470,76.0427,321.3378,80.6230,305.3011,268.6087,251.6102,264.0284
267.9442,75.8402,322.5108,81.0980,304.3008,270.0867,249.7341,264.8289
270.4212,72.6679,325.8767,78.7990,304.6569,270.7312,249.2014,264.6000
269.7803,67.2081,327.7867,71.5995,312.6956,270.9425,254.6892,266.5512
270.1425,67.7893,329.9534,73.2653,311.6215,273.4950,251.8106,268.0190
269.4865,62.2540,329.2757,66.7021,313.8869,273.5497,254.0977,269.1016
274.4951,59.4114,332.7759,63.3037,318.1749,281.9293,259.8941,278.0370
272.5104,59.3435,332.5203,63.1906,318.5421,281.2322,258.5323,277.3851
270.1050,58.4847,334.5036,61.7993,323.0678,283.9829,258.6692,280.6683
334.9297,275.1408,271.2668,275.8438,268.9619,67.1165,332.6248,66.4135
335.2206,273.2347,270.3179,274.9995,264.6973,68.2959,329.6000,66.5311
341.5367,275.8660,277.9360,278.2083,270.2537,69.6097,333.8544,67.2674
345.6899,260.7811,278.4857,265.4581,265.5584,79.7074,332.7626,75.0303
345.0829,262.9065,283.2593,266.9438,270.9976,79.1807,332.8211,75.1433
348.5626,268.6145,286.5499,273.5720,271.2494,82.1795,333.2621,77.2220
352.4154,282.9760,286.4200,288.0853,270.9886,88.7618,336.9840,83.6525
354.9693,281.6267,287.5519,287.5386,270.2591,90.3353,337.6765,84.4235
364.2550,281.6884,296.5136,290.6519,270.4173,93.4309,338.1587,84.4674
364.9407,290.2359,300.8286,297.4380,277.8543,92.9244,341.9664,85.7223
373.8842,290.8745,313.0754,301.8732,276.2715,98.3949,337.0803,87.3962
369.7482,293.4034,302.3578,299.5916,282.8213,86.8362,350.2116,80.6479
373.5415,290.6764,309.0906,298.6982,283.4687,92.8401,347.9196,84.8183
377.8302,290.9581,308.3799,298.7151,284.7291,86.9648,354.1794,79.2078
379.1437,294.9220,309.8843,303.1076,284.2270,86.0173,353.4864,77.8317
374.9743,294.2442,309.8488,301.0715,285.8375,72.0266,350.9630,65.1993
372.0244,293.0035,301.0975,295.2494,293.9242,68.7085,364.8512,66.4627
370.3935,291.3175,296.8092,291.3521,296.7041,67.3484,370.2884,67.3139
297.5998,56.4403,374.5296,59.4833,365.2037,295.2509,288.2738,292.2079
297.1313,53.5236,373.5655,56.8398,363.3289,292.7771,286.8949,289.4608
365.3304,290.4758,290.4339,292.6272,283.7881,61.2662,358.6846,59.1148
285.2450,60.1083,359.6815,62.9278,352.1056,262.9400,277.6690,260.1205
287.9944,62.6819,371.4385,69.7679,355.4741,257.7634,272.0299,250.6774
285.3364,60.1061,353.0707,64.6603,338.4221,282.5283,270.6878,277.9741
293.7011,60.2309,371.0715,75.2499,329.9049,287.3191,252.5345,272.3001
294.8352,61.5629,371.4924,77.5408,328.1023,285.7135,251.4451,269.7355
297.5398,62.2349,369.2463,79.1303,319.5358,290.1092,247.8293,273.2138
296.9705,61.3553,363.4116,74.2282,323.7042,279.1711,257.2631,266.2982
302.3896,58.9833,367.5685,71.3389,327.8369,280.9329,262.6580,268.5773
294.0822,56.1571,376.6609,64.3025,354.1926,292.0889,271.6139,283.9436
286.6051,49.0739,365.1587,51.0267,359.1679,292.0126,280.6142,290.0598
285.2881,51.1486,367.1010,52.9663,361.8118,291.0291,279.9989,289.2114
288.0789,44.2088,365.5099,46.5215,358.2040,291.1224,280.7730,288.8096
290.8214,39.8420,369.2915,45.7349,351.9891,276.1325,273.5190,270.2396
291.6907,40.1062,368.9915,45.2044,353.9228,273.6834,276.6219,268.5852
295.2599,34.7493,370.4460,42.0240,347.7650,276.4399,272.5788,269.1652
300.4642,43.4431,367.6557,50.9498,342.5677,275.5100,275.3762,268.0033
300.2383,38.8553,368.4828,46.2159,343.5019,277.8274,275.2574,270.4668
300.1180,45.6379,370.5630,52.7179,347.6581,280.6180,277.2131,273.5380
301.6715,46.1312,370.8994,52.5417,349.9359,278.9331,280.7079,272.5227
304.2561,49.8276,373.4879,56.4883,352.0578,279.2330,282.8260,272.5722
303.7543,56.1162,371.0500,61.3722,353.9157,280.7519,286.6201,275.4959
302.9842,58.1056,370.8990,62.0803,358.1883,279.2632,290.2734,275.2885
303.6703,57.2169,371.6561,61.0377,359.3435,280.1221,291.3577,276.3013
300.7516,58.2312,373.6721,61.9366,362.7961,275.9722,289.8756,272.2668
303.8962,65.3999,378.9891,68.9825,369.1818,274.5487,294.0889,270.9661
301.4823,65.2577,378.8903,69.0632,368.8813,272.6573,291.4733,268.8518
304.6763,68.1320,386.2678,72.4910,375.5499,273.1049,293.9584,268.7459
307.3055,79.2082,379.5377,80.6828,375.7153,267.9218,303.4831,266.4472
307.0902,81.8885,382.3754,83.9333,377.3949,267.3021,302.1097,265.2573
307.0700,80.4977,379.3047,81.0613,377.8656,265.5293,305.6308,264.9658
309.5246,70.1060,378.0968,70.4687,377.0974,259.3855,308.5252,259.0228
312.3071,60.8475,380.5145,62.0206,377.0668,262.4649,308.8594,261.2917
379.7052,268.5074,311.8148,269.4151,308.9194,52.8544,376.8098,51.9467
384.9985,264.2538,323.8369,269.0724,306.7895,52.6925,367.9511,47.8739
384.6010,265.1879,325.2380,270.2354,306.2798,47.2667,365.6428,42.2193
382.9736,263.9102,326.2808,268.0363,309.8287,41.9798,366.5215,37.8537
385.0072,258.0795,315.0897,258.8944,312.4369,31.2951,382.3545,30.4802
384.8735,259.4320,313.2454,260.1075,311.0550,27.8579,382.6831,27.1823
393.1383,255.7088,317.3013,257.9726,310.7298,37.8318,386.5667,35.5679
403.0651,249.3282,332.9524,255.3530,314.8628,44.8408,384.9755,38.8160
401.3242,247.5034,335.1653,253.5889,315.9881,45.1018,382.1470,39.0163
399.2539,246.6224,336.3483,251.6803,319.7222,44.9012,382.6278,39.8433
399.5731,240.3986,339.6693,245.6817,322.9134,55.6876,382.8171,50.4046
398.0218,244.5001,337.7755,248.9461,323.4558,54.9046,383.7020,50.4586
402.2814,243.6269,339.5233,248.8595,323.5544,57.3351,386.3124,52.1025
405.8572,245.4868,331.1375,248.7644,322.7198,56.8690,397.4396,53.5913
407.2059,248.0437,333.1946,250.9887,325.4811,57.1413,399.4925,54.1963
406.7450,247.0241,328.3864,248.8444,323.9257,56.8162,402.2842,54.9959
330.5316,56.3262,405.2129,59.6842,396.6999,249.0167,322.0185,245.6588
328.3631,56.0459,403.6512,59.8160,393.9928,252.6924,318.7047,248.9224
330.0900,54.3187,406.1621,59.5397,393.0148,251.1006,316.9427,245.8796
341.7151,49.2778,406.2984,57.3303,382.4130,248.8993,317.8297,240.8469
339.9766,48.7915,405.8623,55.8433,385.1372,249.4815,319.2515,242.4297
343.9357,54.7664,406.2622,60.7507,387.4495,256.6831,325.1230,250.6987
343.4477,61.4935,402.6458,65.7567,389.4075,249.5826,330.2094,245.3194
344.7083,60.5657,402.0087,64.7786,388.0839,254.1725,330.7835,249.9595
338.4203,63.0726,400.1764,65.3660,393.3421,249.3955,331.5861,247.1021
403.1192,237.2146,330.1854,240.4230,322.3377,62.0269,395.2715,58.8185
403.6856,246.2729,335.4365,248.6761,328.7687,59.3086,397.0178,56.9055
408.3027,237.4091,339.3423,242.6087,325.8047,63.0647,394.7651,57.8651
413.0861,238.7045,339.6753,244.2887,325.9548,63.9162,399.3655,58.3320
413.3356,240.7014,335.5345,244.8396,325.7500,60.8822,403.5511,56.7440
412.8416,241.0987,334.4397,244.9014,325.4580,59.7159,403.8599,55.9133
332.0443,54.6665,405.5001,55.3499,403.7157,247.1239,330.2599,246.4405
337.6608,55.7381,408.4791,58.3536,401.4047,249.9060,330.5864,247.2905
336.9627,56.5338,407.7376,59.3743,400.1650,248.0614,329.3900,245.2209
336.7116,56.3078,409.7715,59.7672,400.7924,249.4007,327.7325,245.9413
333.4826,66.3814,409.0503,70.9042,398.6485,244.6992,323.0809,240.1764
335.0371,61.7168,407.8042,66.2890,396.4742,246.6067,323.7071,242.0345
338.3167,71.7251,415.6364,86.2390,384.6429,251.3505,307.3232,236.8366
327.6668,71.4954,415.4479,85.6109,391.3381,235.5435,303.5570,221.4279
345.4877,67.9211,414.9266,91.4526,361.9361,247.8217,292.4972,224.2902
338.8741,68.4906,409.8560,90.2877,362.3346,245.0407,291.3526,223.2436
344.6789,71.3837,412.7632,100.7755,356.5868,230.9048,288.5025,201.5130
342.4810,73.1200,409.8946,100.3139,357.8069,229.4397,290.3932,202.2459
339.8092,79.0525,408.2586,105.1582,361.2365,228.4508,292.7870,202.3451
331.1900,88.4750,383.4289,92.0003,373.5968,237.6958,321.3580,234.1705
332.1712,89.4592,381.8775,92.8574,372.1707,234.8402,322.4645,231.4420
329.3308,87.4286,381.7137,91.0831,371.3727,239.3091,318.9897,235.6545
369.7637,243.3929,323.3546,243.8358,321.8160,82.6149,368.2251,82.1720
323.5725,81.9683,365.3606,82.0354,365.1030,242.3442,323.3149,242.2771
327.8101,77.1706,365.9285,79.7668,354.7952,243.2299,316.6768,240.6337
324.5574,80.2696,373.8456,93.3035,334.0094,243.9453,284.7213,230.9114
329.0644,78.9360,379.1069,94.8153,331.6820,244.2714,281.6395,228.3921
328.7407,76.3759,377.9255,93.1155,327.5869,241.0219,278.4021,224.2823
319.9920,73.5443,363.4693,83.7864,325.7180,244.0398,282.2406,233.7977
322.6211,73.7258,367.8305,86.4898,323.6290,243.0497,278.4196,230.2857
318.4599,71.5107,363.7392,84.2827,318.7766,243.6827,273.4974,230.9106
306.2965,63.4245,348.2477,71.1560,315.6970,247.7764,273.7458,240.0449
306.4553,66.0823,349.4613,74.6382,315.9173,243.2454,272.9112,234.6895
301.4769,62.3726,344.1919,68.7914,317.2731,247.9244,274.5582,241.5055
294.4926,64.6978,337.8388,69.4294,319.9161,233.6180,276.5699,228.8864
293.8540,61.5517,338.0493,66.4413,319.7940,231.4454,275.5987,226.5559
291.8185,61.6671,335.0609,66.4249,316.5821,234.3717,273.3397,229.6139
284.3576,69.3315,326.6067,71.6900,317.5655,233.6439,275.3165,231.2853
286.1106,67.2983,328.9380,70.0599,318.3419,234.3897,275.5145,231.6282
282.1427,68.7825,325.3932,69.9755,320.8930,233.1283,277.6425,231.9353
324.3753,232.4107,280.2350,232.8717,278.5685,73.2992,322.7089,72.8382
324.6613,231.5354,279.4844,231.9947,277.8707,73.2429,323.0476,72.7836
323.7175,230.7568,277.8174,231.0575,276.7875,73.8660,322.6876,73.5652
323.1026,231.5916,276.1259,232.2256,274.0182,76.0746,320.9950,75.4406
323.7451,231.7675,276.5527,232.2975,274.7869,75.0781,321.9792,74.5480
276.3352,73.9316,321.5535,74.0630,321.0914,233.1393,275.8731,233.0080
279.6411,69.8809,318.2823,70.7598,314.5754,233.7322,275.9342,232.8533
279.7304,69.8655,317.4090,70.7730,313.4728,234.1919,275.7943,233.2844
282.3939,65.5600,320.9938,67.3724,313.2046,233.2716,274.6046,231.4592
281.9336,56.7640,323.1145,58.2589,316.9577,227.8686,275.7768,226.3737
281.2609,59.8319,322.1269,61.0160,317.3145,227.1068,276.4485,225.9227
284.0297,54.9370,324.4160,56.1706,319.2218,226.2181,278.8354,224.9844
286.7234,60.5076,329.8908,63.1277,319.4792,234.6610,276.3118,232.0409
287.8162,59.0388,329.7447,61.5836,319.1717,235.7864,277.2432,233.2416
288.5152,61.6996,331.7051,65.0176,318.5677,236.0266,275.3778,232.7086
289.8618,66.2937,333.7551,70.3411,318.5184,235.5831,274.6251,231.5358
288.6990,65.2938,332.5995,69.1999,317.5844,237.9516,273.6840,234.0455
288.7437,65.0723,337.4592,69.4444,322.2852,238.5175,273.5697,234.1454
288.6354,73.1630,338.3515,77.0938,325.5293,239.2677,275.8132,235.3369
290.3153,72.0745,338.9189,76.2881,324.5903,241.5671,275.9868,237.3536
288.0547,75.6361,340.3928,78.5780,331.3182,240.0232,278.9800,237.0813
288.8735,79.8104,343.2433,84.6852,329.1534,241.8348,274.7837,236.9601
287.2943,79.7693,342.9958,84.5679,329.4536,241.7656,273.7520,236.9670
288.7180,80.4207,345.3625,86.2863,329.2121,242.2523,272.5676,236.3867
296.7576,82.2649,349.8550,89.4857,329.2542,240.9713,276.1568,233.7505
297.5555,81.4134,349.6545,88.3411,329.5030,239.8872,277.4040,232.9594
306.9634,79.3344,346.8551,87.8618,313.5809,243.5194,273.6891,234.9919
310.9349,83.2740,350.3570,94.2981,309.7664,239.4494,270.3443,228.4252
310.8251,83.3116,350.8373,94.4934,310.4651,238.9593,270.4529,227.7776
310.6536,80.6402,355.4019,92.2679,316.1807,243.2073,271.4324,231.5796
316.6457,81.4539,361.5153,95.5014,314.9101,244.3647,270.0405,230.3172
307.4490,81.9244,357.0799,92.9632,324.3134,240.2832,274.6825,229.2445
305.6863,80.7085,362.2688,91.6546,333.4180,240.7896,276.8355,229.8434
311.0990,82.4196,370.0367,95.1898,338.9205,238.7987,279.9827,226.0284
311.8630,83.3423,369.7402,95.9321,338.7114,238.5771,280.8342,225.9874
311.8427,83.4630,372.9028,95.3314,345.2328,237.6875,284.1727,225.8192
311.1113,86.1905,376.4164,94.9615,357.2478,237.6824,291.9427,228.9114
312.0238,85.5558,376.0749,93.7899,357.5837,237.6266,293.5327,229.3925
309.3705,87.4929,372.1969,92.6244,360.5508,235.2108,297.7244,230.0793
309.6483,91.2803,362.8120,92.4966,359.6901,228.9529,306.5263,227.7366
310.6060,91.9013,363.3318,93.7108,358.6180,231.0628,305.8921,229.2533
320.5187,88.0737,365.9301,92.5277,351.9639,234.9244,306.5525,230.4704
324.2654,82.5436,369.4204,89.0702,347.9614,237.5373,302.8064,231.0107
321.9695,84.3195,359.5669,88.3555,343.6677,236.4646,306.0703,232.4286
319.0150,83.3701,358.3101,87.2088,343.7796,235.9525,304.4846,232.1138
312.1916,74.0046,353.0218,77.3978,339.9278,234.9559,299.0976,231.5627
310.6134,74.2185,350.2185,77.2150,338.1933,236.1564,298.5881,233.1600
342.4948,234.8302,302.1692,236.6967,294.9756,81.2783,335.3011,79.4118
340.8188,233.6155,294.7045,236.4773,284.8104,77.0440,330.9247,74.1822
342.4899,232.3022,294.3774,235.4291,284.2084,78.9592,332.3208,75.8323
341.7739,231.8263,292.0574,234.4450,283.6551,74.9261,333.3716,72.3074
338.6928,237.5713,295.7589,238.1609,293.5287,75.7500,336.4626,75.1605
338.6045,237.8570,294.3410,238.1950,293.1115,77.1640,337.3751,76.8261
295.2472,80.8628,337.3192,81.1797,336.1346,238.4456,294.0627,238.1287
294.8047,79.5053,338.7002,82.9014,327.3878,229.1175,283.4922,225.7214
293.9088,78.4996,337.7884,81.9135,326.2482,230.2446,282.3687,226.8307
287.8465,77.5077,336.4336,78.5518,333.1844,229.7445,284.5973,228.7003
289.4434,76.1898,339.0522,78.3188,332.6140,228.3388,283.0052,226.2098
286.2209,72.6946,332.4258,73.3494,330.2498,226.8860,284.0449,226.2311
287.7750,74.8576,336.9738,77.6955,328.8196,219.0609,279.6208,216.2230
283.9248,89.0020,340.3545,91.1752,334.8623,233.7819,278.4326,231.6087
283.2649,87.4993,335.3571,88.4455,332.7620,231.3220,280.6697,230.3758
281.7850,83.6822,341.7032,86.9687,333.6665,233.4911,273.7482,230.2046
282.9478,77.5704,340.5264,83.5054,325.2889,231.3316,267.7102,225.3965
280.3814,80.7937,338.1980,86.0231,325.1605,230.1671,267.3438,224.9377
274.2860,79.9743,330.5192,80.0242,330.3908,224.5214,274.1577,224.4715
290.8903,74.8735,343.1573,77.8594,334.2617,233.5735,281.9947,230.5876
291.9597,74.9403,341.7559,77.8812,332.4989,234.6256,282.7026,231.6847
295.2560,75.6922,340.7003,77.0298,335.9412,238.7240,290.4969,237.3864
299.0812,80.3114,347.8996,82.9338,339.3867,241.4135,290.5683,238.7911
300.7151,86.8040,355.4303,90.3025,345.9074,239.2400,291.1922,235.7416
294.4037,86.1737,361.0776,86.2177,360.9805,233.3797,294.3066,233.3357
366.6922,235.0071,304.6042,239.2209,294.5894,91.6588,356.6774,87.4450
361.8305,234.1831,296.1829,234.6481,295.1556,89.6314,360.8032,89.1663
373.8012,244.1502,314.2690,250.0780,298.0529,87.2234,357.5851,81.2955
314.1087,83.3968,376.7847,87.4588,366.5372,245.5770,303.8612,241.5151
316.2209,83.5092,377.1556,87.4080,367.0700,245.0370,306.1353,241.1382
315.3111,90.5003,380.8617,97.8107,364.1558,247.6087,298.6053,240.2983
312.2307,88.2073,375.5453,92.1424,365.5674,252.6842,302.2527,248.7491
311.1021,90.1777,375.8994,94.5555,365.2955,251.5106,300.4982,247.1329
370.1294,250.5525,307.8025,251.1292,306.3289,91.8742,368.6558,91.2974
379.8318,234.7672,321.9157,244.0647,299.2699,102.9997,357.1861,93.7022
380.5287,235.1556,323.3160,244.4228,300.5541,103.8990,357.7668,94.6317
384.9098,230.9287,328.3849,243.7180,295.9920,100.5509,352.5170,87.7616
392.7637,234.9310,336.2081,251.0310,295.9462,109.6001,352.5018,93.5001
393.5038,234.8258,336.6367,251.7207,294.7890,110.8645,351.6560,93.9695
396.3754,233.3474,336.4352,252.3672,292.8641,115.0543,352.8043,96.0345
302.9912,100.9359,370.1737,101.2170,369.6325,230.5851,302.4500,230.3040
369.8600,226.9252,304.1555,230.0472,297.9828,100.1399,363.6873,97.0179
298.2648,94.5552,362.6795,94.8174,362.1136,233.8416,297.6989,233.5794
305.1129,87.1002,368.3152,98.7781,341.3430,244.7554,278.1407,233.0775
306.1569,84.5193,368.8311,95.9509,341.5315,245.6229,278.8573,234.1914
309.8778,90.0435,377.2433,112.5083,332.2837,247.3294,264.9182,224.8646
382.7327,238.2050,305.2681,241.9373,298.8475,108.6749,376.3120,104.9426
300.6958,108.2123,379.7723,114.2726,369.9398,242.5692,290.8634,236.5089
416.5765,245.1145,374.4125,259.9414,326.9478,124.9637,369.1117,110.1368
413.1271,256.2720,372.3820,267.4024,333.1286,123.7074,373.8738,112.5770
409.8647,256.9698,372.2120,266.1971,337.0085,122.5461,374.6612,113.3188
409.8549,258.6887,372.1824,267.9472,335.9818,120.6489,373.6543,111.3903
407.0318,254.5300,358.5302,265.8638,326.6895,129.6041,375.1911,118.2704
407.3903,253.1206,359.1662,264.7470,326.0346,127.3232,374.2587,115.6968
399.4463,245.6895,343.1050,255.4818,320.9855,128.2153,377.3267,118.4230
401.7815,251.9158,335.6167,262.1827,315.6154,133.2847,381.7802,123.0178
400.2622,251.1876,333.4341,259.8613,316.7859,131.5928,383.6140,122.9191
396.1071,253.4790,329.9010,260.7607,315.5786,130.5399,381.7847,123.2582
386.0622,252.3669,328.6371,256.2773,319.9192,128.2524,377.3442,124.3420
381.8045,253.6641,324.0998,255.8898,319.1352,127.1770,376.8399,124.9513
382.7255,251.1571,320.1997,255.5336,311.2342,127.4446,373.7600,123.0682
321.7935,121.4619,375.4616,128.4854,358.5028,258.0733,304.8347,251.0499
317.2425,119.9381,372.5867,125.6494,359.0437,256.8867,303.6995,251.1755
319.9811,115.1562,372.7315,122.3475,354.1857,258.3875,301.4353,251.1963
320.8493,109.4849,366.0695,115.6852,347.2232,253.1366,302.0030,246.9363
321.0775,107.2014,368.9954,114.4660,347.8144,254.1781,299.8964,246.9136
315.9243,103.7883,367.1384,109.9606,350.5081,247.9489,299.2939,241.7766
343.2477,255.1901,289.2630,262.3711,269.2546,111.9528,323.2392,104.7718
274.0310,110.2087,324.2259,115.0122,310.5026,258.4171,260.3078,253.6136
271.5459,108.1607,326.3607,112.3177,315.0223,261.8284,260.2075,257.6714
278.6693,112.0888,331.2172,116.7356,318.4430,261.1923,265.8951,256.5455
279.5891,112.8230,333.1326,118.2700,318.7488,259.6602,265.2054,254.2132
288.6875,111.7193,340.9395,120.7333,315.9597,265.5357,263.7077,256.5217
310.5162,108.0123,376.5252,134.2838,319.4466,277.6980,253.4376,251.4266
311.0273,108.2231,376.8312,133.9316,320.6618,277.7043,254.8578,251.9959
316.8538,105.1250,379.0150,133.2236,318.2262,267.7040,256.0649,239.6054
309.2884,108.1684,373.0222,135.2763,317.9774,264.6929,254.2435,237.5849
312.9573,106.0580,372.1045,130.8358,315.5244,265.8986,256.3772,241.1208
311.0967,108.7839,369.8735,131.3687,318.2635,265.6838,259.4867,243.0991
306.3552,102.1033,364.6200,118.1935,323.1419,268.3915,264.8771,252.3013
306.7980,101.0998,365.9009,117.1710,325.0152,267.5313,265.9123,251.4602
299.8536,97.5795,364.3601,114.1481,324.3767,269.8152,259.8703,253.2466
281.5338,105.3513,339.4773,109.4824,328.5496,262.7574,270.6060,258.6263
279.6937,104.3117,337.3217,108.3214,326.7222,260.6567,269.0942,256.6470
278.2112,101.3111,338.6952,105.6124,327.7461,259.5790,267.2621,255.2778
277.3982,99.4792,337.9586,103.6113,327.3021,259.7934,266.7416,255.6612
276.2121,94.5676,332.1360,97.6257,323.4835,255.8553,267.5595,252.7972
278.4085,91.6621,333.4391,95.4294,322.4195,256.3999,267.3888,252.6326
276.0165,88.9580,327.5810,89.9765,324.3378,254.1729,272.7733,253.1544
275.6418,87.0596,326.8413,87.8966,324.1257,254.0236,272.9262,253.1866
327.3990,249.3147,279.2948,249.8311,277.5269,85.1320,325.6311,84.6156
335.4908,245.0564,283.9937,247.8335,275.3918,88.3253,326.8888,85.5482
337.8563,250.6313,287.4399,254.0434,276.2565,88.8014,326.6729,85.3893
282.3776,86.9103,341.4276,87.3842,340.1218,250.0812,281.0718,249.6073
361.7229,247.1703,296.7137,254.9604,277.4747,94.4090,342.4839,86.6189
364.8494,251.1037,295.8042,258.4870,278.1941,93.8059,347.2393,86.4226
370.0793,249.3298,299.3332,257.6736,280.2787,96.1134,351.0249,87.7696
365.6921,255.1947,300.2782,264.1634,278.4467,104.9331,343.8606,95.9644
364.2976,256.9119,301.0783,265.1045,280.1716,103.7735,343.3909,95.5809
366.0640,255.3932,301.2944,264.9553,278.3078,109.2544,343.0774,99.6923
361.8924,255.6255,301.1524,266.2159,275.9610,121.7326,336.7010,111.1422
359.9459,256.6929,301.9616,266.4859,277.0364,118.9038,335.0208,109.1108
364.6915,252.8033,297.5715,266.4247,268.7221,124.2679,335.8422,110.6465
363.6212,249.3184,290.4597,266.4984,257.6586,126.8138,330.8201,109.6338
363.8365,250.9527,288.5541,268.2823,256.3462,128.3661,331.6286,111.0365
365.3340,248.1762,287.1307,268.7971,250.1651,128.6070,328.3684,107.9862
370.8884,242.3105,282.0888,273.7777,234.0214,138.1328,322.8210,106.6656
370.8139,240.1681,283.7885,273.2413,233.6094,141.2050,320.6349,108.1318
373.8104,233.0802,282.8363,277.8990,218.7719,147.8599,309.7461,103.0411
363.1800,245.8031,255.5700,268.3109,226.7369,130.4598,334.3469,107.9520
363.7450,244.4422,258.0138,268.5832,227.1815,133.5457,332.9126,109.4047
364.7817,231.6501,255.0583,266.3944,214.8014,139.2620,324.5248,104.5177
237.4684,118.4987,343.8223,118.4987,343.8223,264.0300,237.4684,264.0300
255.3885,106.6601,352.8029,120.3557,332.2095,266.8327,234.7951,253.1370
254.3627,110.6406,349.4572,125.2304,327.4666,268.5639,232.3720,253.9742
247.3855,104.1440,331.3681,109.0024,322.1829,267.7772,238.2003,262.9188
251.6079,108.1914,336.8691,116.8147,321.4019,269.7437,236.1407,261.1203
254.8258,103.1318,334.5625,111.8497,317.5224,267.7049,237.7857,258.9871
261.8561,99.5147,322.8426,107.3965,302.1604,267.4283,241.1739,259.5465
259.8464,98.8383,321.9752,105.3333,304.9049,268.6225,242.7761,262.1275
268.5423,97.9943,341.7401,109.6206,315.2405,276.4589,242.0427,264.8326
277.6572,101.0488,340.2490,114.6888,306.3077,270.4398,243.7159,256.7998
275.8990,100.3606,341.3144,114.8053,307.0191,270.1174,241.6038,255.6727
280.8418,104.3939,363.8941,126.0660,325.0764,274.8236,242.0241,253.1514
287.0701,107.9905,366.3656,137.4442,313.6943,279.2464,234.3988,249.7927
287.4641,105.8618,365.3308,134.2800,312.7342,278.3964,234.8674,249.9782
291.5790,109.4018,355.1879,127.8502,312.8725,273.7511,249.2636,255.3027
302.6579,108.5726,369.2790,143.7092,297.1584,280.4543,230.5373,245.3177
303.8232,106.8856,373.0036,142.9409,301.7783,279.6031,232.5979,243.5478
306.6670,108.8421,373.5280,143.5122,303.4442,278.6682,236.5832,243.9980
307.1927,109.4182,370.0124,136.5458,308.6104,278.7352,245.7906,251.6076
306.3549,110.1454,368.6167,136.5227,308.8426,277.6154,246.5808,251.2381
304.8194,107.3780,363.5347,129.7526,306.9922,278.1312,248.2768,255.7565
297.7169,108.8181,349.7669,123.0746,307.6514,276.8376,255.6014,262.5811
299.1606,107.6355,353.1722,122.5578,310.4608,277.1529,256.4491,262.2306
301.9987,98.5520,352.5980,110.8135,312.7898,275.0894,262.1905,262.8279
328.8707,265.4150,276.2335,265.6609,275.4087,89.0957,328.0459,88.8498
295.5911,86.4125,349.2956,93.2606,326.4870,272.1322,272.7825,265.2842
295.9285,95.3627,344.4595,101.9986,321.7603,268.0069,273.2293,261.3710
342.5328,267.5026,288.0089,267.8029,287.0516,93.9821,341.5755,93.6818
343.0636,267.3224,288.5728,267.7313,287.2273,88.4217,341.7181,88.0128
347.4455,265.1324,291.1411,267.0842,285.0651,91.8056,341.3695,89.8538
350.9443,264.2893,299.3403,268.0908,286.4056,92.5056,338.0096,88.7041
352.8033,263.2197,300.0820,267.8914,284.3943,90.8505,337.1156,86.1788
350.0013,263.7386,304.1755,268.7745,283.6843,82.3106,329.5101,77.2746
349.1656,265.3693,307.0154,270.5836,284.2585,86.6287,326.4088,81.4144
349.6233,265.9166,306.8648,271.2905,284.2300,91.1917,326.9884,85.8178
354.0445,264.4328,309.5837,270.8102,283.1292,86.3803,327.5900,80.0029
361.4368,264.6848,315.6084,273.3201,282.3532,96.8310,328.1816,88.1957
362.8915,264.9365,317.2628,274.0002,280.9619,91.2532,326.5907,82.1895
367.5826,267.6216,319.1509,277.8135,282.0179,101.3583,330.4496,91.1664
369.5989,266.3403,321.6804,277.3410,280.2358,96.8111,328.1543,85.8103
369.3578,264.0056,321.2195,275.1749,280.2812,98.7356,328.4195,87.5663
369.8172,268.9965,320.7539,279.3506,281.4767,93.2343,330.5400,82.8802
367.5654,265.6612,319.3822,275.7863,282.4437,100.0037,330.6269,89.8786
371.0626,263.1704,320.6950,274.9702,281.6128,108.1473,331.9804,96.3475
384.1786,259.0900,321.5330,274.8331,281.0835,113.8749,343.7291,98.1318
390.0642,256.5597,325.1622,278.6397,273.2357,126.0070,338.1377,103.9270
386.0105,258.4866,321.0384,277.5188,275.6927,122.7180,340.6649,103.6858
387.4036,257.0956,321.1565,278.4598,271.8091,125.4411,338.0561,104.0769
374.9934,264.3310,316.5118,281.6794,269.4192,122.9301,327.9008,105.5816
372.1735,264.2716,317.4873,281.0462,269.3893,124.2433,324.0755,107.4688
373.3323,266.2346,319.1333,284.8716,266.2337,131.0328,320.4326,112.3957
358.9371,270.0081,310.6787,282.3932,267.9440,115.8779,316.2024,103.4928
360.1177,272.4142,309.5800,284.2807,269.2569,112.5513,319.7946,100.6847
348.4588,282.5725,298.1806,290.2981,270.7525,111.7960,321.0308,104.0704
343.5233,285.1270,287.0294,288.7438,275.5254,109.0550,332.0193,105.4382
283.3849,107.5757,345.4449,112.4739,331.7674,285.7673,269.7074,280.8691
282.9698,106.4413,342.8413,111.3000,328.9096,282.9738,269.0381,278.1151
288.7731,106.9643,348.6750,114.8355,325.7776,289.0907,265.8756,281.2195
291.8679,118.9541,356.1757,133.7370,321.2532,285.6550,256.9454,270.8721
291.1220,122.6696,356.3484,139.0544,321.8736,276.2950,256.6473,259.9102
285.1566,100.3402,343.7286,105.7161,327.3639,284.0142,268.7919,278.6383
289.1253,103.8968,352.0881,115.2023,319.4024,297.2355,256.4396,285.9300
291.7073,103.6548,358.5701,119.0653,317.5802,296.9115,250.7174,281.5009
296.0887,110.6450,377.3328,151.8236,294.7842,314.6895,213.5402,273.5109
302.6444,116.7939,380.8271,161.7592,287.4488,324.1191,209.2661,279.1538
271.2366,145.3651,360.2037,193.5526,287.2166,328.3067,198.2494,280.1192
308.3413,107.6964,389.9854,160.2327,281.8948,328.2109,200.2507,275.6746
302.4369,105.2093,386.3003,153.5344,289.4979,321.5252,205.6345,273.2001
301.4604,106.3518,385.5973,152.8136,293.2364,320.0683,209.0995,273.6065
290.2411,97.4444,378.8552,136.0553,304.0622,307.7093,215.4481,269.0984
262.0013,100.5087,346.3754,112.8002,319.5110,297.2097,235.1368,284.9182
259.0597,107.3551,344.9483,119.3260,320.2625,296.4404,234.3739,284.4695
253.9478,102.4811,345.4695,118.7518,313.5642,298.2178,222.0424,281.9471
237.2640,85.3894,319.0449,86.8440,315.4026,291.6316,233.6217,290.1770
236.3659,75.7132,318.3708,76.3986,316.5689,291.9911,234.5639,291.3057
311.5851,290.6920,235.2414,292.6038,229.7480,73.2299,306.0917,71.3181
238.3544,63.7286,292.4055,65.6876,284.1331,293.9355,230.0820,291.9765
238.4545,65.4381,294.2913,67.4340,286.2014,293.7545,230.3645,291.7585
244.5980,67.6217,304.0269,70.9508,291.7874,289.4419,232.3585,286.1128
247.4423,62.3367,299.6395,63.0823,296.3768,291.5049,244.1795,290.7593
247.4302,63.3216,300.4004,63.6377,299.0320,292.9579,246.0618,292.6418
245.3658,59.7888,300.4774,59.7965,300.4448,294.6265,245.3331,294.6189
327.6063,294.0669,247.2491,296.7621,239.7590,73.4477,320.1161,70.7524
323.8400,293.0833,244.5559,293.9037,242.2645,72.4355,321.5486,71.6152
339.6050,296.1837,246.4287,299.5982,238.5012,83.2693,331.6775,79.8548
246.3639,79.0820,339.3341,81.9169,332.8066,295.9866,239.8364,293.1517
248.8443,79.0445,341.6820,82.1425,334.4750,298.1123,241.6372,295.0143
259.2538,81.0752,347.3784,86.5537,334.2087,298.3932,246.0841,292.9146
275.3846,81.5018,357.1562,92.4783,329.4298,299.0325,247.6583,288.0561
275.9562,81.3280,358.2241,92.7672,329.6537,298.2368,247.3858,286.7975
281.7116,79.1286,363.8481,91.3488,333.3203,296.5367,251.1839,284.3165
279.7785,91.3961,370.3825,104.0582,342.8667,300.9476,252.2627,288.2855
281.6603,91.2199,373.4081,104.5284,344.7315,302.2226,252.9837,288.9141
282.6286,93.5546,378.6932,108.1912,348.6041,305.6753,252.5395,291.0387
297.9363,89.5388,389.2449,103.8850,356.6935,311.0634,265.3848,296.7172
293.4596,88.2303,389.1624,101.7874,359.8852,308.4640,264.1823,294.9070
292.0925,86.4004,391.9099,98.5286,366.3778,308.6631,266.5604,296.5350
288.9247,77.2818,395.2753,91.0458,367.2256,307.7782,260.8749,294.0142
286.7326,74.4412,392.8944,87.4215,366.6687,301.9141,260.5069,288.9339
290.5757,72.6413,393.4633,84.5122,368.0352,304.9025,265.1476,293.0317
304.6288,67.9329,391.5446,85.1337,346.5019,312.7359,259.5860,295.5352
303.5674,64.8499,389.1369,79.7987,349.1523,308.6778,263.5828,293.7291
291.0880,70.4877,382.0507,79.1878,360.4037,305.5150,269.4409,296.8148
277.5592,78.6645,357.5878,79.3104,355.8162,298.8232,275.7876,298.1773
296.2030,66.7275,374.3543,79.5337,339.6321,291.4312,261.4808,278.6250
294.8988,66.9660,353.2413,74.5194,324.9746,292.8494,266.6321,285.2960
292.4244,73.8116,353.4698,80.2138,331.4106,290.5476,270.3653,284.1454
355.0744,294.9242,283.3180,301.2978,263.9994,83.8032,335.7558,77.4295
290.5825,79.0552,352.8008,85.3791,331.9738,290.2870,269.7555,283.9631
346.4144,296.9821,274.5406,299.9978,265.6161,87.2977,337.4900,84.2820
279.4552,80.2486,352.0540,93.3759,314.0409,303.6028,241.4420,290.4755
284.6067,80.1604,357.6251,96.2902,311.6643,304.3511,238.6459,288.2213
282.2531,78.5202,357.5412,95.2866,311.3148,302.8617,236.0268,286.0952
281.0456,77.1397,352.7517,91.8693,309.5670,302.0997,237.8609,287.3701
262.0041,86.0893,355.3947,90.1694,346.3265,297.7314,252.9359,293.6513
276.2650,74.5452,342.9630,76.8840,335.2891,295.7207,268.5911,293.3819
344.7897,292.2180,271.0307,296.5023,258.4108,79.2364,332.1698,74.9521
367.2116,288.9588,282.5936,293.6967,270.3142,74.3893,354.9322,69.6514
392.6809,273.3558,287.6374,301.2931,234.5654,101.7441,339.6089,73.8067
390.3736,275.7766,305.0071,293.5076,261.7596,85.2915,347.1262,67.5605
398.5038,279.7214,287.5066,295.7379,256.7151,82.3481,367.7123,66.3315
391.7758,282.2040,303.8847,290.9207,281.8947,69.1957,369.7858,60.4790
390.3253,285.4608,302.2651,292.6783,283.1228,59.1239,371.1830,51.9064
392.4309,285.8507,296.6229,293.2448,278.4568,57.8603,374.2649,50.4662
396.5399,280.1236,287.8124,286.2662,275.5154,68.6025,384.2429,62.4599
390.4241,281.4047,286.2188,287.0653,274.0809,63.6216,378.2862,57.9609
383.8777,284.8252,284.7592,285.9895,282.1534,64.1524,381.2719,62.9881
281.3292,55.8983,356.3862,59.7911,345.4324,270.9922,270.3754,267.0995
281.5937,49.2724,351.3944,51.7797,343.5730,269.5192,273.7724,267.0119
277.1332,44.0149,348.5455,45.0052,345.3306,276.8394,273.9183,275.8491
271.3302,39.0095,355.3532,43.0093,343.9181,283.2281,259.8951,279.2284
269.0577,39.6929,350.7346,42.0633,343.8087,280.7052,262.1318,278.3348
2
0
0
0
0
1
470.9604,270.0268,396.9801,276.2046,378.8755,59.3992,452.8558,53.2214
469.8327,275.7293,409.2190,278.6720,398.6604,61.1883,459.2741,58.2456
473.6024,280.6485,414.5796,283.7563,402.8466,60.9324,461.8694,57.8245
490.7885,266.0017,426.4255,272.1732,407.2942,72.6499,471.6572,66.4784
489.5465,272.7293,426.6453,278.7953,406.4200,69.0682,469.3212,63.0023
496.9348,270.3729,425.0559,277.2228,405.5321,72.3510,477.4109,65.5011
511.0271,269.6098,446.9576,286.8907,393.1753,87.4902,457.2448,70.2094
502.5648,271.5227,448.0499,286.3767,393.8719,87.5398,448.3868,72.6858
497.4505,266.0549,441.8362,279.9596,395.2522,93.6382,450.8665,79.7335
511.8980,266.7379,429.1805,283.8599,391.5148,101.8946,474.2323,84.7726
516.3286,267.2270,431.8959,289.6388,383.3365,106.6989,467.7692,84.2872
515.2496,259.3169,427.6538,289.8813,366.7673,115.3839,454.3632,84.8196
498.8841,271.5609,414.2896,286.3203,382.6611,105.0398,467.2557,90.2804
481.9766,277.9680,412.5028,287.7858,386.3329,102.5982,455.8066,92.7804
478.2971,278.0775,413.5886,287.3318,386.9982,101.4025,451.7067,92.1483
476.4310,273.8656,417.9124,286.9390,377.1846,104.6343,435.7032,91.5609
466.6451,275.9733,414.1235,283.8556,385.8491,95.4564,438.3706,87.5741
468.8697,280.8648,417.0948,290.1626,382.0037,94.7573,433.7786,85.4595
466.3488,279.4803,422.6410,287.3958,386.5510,88.1115,430.2588,80.1962
469.5721,278.4093,422.8683,288.0396,382.9865,94.6260,429.6903,84.9958
467.1766,278.9602,421.9319,286.6989,387.2393,83.8675,432.4839,76.1288
461.4276,280.4240,409.0973,284.8485,390.8509,69.0385,443.1812,64.6140
463.6821,276.8456,412.3645,282.9492,387.3542,72.6658,438.6718,66.5623
460.6097,277.4526,404.4830,281.9583,387.4660,69.9802,443.5927,65.4745
449.0916,270.6824,396.7870,272.2084,390.8710,69.4347,443.1757,67.9087
449.8735,269.3126,396.6708,270.8813,390.7500,70.0685,443.9527,68.4999
448.7900,273.6434,396.4996,274.5589,392.9829,73.6897,445.2734,72.7742
405.8628,79.2037,452.9384,81.1310,444.7610,280.8747,397.6854,278.9474
402.4570,78.2745,451.5377,80.0299,444.3361,281.3849,395.2554,279.6295
403.3767,80.8084,452.3575,83.5126,441.2281,285.0949,392.2473,282.3907
403.5036,83.1117,455.2679,87.2101,439.6633,284.3003,387.8990,280.2018
405.4058,82.9541,457.4069,87.5169,440.0429,285.4090,388.0418,280.8462
402.4467,84.1244,453.0960,88.1423,437.5563,284.0327,386.9070,280.0147
398.0940,82.8797,447.5886,85.1414,438.3398,287.5406,388.8452,285.2789
398.2151,83.7350,448.7636,86.2996,438.5830,286.9561,388.0346,284.3914
399.0026,78.1633,445.7701,80.0117,437.6747,284.8374,390.9072,282.9890
395.2078,74.0535,443.8146,76.7201,432.4957,283.0472,383.8889,280.3807
396.2955,75.0048,442.6161,77.6701,430.9511,280.4004,384.6305,277.7351
394.2084,72.9332,442.0342,75.5243,431.0945,277.4464,383.2686,274.8553
390.4653,78.6381,440.9443,81.5067,429.7998,277.6195,379.3207,274.7509
392.3584,78.5856,441.9933,81.7370,429.4268,279.6584,379.7919,276.5070
390.7529,75.5185,441.4779,78.5859,429.2462,280.8592,378.5212,277.7918
388.2288,85.2970,439.1030,86.6676,433.8880,280.2336,383.0138,278.8629
390.7024,85.1467,440.0733,86.9129,433.0403,283.5074,383.6694,281.7412
385.7869,88.1791,440.4583,89.8278,434.5679,285.1566,379.8965,283.5078
436.8626,280.4741,383.9134,280.9036,382.3765,91.4337,435.3257,91.0042
386.0549,91.7022,439.5581,92.3187,437.3363,285.1483,383.8330,284.5319
440.1874,280.2411,384.9268,281.6880,380.1068,97.6031,435.3675,96.1562
436.9074,286.6679,380.5582,288.2579,375.1832,97.7604,431.5324,96.1705
440.2183,284.9564,382.1698,287.1780,374.8802,96.7112,432.9287,94.4895
423.1955,288.9638,375.4353,289.1825,374.5559,97.0758,422.3161,96.8572
379.7399,92.8850,424.8011,94.9833,415.9573,284.8975,370.8962,282.7992
379.8069,92.8708,426.1168,95.0732,417.0853,284.9785,370.7755,282.7761
381.3177,97.9247,431.6786,102.5136,415.0486,285.0175,364.6877,280.4286
380.5902,91.0391,435.5506,96.0889,418.0640,286.4068,363.1036,281.3570
381.3024,89.9412,436.6445,95.3963,417.8965,285.5942,362.5544,280.1390
378.3311,89.6277,436.2079,93.3411,423.7212,287.9609,365.8444,284.2476
362.7738,91.8941,428.2044,92.1047,427.5985,280.3422,362.1680,280.1316
365.4902,83.8037,427.8434,84.2077,426.6302,271.4445,364.2771,271.0405
428.1540,268.3057,361.5087,269.6770,357.7724,88.0982,424.4177,86.7269
433.9104,280.4161,360.2198,284.8589,349.3613,104.7542,423.0518,100.3114
436.5399,280.1353,361.4261,286.2721,346.6607,105.5455,421.7745,99.4087
431.7552,279.5366,361.9266,285.9104,345.6879,108.0074,415.5165,101.6335
426.5222,278.9830,361.7425,285.9639,343.2191,114.0739,407.9988,107.0930
426.7856,276.9384,363.5800,283.4517,346.0691,113.5263,409.2748,107.0130
424.3276,279.0254,364.0801,285.5446,345.8614,117.1736,406.1088,110.6545
409.0781,281.4991,350.8696,282.1391,349.0788,119.2800,407.2872,118.6399
408.8340,282.4051,350.2565,284.0852,345.5379,119.5710,404.1154,117.8909
406.1543,283.6114,342.1489,284.1795,340.6823,118.9633,404.6877,118.3951
356.3411,120.9497,412.6167,130.1831,386.6703,288.3219,330.3947,279.0886
351.7617,120.3213,411.4269,130.0207,386.1691,285.3915,326.5039,275.6920
343.1631,118.6969,407.0781,127.0019,386.3685,286.3820,322.4536,278.0771
341.9826,118.8860,403.5550,129.9768,374.6908,290.2205,313.1184,279.1297
343.2266,117.9018,403.9930,129.7294,372.9120,289.4127,312.1457,277.5851
343.1223,118.2783,406.3068,132.5637,370.4587,291.1199,307.2742,276.8344
342.9647,117.0993,401.0093,133.1097,357.1132,292.2524,299.0685,276.2420
341.8758,117.8672,400.6312,134.7483,355.2415,292.7289,296.4862,275.8477
342.3142,116.8379,396.4913,133.0009,349.2828,291.2408,295.1057,275.0779
340.1939,112.8009,388.1671,126.5135,342.3701,286.7343,294.3969,273.0217
337.6709,114.7136,386.3559,127.9581,343.8448,284.2234,295.1597,270.9789
329.7920,110.4993,379.1891,119.3448,348.3917,291.3316,298.9946,282.4862
329.5195,109.3010,377.2863,118.1827,347.1024,280.5154,299.3357,271.6338
328.9397,110.1516,376.7573,119.7441,343.1107,287.4686,295.2932,277.8760
326.7943,106.7118,374.1768,115.0421,342.6042,294.6266,295.2216,286.2964
323.7427,100.7913,374.1203,108.2713,346.5578,293.9018,296.1802,286.4218
321.7311,101.1662,373.0164,107.4672,350.5702,290.1635,299.2849,283.8625
330.7555,96.5772,377.1660,102.7129,353.0680,284.9913,306.6574,278.8557
326.8980,88.5747,375.2823,94.7544,350.9316,285.4100,302.5473,279.2303
322.1576,91.7468,370.5013,96.5287,352.1379,282.1743,303.7942,277.3923
319.4699,88.8719,371.2423,93.7864,352.6563,289.5830,300.8839,284.6685
318.1607,88.6667,375.1022,94.1371,356.7611,285.0504,299.8196,279.5800
317.5828,89.2689,374.6401,95.6887,353.2557,285.7462,296.1984,279.3264
319.8651,91.6557,376.9792,97.0244,358.8831,289.5371,301.7689,284.1684
325.4212,93.6789,379.3876,96.8708,367.6436,295.4324,313.6772,292.2405
327.3648,92.8364,379.6925,96.0056,367.6791,294.3646,315.3514,291.1954
324.8514,94.4772,379.8737,98.0187,366.8867,299.7930,311.8644,296.2516
332.7184,98.9613,386.8676,104.2808,367.9291,297.0639,313.7798,291.7444
333.5271,99.0242,388.3000,104.3421,369.6037,296.9056,314.8308,291.5876
331.6354,103.7795,387.9431,109.3826,368.9664,300.0865,312.6587,294.4833
335.8539,106.8715,389.2513,112.1341,370.4125,303.2820,317.0152,298.0194
335.8270,107.7141,390.4384,113.2544,371.2118,302.7733,316.6005,297.2330
339.3111,104.7757,391.1634,110.2740,370.7366,302.9111,318.8843,297.4128
344.8683,96.8117,395.7823,102.2799,373.3302,311.3299,322.4163,305.8617
344.7229,101.9676,395.4168,107.5847,372.7922,311.7676,322.0984,306.1505
