1
418.5905,111.2698,419.3066,123.9710,337.4380,128.5863,336.7220,115.8851
413.2976,112.8386,413.8837,125.7608,332.3528,129.4589,331.7667,116.5368
405.5727,115.0750,405.7984,128.1580,322.1267,129.6016,321.9010,116.5185
397.8436,116.6895,397.6925,131.1093,308.9229,130.1790,309.0740,115.7591
396.3679,116.1210,396.3373,131.4828,302.9834,131.2969,303.0140,115.9351
397.9551,117.8829,397.5211,134.0048,297.7888,131.3203,298.2228,115.1984
377.0539,111.8590,374.6397,139.7203,288.7785,132.2804,291.1927,104.4191
366.8308,100.9302,363.4813,142.4336,292.5603,136.7099,295.9098,95.2065
360.9816,131.3174,329.0323,159.6539,280.1020,104.4851,312.0514,76.1486
351.8460,145.6019,328.8324,164.6877,284.4003,111.1113,307.4139,92.0255
336.7413,155.4377,317.7784,164.3676,282.0427,88.4812,301.0056,79.5514
326.7563,156.7275,310.8293,161.9369,280.3106,68.6297,296.2375,63.4203
323.5063,152.8080,307.4867,157.7895,277.4962,61.3449,293.5158,56.3634
321.3325,147.9025,306.1771,152.6285,275.8118,55.2532,290.9672,50.5272
322.5321,131.8038,297.5953,139.6863,269.6736,51.3546,294.6104,43.4721
317.0588,121.8713,287.1219,128.3059,268.6976,42.5869,298.6346,36.1523
302.6656,121.8969,277.9261,122.2331,276.6042,24.9543,301.3437,24.6181
284.1327,13.4233,303.9258,15.0679,295.0583,121.7912,275.2652,120.1466
288.6011,10.2942,305.9425,13.1364,287.9900,122.6750,270.6486,119.8328
288.2473,14.0676,308.4839,18.6492,285.3513,120.8247,265.1146,116.2431
287.9209,11.8201,310.4950,17.1980,286.6781,117.1718,264.1040,111.7940
289.9707,11.0825,309.7150,15.3412,287.9983,116.0258,268.2539,111.7671
292.0489,10.7732,313.7778,16.5016,289.0797,110.1868,267.3508,104.4584
288.9453,12.6343,319.8572,19.9432,299.0267,108.0423,268.1148,100.7333
294.9637,11.1635,323.2833,22.2592,290.9045,104.8999,262.5850,93.8043
304.3940,8.4583,328.0081,22.6175,280.5050,101.8417,256.8909,87.6825
313.0649,7.6137,332.7325,22.3690,274.9819,99.3454,255.3144,84.5900
321.6415,7.6553,337.0576,22.4460,266.9916,95.4742,251.5755,80.6835
319.3594,10.9503,337.9828,32.3843,267.2061,93.8803,248.5827,72.4463
309.0020,8.0433,336.3321,50.4671,276.0004,89.3338,248.6703,46.9100
274.5686,6.5216,325.9985,10.0293,320.9018,84.7572,269.4719,81.2495
329.2323,89.1594,287.9676,96.0870,274.8910,18.1947,316.1558,11.2671
339.1268,92.3929,306.8486,104.8006,276.0385,24.6486,308.3167,12.2410
345.6845,91.0751,324.4112,103.3279,277.2461,21.4394,298.5194,9.1867
349.4050,94.7882,333.6901,105.7388,274.0301,20.1229,289.7450,9.1722
350.2523,95.2951,337.4890,105.2125,273.1034,22.3505,285.8667,12.4332
346.2639,88.4800,328.2332,103.3160,266.0075,27.6908,284.0382,12.8548
336.9079,99.3244,286.7515,117.0431,260.1661,41.7879,310.3225,24.0692
324.3637,31.3578,333.4107,85.6522,274.7244,95.4311,265.6773,41.1367
315.3139,23.6836,344.5715,66.6969,286.9831,105.8686,257.7254,62.8553
314.6926,22.0308,338.7775,50.0050,277.9940,102.3376,253.9091,74.3634
310.0274,23.6865,331.0341,42.7953,272.2458,107.4222,251.2391,88.3134
310.3520,25.6528,330.0090,41.9848,268.5115,116.0019,248.8546,99.6699
306.4592,29.6121,322.3236,40.9708,263.5259,123.0917,247.6615,111.7330
303.7026,31.6638,317.9226,41.0825,259.9156,128.6599,245.6956,119.2413
296.6319,41.3033,310.8544,50.3076,256.8685,135.5793,242.6460,126.5750
296.5363,45.3578,310.2036,54.1601,254.4733,140.6919,240.8060,131.8896
295.2602,46.2554,308.6434,54.8649,252.1218,142.7256,238.7386,134.1161
292.6282,50.1936,306.3510,59.0490,248.6116,148.5253,234.8888,139.6699
290.6039,55.5965,304.4820,64.6600,245.9211,154.3283,232.0430,145.2648
288.7486,58.7453,303.2295,68.3457,242.9998,159.1938,228.5190,149.5935
281.0781,63.5566,297.6556,73.6108,242.6868,164.2443,226.1093,154.1901
268.7747,70.9267,297.1093,88.6667,248.0335,167.0516,219.6988,149.3116
266.9436,79.5387,299.4155,111.2347,246.2986,165.6518,213.8267,133.9558
272.1586,81.9092,299.9852,111.2953,242.5148,165.7159,214.6882,136.3299
284.1053,85.5892,307.9691,125.2037,239.2015,166.6293,215.3378,127.0148
291.8388,92.9936,311.9459,125.1569,238.3970,171.1364,218.2899,138.9731
290.8395,110.8023,302.4501,132.5524,222.0553,175.4685,210.4447,153.7184
292.3705,111.2032,310.7366,149.4671,232.0355,187.2424,213.6694,148.9784
260.7188,108.1982,288.5038,128.5539,239.2890,195.7311,211.5039,175.3755
248.3704,109.2492,273.5437,119.3131,238.0783,208.0247,212.9050,197.9609
245.1214,108.3013,265.3277,113.9950,236.0364,217.9470,215.8300,212.2533
241.6548,111.7926,257.9954,115.1750,234.8879,226.8085,218.5473,223.4261
238.4901,124.7449,254.6890,127.9353,233.8327,233.8315,217.6339,230.6412
239.9302,123.8483,255.7812,127.0423,233.0654,239.7764,217.2144,236.5825
240.2231,131.7553,257.3089,135.8687,231.5616,242.8130,214.4758,238.6996
237.6089,139.6810,259.3589,146.0690,230.5094,244.2960,208.7595,237.9080
232.0539,140.1389,260.0834,147.4279,234.6915,245.0717,206.6620,237.7827
229.6170,147.5360,259.3787,154.5470,238.5554,242.9431,208.7936,235.9322
242.7641,148.6472,261.5243,154.3809,231.7108,251.9266,212.9507,246.1928
236.2193,154.0758,264.3174,160.1888,242.9935,258.2041,214.8954,252.0912
226.9025,162.9106,254.6362,164.3737,249.3016,265.4908,221.5679,264.0276
253.2992,278.8019,232.0782,280.6466,222.5520,171.0598,243.7730,169.2151
255.4673,285.8217,239.7176,288.7602,219.7223,181.5893,235.4721,178.6508
259.4706,292.0351,243.2488,295.6534,218.8922,186.4543,235.1141,182.8361
259.9111,299.2489,244.4270,302.5287,220.8041,191.0031,236.2882,187.7233
262.1771,304.9987,246.4064,308.4274,222.1875,197.0298,237.9582,193.6011
267.4249,310.8563,248.8227,314.9372,225.0590,206.6156,243.6612,202.5346
274.6517,314.2048,251.6140,320.3554,224.7038,219.5616,247.7415,213.4109
278.1743,316.6944,253.9841,324.3878,222.8976,226.6439,247.0878,218.9504
282.9160,323.8978,264.0708,331.8578,222.0475,232.3690,240.8927,224.4089
285.3333,329.4695,269.9243,336.9923,221.6653,238.1437,237.0742,230.6208
289.2184,332.2648,272.1833,341.1156,224.2622,248.8815,241.2973,240.0307
291.5165,337.6230,268.7760,348.4753,224.1304,254.9225,246.8710,244.0702
292.5698,339.3926,268.5808,350.6072,227.9016,263.5913,251.8905,252.3767
293.0865,344.7477,267.5261,354.5466,232.4885,263.1511,258.0489,253.3522
291.2356,358.7373,270.1177,364.7100,241.2698,262.7110,262.3877,256.7383
289.2014,365.5169,272.0385,369.3103,248.5142,262.8791,265.6771,259.0856
289.9678,371.1030,273.2145,374.4770,250.7079,262.7207,267.4612,259.3468
291.3199,375.0463,275.1167,378.5073,251.0946,266.0443,267.2977,262.5833
292.8404,381.2307,277.3897,384.5674,253.3253,273.1363,268.7759,269.7996
293.7849,384.9160,276.5474,388.5720,252.6870,276.0745,269.9245,272.4185
295.6152,387.7291,276.8370,391.7741,253.4689,283.2941,272.2470,279.2490
296.5145,391.1322,268.5383,395.4001,253.4026,296.1846,281.3788,291.9167
295.8234,392.3248,260.6509,395.1419,253.4823,305.6400,288.6548,302.8229
260.5797,306.0919,295.2957,308.1008,289.7821,403.3835,255.0661,401.3747
282.8152,309.4903,302.0688,314.3504,275.1466,421.0049,255.8930,416.1448
286.5125,314.3731,303.6032,319.5153,271.0461,427.7236,253.9554,422.5815
283.1885,320.9455,301.0109,325.9384,270.2580,435.7121,252.4355,430.7191
274.3427,335.3499,297.2562,341.3163,270.8271,442.8146,247.9136,436.8482
282.4740,340.4825,299.5625,346.6431,261.9172,451.0645,244.8287,444.9039
281.6209,346.9780,299.2139,353.6906,259.2876,458.3323,241.6946,451.6197
278.0651,355.2170,297.3887,362.4391,258.5281,466.4144,239.2045,459.1922
273.0831,361.0026,291.9711,367.0616,258.0655,472.7565,239.1774,466.6974
269.3893,365.7515,287.7963,370.9261,257.7565,477.7840,239.3495,472.6094
266.3404,367.3307,285.5568,372.1985,258.0549,480.7694,238.8384,475.9017
264.1345,368.1970,284.2274,373.0058,258.1588,481.9297,238.0659,477.1209
262.8306,368.1970,281.9196,372.3675,257.3739,484.7174,238.2849,480.5469
259.3401,374.0736,278.1180,377.5966,257.6502,486.6932,238.8723,483.1703
257.6780,376.0936,277.4632,379.3836,258.9270,490.8530,239.1419,487.5629
258.6028,377.3232,276.9279,380.7261,256.2967,491.8268,237.9715,488.4238
259.4812,381.3640,277.0586,384.8044,255.5218,494.8362,237.9444,491.3957
257.9769,385.0552,276.1697,388.6767,254.6291,496.8876,236.4363,493.2661
257.8048,388.4460,275.2320,391.9075,253.7826,499.8945,236.3554,496.4330
256.0816,388.0260,273.5091,391.2988,252.9056,501.0092,235.4781,497.7363
253.0544,389.3379,271.9402,392.1928,255.1996,502.9347,236.3138,500.0797
249.6485,404.0103,278.4242,408.6040,263.1282,504.4207,234.3524,499.8269
244.4111,407.9061,274.2258,409.8434,267.6965,510.3255,237.8818,508.3881
266.7769,525.9655,248.6080,527.4808,239.2158,414.8718,257.3847,413.3564
270.6682,532.0844,253.3703,534.6954,236.3557,421.9723,253.6536,419.3613
274.7121,538.7442,254.2184,541.8038,237.6805,431.0316,258.1742,427.9719
279.6853,541.2531,252.3925,544.8238,238.9226,441.8652,266.2154,438.2945
284.2824,552.4038,261.5211,558.1954,234.3302,451.3340,257.0916,445.5423
287.7892,560.1110,271.7067,565.9870,233.6142,461.7279,249.6968,455.8519
289.9213,564.2025,270.9431,571.3863,233.1142,471.4497,252.0924,464.2660
292.2487,567.1638,268.0132,576.0831,233.6887,482.8174,257.9241,473.8980
293.1006,574.8799,266.4312,582.3445,238.8336,483.7444,265.5031,476.2798
292.2295,580.8075,261.9533,586.5746,242.7133,485.5677,272.9895,479.8007
289.7660,582.0122,259.4441,585.3385,248.8749,488.9914,279.1968,485.6651
287.5409,588.8841,256.1523,589.5875,253.8836,488.3486,285.2722,487.6452
264.0826,491.2400,289.0044,493.0165,281.3845,599.9134,256.4627,598.1369
272.6239,494.1083,293.7264,497.8126,274.7078,606.1560,253.6053,602.4517
278.0583,496.6062,296.1331,500.8002,270.5913,610.8758,252.5166,606.6818
278.8293,499.8676,295.2367,503.7685,268.8675,614.6769,252.4601,610.7759
279.4557,504.2815,295.3867,508.3845,266.9538,618.7819,251.0229,614.6788
278.5820,509.0518,294.7277,513.2876,265.7992,623.5561,249.6535,619.3203
278.4457,511.6150,294.7665,516.1233,264.2077,626.7501,247.8870,622.2418
269.9071,523.8773,292.6409,528.6591,271.4513,629.3994,248.7174,624.6176
259.4467,535.9492,293.4910,539.4851,284.3335,627.6548,250.2892,624.1190
285.3411,640.1085,260.7914,643.0219,248.7676,541.7012,273.3173,538.7878
287.5899,651.5818,270.2247,655.7388,244.6970,549.1007,262.0622,544.9437
316.4050,601.6863,291.9715,651.6339,231.6042,622.1032,256.0377,572.1557
308.5464,582.6113,325.0987,622.3502,245.8003,655.3799,229.2481,615.6411
340.3586,573.5334,350.1281,586.4359,258.4450,655.8564,248.6755,642.9539
361.8410,562.6227,370.8004,577.5457,270.4906,637.7697,261.5312,622.8468
380.8596,549.0891,389.6513,562.8663,296.4552,622.3378,287.6635,608.5605
395.2327,537.1256,403.9759,549.2292,313.8728,614.3158,305.1296,602.2122
410.1785,527.5748,418.6104,539.6953,324.5767,605.1121,316.1449,592.9917
423.8757,518.6623,431.7110,530.4727,342.1692,589.8765,334.3339,578.0660
437.5431,510.5689,445.2244,522.3953,355.9096,580.4056,348.2283,568.5793
447.9203,503.1970,455.4274,515.2546,358.6512,575.5071,351.1442,563.4496
458.5932,496.1653,466.1837,508.6296,370.5256,566.8835,362.9351,554.4193
470.2759,488.8794,479.3153,504.8605,387.6970,556.6824,378.6576,540.7014
467.2256,487.7975,484.8149,527.0532,415.5742,558.0778,397.9850,518.8221
495.9417,507.5472,483.7745,548.6768,407.9814,526.2552,420.1486,485.1257
508.3252,520.5209,494.1760,545.3174,414.6858,499.9593,428.8350,475.1628
519.3212,540.1294,506.5335,555.0325,427.2485,487.0016,440.0362,472.0984
519.4708,532.8356,498.0328,558.1901,432.4207,502.7132,453.8587,477.3587
519.7481,549.0033,484.9171,566.0748,450.6353,496.1298,485.4663,479.0582
517.0764,560.8221,482.2229,569.0695,462.9167,487.4809,497.7701,479.2336
510.8257,577.1154,486.0581,578.6575,479.7817,477.8526,504.5493,476.3105
494.9489,488.6253,514.4683,490.9808,503.1308,584.9312,483.6114,582.5756
494.9353,495.3943,517.6342,498.8275,503.9100,589.5676,481.2111,586.1345
497.6418,501.2404,521.1309,506.7354,500.2274,596.0907,476.7383,590.5958
508.0224,499.7549,527.0026,506.6058,491.9836,603.6249,473.0035,596.7740
511.6212,504.3851,526.9516,510.6919,486.9464,607.9346,471.6160,601.6278
508.0942,513.4883,523.4291,519.8192,484.9184,613.1020,469.5835,606.7712
508.0572,510.8636,524.2539,517.2807,484.2797,618.1751,468.0830,611.7580
500.5284,524.0181,537.3856,541.4076,501.9388,616.5372,465.0816,599.1476
520.1041,615.4538,483.1876,622.1801,468.5861,542.0411,505.5025,535.3148
521.4312,631.3786,501.8009,639.9181,461.4573,547.1778,481.0876,538.6383
526.6628,641.0385,513.8448,648.7501,462.2127,562.9293,475.0308,555.2177
531.2662,651.0568,518.3129,658.7585,463.9851,567.3845,476.9384,559.6829
536.6614,660.8710,523.8804,668.4908,468.2414,575.1649,481.0224,567.5451
542.3284,667.8076,529.4542,676.1192,469.2487,582.8652,482.1229,574.5536
549.3520,675.2227,535.1821,684.7274,474.6251,594.4471,488.7949,584.9424
568.4095,648.2524,535.4210,684.5573,481.2798,635.3615,514.2683,599.0568
527.0953,603.1851,569.4232,632.5446,530.3260,688.9114,487.9981,659.5520
540.0676,601.8811,569.7156,615.9850,531.9769,695.3160,502.3289,681.2121
546.8708,577.6066,571.9294,583.3279,547.6672,689.5934,522.6086,683.8721
553.6581,567.0235,579.9630,578.1796,537.3478,678.6620,511.0429,667.5059
568.3418,538.9073,585.7190,545.0697,550.2904,644.9738,532.9132,638.8113
573.4708,519.6729,590.8071,524.3851,562.4249,628.8059,545.0885,624.0938
584.9118,503.5840,598.7306,508.9310,557.9524,614.3167,544.1336,608.9696
584.3858,496.6723,617.8632,511.1115,583.5728,590.6140,550.0953,576.1747
634.1886,518.6759,612.5340,572.9962,553.6294,549.5140,575.2840,495.1938
644.9498,525.6476,630.4274,554.6547,556.0198,517.4025,570.5422,488.3954
663.5557,555.6461,653.6526,566.9692,572.3572,495.8704,582.2603,484.5471
681.2983,565.2045,671.8375,577.2445,584.5590,508.6627,594.0198,496.6227
699.8229,576.1154,688.2683,591.1008,600.4843,523.4141,612.0389,508.4286
711.3514,590.4739,700.8339,602.0621,620.6373,529.2755,631.1548,517.6873
725.2261,599.4489,714.6514,611.6873,629.1479,537.8079,639.7227,525.5694
738.7257,608.6893,729.5042,620.2927,640.2560,549.3649,649.4774,537.7615
750.3133,617.3263,740.5990,629.2921,656.2360,560.8027,665.9503,548.8370
760.2252,626.5353,750.5204,638.2790,667.9352,570.0313,677.6400,558.2877
770.2943,634.0127,760.4012,646.2915,674.3251,576.9404,684.2180,564.6616
780.0594,641.4930,770.5956,653.5693,681.9893,584.1313,691.4531,572.0550
788.9464,648.3527,779.0283,660.9526,694.5798,594.4786,704.4979,581.8786
795.6251,653.7808,785.9167,666.0715,700.7260,598.7803,710.4343,586.4896
803.1155,660.3732,793.6486,672.5554,705.2126,603.8307,714.6796,591.6485
812.1012,659.2910,799.6430,676.9447,713.6417,616.2538,726.0999,598.6001
814.4181,642.6963,790.8827,677.0120,725.2586,632.0038,748.7940,597.6881
815.8049,623.3043,813.2007,667.6937,735.9763,663.1631,738.5806,618.7737
819.8710,627.3660,824.0624,659.9280,735.0112,671.3909,730.8197,638.8290
824.8070,625.5670,832.7797,651.4519,742.6130,679.2236,734.6404,653.3387
834.4482,620.1551,843.1420,636.8936,749.0565,685.7606,740.3627,669.0221
839.1254,616.5247,847.2329,628.9941,761.4465,684.7718,753.3390,672.3024
844.5527,612.8048,852.8326,625.4340,763.2875,684.1408,755.0077,671.5117
850.3253,609.6930,858.4832,623.1630,764.6065,680.0186,756.4485,666.5486
855.5464,607.9459,862.9614,621.4796,763.8611,675.7762,756.4461,662.2426
861.1647,604.2706,869.4279,622.0596,771.0698,667.7485,762.8065,649.9594
865.2563,601.1979,873.4398,617.1650,777.9026,666.1301,769.7191,650.1630
863.8961,599.8478,878.1749,626.9397,804.3989,665.8234,790.1201,638.7315
881.2944,603.8884,887.6567,632.8720,799.7982,652.1582,793.4359,623.1746
907.0961,615.5782,906.8978,635.5347,798.5875,634.4587,798.7857,614.5021
913.6621,620.4759,911.7342,640.1849,810.9222,630.3234,812.8502,610.6144
922.5870,623.3921,920.6329,640.0512,817.8517,627.9952,819.8057,611.3361
930.5698,622.2610,928.8947,639.1978,826.6257,629.0831,828.3007,612.1463
941.4960,618.9885,940.1820,641.5023,837.2228,635.4932,838.5367,612.9794
945.8591,615.9852,944.7997,641.9503,848.5112,638.0217,849.5706,612.0565
952.1603,611.4017,954.0836,637.3224,858.0056,644.4514,856.0823,618.5308
964.5831,609.3627,968.6177,628.8793,860.2574,651.2803,856.2228,631.7637
975.2695,608.1874,979.3555,623.5285,872.6255,651.9556,868.5394,636.6145
984.0066,608.6755,987.5347,624.1603,878.3333,649.0409,874.8052,633.5561
989.5203,607.8139,992.6609,628.2277,885.8762,644.6566,882.7355,624.2427
998.0794,605.6277,1001.7548,621.6035,896.0468,645.9222,892.3714,629.9465
1008.2862,602.2968,1012.2997,615.3795,902.8194,648.9652,898.8060,635.8825
1015.5878,599.6844,1019.9918,613.5181,912.6234,647.6989,908.2194,633.8651
1023.2968,598.2878,1027.0846,611.3080,913.7818,644.2698,909.9940,631.2496
1028.5192,597.3520,1032.2919,611.0021,920.4837,641.9042,916.7110,628.2541
1035.3176,595.1942,1039.1490,608.4158,928.7416,640.4107,924.9101,627.1891
1037.4919,594.2051,1041.2292,606.8370,933.8314,638.6125,930.0941,625.9807
1036.8389,591.6450,1044.3947,617.7983,956.1676,643.2874,948.6119,617.1341
1048.7321,596.3970,1051.4998,627.9829,962.4529,635.7857,959.6851,604.1998
1069.1404,604.8541,1067.6877,626.9572,958.3727,619.7729,959.8253,597.6698
1076.5646,614.3375,1073.5778,629.4807,965.2409,608.1123,968.2278,592.9691
1082.5414,616.3777,1079.1698,631.8158,976.3981,609.3713,979.7696,593.9333
1092.7449,616.4147,1089.1501,634.6108,980.6404,613.1739,984.2352,594.9777
1098.3384,621.1671,1094.7434,636.1113,985.4894,609.8301,989.0843,594.8858
1106.3798,624.8497,1102.3198,639.0273,996.8794,608.8334,1000.9393,594.6558
1115.3616,626.1805,1111.1870,641.3293,1002.0541,611.2553,1006.2287,596.1065
1122.4685,626.9074,1118.1398,643.4359,1007.9693,614.5830,1012.2980,598.0545
1124.3597,619.5137,1119.6971,644.1324,1021.4645,625.5282,1026.1271,600.9094
1123.9651,608.4426,1122.8743,641.5229,1037.5537,638.7098,1038.6444,605.6294
1134.0812,604.9701,1138.7928,629.6081,1042.2020,648.0799,1037.4904,623.4419
1145.4655,603.3025,1150.8794,622.1776,1049.6956,651.2001,1044.2816,632.3250
1151.7977,597.4927,1159.3213,616.0338,1065.7919,653.9864,1058.2682,635.4453
1153.0105,591.2497,1171.0726,646.5316,1083.1420,675.2611,1065.0797,619.9792
1173.2571,604.6904,1168.2074,652.2710,1077.3226,642.6253,1082.3724,595.0447
1179.7231,597.3978,1175.9055,655.6060,1075.8495,649.0436,1079.6672,590.8354
1172.0703,596.8576,1173.7765,637.7781,1071.2334,642.0536,1069.5272,601.1331
1175.3485,586.6649,1180.8248,626.5138,1073.1727,641.3080,1067.6964,601.4592
1208.0427,589.0269,1212.2560,605.3973,1099.9169,634.3097,1095.7036,617.9394
1209.6112,590.0527,1212.1602,625.0247,1104.4905,632.8723,1101.9415,597.9004
1219.2399,614.6877,1190.3199,648.6074,1124.3497,592.3610,1153.2697,558.4413
1219.5918,662.4938,1200.5145,669.2921,1164.2615,567.5585,1183.3386,560.7603
1224.5134,685.7066,1209.8483,690.6880,1173.8263,584.6389,1188.4915,579.6575
1231.5886,702.6298,1214.7595,708.6927,1178.6194,608.3775,1195.4485,602.3145
1233.3976,724.8487,1219.4547,728.4564,1192.1072,622.7628,1206.0502,619.1552
1239.3920,743.6242,1224.1514,747.3857,1197.7988,640.6127,1213.0396,636.8512
1245.6735,757.5483,1230.7533,762.0594,1199.1595,657.5662,1214.0797,653.0551
1251.2524,771.3126,1236.8438,776.0830,1202.5765,672.5822,1216.9852,667.8117
1271.9242,762.3578,1231.2786,777.9496,1203.4553,705.4180,1244.1010,689.8262
1292.7247,737.7922,1291.5388,769.8496,1196.4008,766.3302,1197.5867,734.2728
1330.5562,746.7581,1331.3977,764.2659,1226.5188,769.3073,1225.6772,751.7994
1371.6552,750.2846,1370.0509,771.0691,1269.0687,763.2745,1270.6731,742.4900
1399.9628,744.5975,1400.0413,766.3230,1296.4871,766.6970,1296.4086,744.9715
1394.8925,698.0514,1419.8842,712.1946,1373.8546,793.5307,1348.8630,779.3875
1421.7469,656.8003,1440.2510,666.2955,1393.1632,758.0588,1374.6593,748.5636
1453.8118,627.3387,1465.0437,636.4200,1400.7004,716.0015,1389.4685,706.9202
1480.0560,597.0151,1491.3501,607.4335,1419.1598,685.6911,1407.8657,675.2727
1503.8500,575.1008,1513.8184,585.7779,1434.1448,660.1628,1424.1764,649.4857
1526.3628,553.7197,1536.1963,564.6934,1455.4448,637.0543,1445.6113,626.0806
1546.2916,532.8270,1556.6805,543.8011,1477.7448,618.5273,1467.3560,607.5532
1561.0065,515.4481,1571.7228,525.9781,1494.2743,604.7961,1483.5581,594.2661
1574.4778,498.8457,1585.7764,509.2597,1511.2252,590.1431,1499.9266,579.7291
1552.5970,479.7209,1592.9801,504.5002,1555.0228,566.3596,1514.6398,541.5803
1598.4005,536.8003,1568.0502,552.9446,1527.6781,477.0479,1558.0283,460.9035
1600.5135,519.5355,1588.7341,530.5384,1515.1907,451.8051,1526.9701,440.8022
1588.5444,504.3688,1576.7776,515.0780,1502.2789,433.2215,1514.0458,422.5123
1573.9318,485.5082,1562.2616,496.2010,1489.2518,416.5176,1500.9221,405.8248
1563.0728,464.5519,1549.0978,478.2478,1473.0668,400.6675,1487.0417,386.9716
1547.1312,454.9324,1532.0062,467.1075,1463.6578,382.1987,1478.7827,370.0237
1532.7549,450.1393,1519.3988,458.9238,1457.8533,365.3495,1471.2094,356.5650
1522.6852,436.0222,1509.7260,444.3507,1449.1737,350.1306,1462.1329,341.8021
1516.4324,422.9933,1503.6936,431.8028,1440.5579,340.5072,1453.2966,331.6977
1510.4852,410.7894,1497.9747,419.8385,1432.3342,329.0899,1444.8447,320.0407
1506.3716,398.3552,1492.3970,409.0640,1423.6650,319.3705,1437.6396,308.6617
1500.8894,389.7020,1486.9431,400.4081,1417.5249,309.9808,1431.4711,299.2747
1503.4846,377.5167,1456.6335,404.2203,1411.6288,325.2601,1458.4800,298.5565
1492.8042,305.7835,1495.1963,360.4347,1407.1598,364.2880,1404.7677,309.6368
2
0
0
0
0
1
1217.1272,356.1712,1216.7517,367.3881,1135.7971,364.6786,1136.1725,353.4617
1202.1965,356.4395,1201.7198,367.3088,1126.7919,364.0230,1127.2686,353.1537
1184.0741,354.8484,1183.8848,366.2057,1108.8951,364.9562,1109.0845,353.5989
1167.2061,356.0636,1166.6545,368.7499,1095.7216,365.6662,1096.2731,352.9798
1154.1681,356.0179,1153.7938,368.4530,1081.8264,366.2867,1082.2007,353.8517
1137.2231,356.3228,1136.7120,368.7315,1067.7705,365.8916,1068.2816,353.4830
1125.1539,356.7800,1124.8042,367.7423,1054.8398,365.5103,1055.1896,354.5479
1112.1904,357.4897,1111.7053,368.5519,1040.7736,365.4417,1041.2585,354.3794
1099.1736,357.8791,1098.6859,369.0406,1026.7545,365.8976,1027.2422,354.7361
1088.2153,358.8751,1087.6382,370.0219,1013.7372,366.1955,1014.3144,355.0486
1067.3859,359.3680,1065.0825,375.1072,995.1249,364.8694,997.4282,349.1302
1043.1813,350.0919,1033.2883,383.5112,974.3674,366.0692,984.2603,332.6498
1024.9153,389.2223,1009.6835,404.0761,965.5603,358.8307,980.7920,343.9768
1035.7865,393.5440,1028.7472,405.6083,966.5593,369.3224,973.5986,357.2582
1043.9869,396.4592,1037.9835,407.5971,969.3223,370.5884,975.3257,359.4505
1052.8257,401.8250,1047.0908,412.8318,977.9172,376.7900,983.6521,365.7832
1054.7319,401.9417,1049.4135,412.7783,980.2897,378.8534,985.6081,368.0168
1056.0388,403.0011,1050.7631,413.9213,985.0320,382.1656,990.3077,371.2454
1057.7465,395.0616,1052.0251,410.1823,984.3503,384.5753,990.0718,369.4546
1063.4679,392.3888,1047.9308,415.0196,1004.2488,385.0299,1019.7859,362.3991
1062.7589,419.5756,1032.3582,425.0428,1022.4012,369.6773,1052.8021,364.2101
1060.8470,436.6458,1023.6520,437.3188,1022.5530,376.5803,1059.7480,375.9073
1073.6520,398.3047,1065.0184,442.8650,1004.9048,431.2179,1013.5384,386.6577
1050.9316,431.6973,1040.0366,444.1133,984.6711,395.5300,995.5662,383.1140
1039.8358,415.6769,1033.3684,427.2305,967.4670,390.3403,973.9344,378.7867
1029.1511,400.6685,1022.5363,418.0354,945.2538,388.5992,951.8687,371.2323
1015.9058,398.9228,1006.6735,413.4459,948.5667,376.5073,957.7991,361.9843
999.6915,372.4508,997.6122,390.5325,920.1229,381.6213,922.2023,363.5396
972.7937,367.3502,970.3747,385.7230,889.0208,375.0118,891.4398,356.6390
957.1370,375.7429,952.0959,390.8374,870.5246,363.5957,875.5656,348.5011
936.1724,365.0718,932.1625,380.8120,852.1544,360.4294,856.1643,344.6893
922.3103,358.0086,920.5684,370.2413,838.3973,358.5406,840.1392,346.3078
906.4409,352.5893,904.4601,369.3777,824.2743,359.9174,826.2550,343.1290
881.4118,340.7184,880.4591,363.5496,802.5381,360.2982,803.4907,337.4670
869.4695,338.7149,867.1575,367.0764,784.9434,360.3744,787.2554,332.0128
849.4864,357.6813,840.6265,372.0514,766.5725,326.3930,775.4324,312.0229
830.1971,327.6299,822.8658,360.6207,753.3784,345.1790,760.7097,312.1883
832.4608,318.2133,833.3657,331.9272,740.5675,338.0507,739.6626,324.3368
807.0120,316.0762,808.2469,335.1969,720.8066,340.8443,719.5717,321.7236
792.9438,334.3991,790.4971,347.9132,701.1806,331.7420,703.6274,318.2280
773.0416,326.7101,771.2708,341.6556,684.2957,331.3500,686.0666,316.4045
749.6130,317.4487,748.7460,338.3243,666.5617,334.9113,667.4286,314.0357
738.4883,325.2813,734.8870,342.0164,648.7563,323.4818,652.3576,306.7466
723.4866,328.0764,718.7558,343.0922,630.9009,315.4131,635.6317,300.3973
706.9887,323.0123,702.4815,336.7480,613.3632,307.5049,617.8704,293.7692
696.5206,315.8564,691.4291,333.7685,603.8541,308.8749,608.9456,290.9629
686.9681,314.5990,681.4001,331.9094,593.1047,303.5085,598.6728,286.1980
675.9573,308.0847,670.8544,325.6691,575.2820,297.9345,580.3849,280.3501
672.0209,302.2629,669.1288,316.6547,565.2064,295.7707,568.0986,281.3789
662.4364,297.0771,659.8969,313.0432,554.2252,296.2357,556.7647,280.2696
649.9579,293.8334,647.4751,309.4602,544.2913,293.0659,546.7741,277.4391
642.2682,293.2830,639.7100,307.9070,535.2955,289.6417,537.8537,275.0177
634.1210,292.9765,631.2021,307.4757,525.3262,286.1615,528.2451,271.6623
626.7934,293.6568,623.5389,307.9644,514.3286,283.1230,517.5830,268.8154
613.7248,284.5443,608.9996,309.6420,506.4753,290.3394,511.2005,265.2417
583.6028,255.5852,589.8549,274.5804,493.2321,306.3829,486.9800,287.3878
559.1935,267.2431,564.0095,285.4397,462.5045,312.3049,457.6885,294.1082
535.5184,282.9981,537.6280,299.3184,440.4366,311.8816,438.3270,295.5613
506.2969,283.1030,509.1737,296.3715,409.4897,317.9842,406.6130,304.7156
484.9286,289.8033,487.3154,303.5704,387.7999,320.8234,385.4131,307.0563
465.8600,296.5823,467.5251,310.9517,365.2098,322.8078,363.5447,308.4384
445.3721,298.7818,447.1447,313.4327,345.2449,325.7610,343.4724,311.1102
413.0064,286.3537,417.3877,320.3715,328.2575,331.8509,323.8762,297.8331
397.3448,313.7086,377.4351,347.1799,311.4812,307.9487,331.3908,274.4774
383.8462,331.7223,357.9187,352.8954,302.5515,285.0956,328.4790,263.9226
359.5173,344.1162,344.3791,351.6282,299.4840,261.1548,314.6222,253.6429
346.1951,335.1587,331.8339,341.1622,292.1074,246.1317,306.4686,240.1281
339.1371,322.1105,325.0410,328.2675,280.6112,226.5473,294.7074,220.3904
333.1982,310.9989,318.5146,317.2846,276.0130,217.9991,290.6967,211.7134
322.1249,303.4517,308.4562,308.2548,271.3755,202.7297,285.0442,197.9267
315.2755,293.4956,300.7217,298.0568,266.9282,190.2282,281.4821,185.6671
311.6187,279.3869,297.0681,284.2290,262.4778,180.2860,277.0283,175.4438
307.2338,269.8069,292.1109,274.7540,257.9629,170.3645,273.0858,165.4175
305.6524,261.9964,290.2608,267.2902,254.1595,162.3250,269.5511,157.0312
302.7407,253.8876,285.9576,259.8102,248.6866,154.1936,265.4697,148.2710
299.6773,246.8700,282.1494,252.7917,245.9812,145.7363,263.5092,139.8145
314.8088,207.4189,270.0675,226.9715,239.8006,157.7128,284.5419,138.1603
281.3255,131.3566,314.9041,168.4219,263.4202,215.0627,229.8417,177.9974
297.3527,130.0063,315.2484,162.4663,241.2264,203.2757,223.3307,170.8157
325.0574,127.5338,331.4961,146.2414,226.5385,182.3649,220.0998,163.6573
339.0861,126.8492,343.4391,142.4609,235.5543,172.5421,231.2013,156.9304
349.8161,120.6173,355.1100,136.6466,249.7094,171.4563,244.4155,155.4271
360.1947,115.8996,365.8441,132.7388,258.7124,168.6805,253.0630,151.8413
370.9630,113.2623,375.8391,128.7052,268.0830,162.7293,263.2069,147.2865
380.6008,111.2203,384.5346,125.3813,274.6938,155.8939,270.7601,141.7328
390.5727,108.3319,394.4019,122.5266,284.7338,152.1110,280.9046,137.9163
399.1117,106.4504,402.6641,121.4094,291.9562,147.7002,288.4037,132.7412
407.4008,103.9734,410.7888,118.3477,297.8853,144.9590,294.4972,130.5847
413.3134,101.6495,416.6489,115.9477,304.6559,142.0734,301.3203,127.7752
419.4150,99.9826,422.7025,114.0466,313.1635,139.6515,309.8761,125.5875
424.3654,97.8625,428.1375,118.5216,322.4712,137.8146,318.6992,117.1555
421.9597,96.9751,426.3720,128.9883,341.0714,140.7451,336.6591,108.7319
435.8272,104.9544,431.6589,138.3142,344.9574,127.4807,349.1258,94.1209
448.4217,115.8254,441.8120,137.8736,347.5452,109.6140,354.1549,87.5658
460.3564,128.1843,454.5137,142.1203,361.1199,102.9651,366.9626,89.0291
469.4549,131.0492,463.6198,145.5927,368.7685,107.5368,374.6036,92.9933
478.5818,133.0057,473.7420,146.4694,373.0501,110.2737,377.8899,96.8100
486.9020,135.5734,482.4038,148.7840,378.2747,113.3278,382.7730,100.1172
496.4592,138.7334,491.7315,152.5464,383.8741,115.6307,388.6017,101.8177
500.6021,140.9660,495.7466,154.8128,393.8673,119.0879,398.7228,105.2411
507.4810,144.4857,502.4893,157.9221,398.4916,119.2863,403.4833,105.8499
513.3185,148.0788,508.4027,160.9639,404.6938,121.3981,409.6095,108.5131
