1
276.1998,65.9345,297.7873,66.0688,297.3880,130.2295,275.8005,130.0952
298.8961,130.8578,276.0764,130.9575,275.7925,65.9581,298.6121,65.8585
276.7330,66.8876,298.5089,67.1333,297.7781,131.9005,276.0022,131.6548
298.8784,132.0240,274.8463,132.2768,274.1677,67.7674,298.1998,67.5146
275.5742,67.7999,299.1819,68.2152,298.0355,133.3743,274.4278,132.9590
296.3865,130.6500,275.8513,130.9393,274.9362,65.9977,295.4714,65.7083
296.4807,128.7778,276.3465,129.2455,274.8666,65.5406,295.0008,65.0729
275.7797,63.7385,298.4585,64.2816,296.8984,129.4237,274.2196,128.8805
275.4645,63.8469,298.8174,64.1691,297.8896,131.4215,274.5367,131.0993
299.5269,128.5568,275.0339,129.1674,273.4745,66.6148,297.9675,66.0042
298.6995,131.8940,274.9119,132.2429,273.9417,66.0926,297.7292,65.7437
299.5783,130.7357,276.4826,131.1645,275.2719,65.9410,298.3675,65.5123
276.0591,64.9784,299.2266,65.0219,299.1078,128.3895,275.9402,128.3460
279.3712,65.1940,299.7494,65.4352,298.9915,129.4843,278.6133,129.2431
277.5040,64.8464,299.0881,65.1726,298.0795,131.9107,276.4953,131.5845
275.3382,66.8773,299.9666,67.1341,299.2861,132.4010,274.6577,132.1443
276.4977,65.8439,298.6333,66.1733,297.6400,132.9221,275.5043,132.5927
297.1255,131.7791,275.6168,131.8058,275.5352,66.1459,297.0440,66.1192
296.6788,129.4077,275.7685,129.5617,275.2906,64.6810,296.2010,64.5270
276.4673,66.1650,297.8117,66.4809,296.8772,129.6324,275.5328,129.3165
297.9943,132.0513,275.0379,132.1277,274.8172,65.8361,297.7736,65.7597
304.9055,124.5999,277.8517,127.7159,271.2430,70.3366,298.2967,67.2206
300.2614,126.5191,276.0668,127.0616,274.7066,66.3993,298.9013,65.8568
277.8484,65.0482,300.1699,65.6428,298.4453,130.3871,276.1239,129.7926
277.5741,62.8144,299.6201,63.2124,298.4626,127.3330,276.4166,126.9351
279.5414,63.2478,299.6469,63.4297,299.0569,128.6654,278.9514,128.4836
276.6017,63.8002,299.8528,64.2219,298.6949,128.0632,275.4438,127.6415
275.2485,65.9067,299.8542,66.0981,299.3807,126.9821,274.7751,126.7908
300.1059,129.5330,276.1817,129.9869,274.9343,64.2383,298.8585,63.7844
298.6495,129.5097,275.6771,129.7261,275.0468,62.8121,298.0192,62.5957
297.9461,127.6312,276.1786,127.9597,275.1893,62.3953,296.9568,62.0669
298.4917,124.0758,275.6804,124.1768,275.3997,60.7910,298.2111,60.6900
298.0002,129.0205,276.0822,129.5481,274.4528,61.8518,296.3708,61.3243
299.5829,130.0406,277.3817,130.6447,275.5227,62.3303,297.7239,61.7262
299.8677,130.8575,277.0307,131.1558,276.1313,62.2893,298.9682,61.9911
277.1190,61.9612,299.3433,62.0414,299.1040,128.3617,276.8797,128.2815
298.9145,127.0486,276.8220,127.1171,276.6205,62.1624,298.7130,62.0939
300.5223,126.5944,278.8398,127.3709,276.4495,60.6306,298.1320,59.8540
274.0623,63.9754,300.0145,64.0248,299.8979,125.3398,273.9457,125.2905
299.5592,129.9935,276.9063,130.0521,276.7342,63.5772,299.3871,63.5185
298.0877,126.8566,276.0603,126.9178,275.8831,63.1898,297.9105,63.1286
298.8489,128.9059,276.0496,129.1740,275.2625,62.2439,298.0619,61.9758
276.0386,61.9876,297.9809,62.0132,297.9030,128.8168,275.9607,128.7912
297.1202,123.8958,274.3210,124.1029,273.7486,61.0897,296.5478,60.8826
298.3906,130.2326,273.8065,130.7529,272.3756,63.1478,296.9597,62.6274
301.1110,125.8832,273.2491,126.3575,272.2178,65.7725,300.0797,65.2982
275.2704,63.9059,299.6044,64.1026,299.0583,131.6627,274.7244,131.4660
275.2172,62.9247,299.0074,63.0814,298.5708,129.3808,274.7806,129.2241
298.0143,126.7014,274.5143,126.9373,273.8646,62.2063,297.3646,61.9704
299.4186,124.4307,275.5830,124.7569,274.7331,62.6447,298.5687,62.3186
299.7680,123.9442,272.2461,124.0458,272.0291,65.2653,299.5510,65.1637
299.5639,125.2779,274.0159,125.8239,272.6937,63.9489,298.2418,63.4029
298.0063,131.7962,275.2259,132.2850,273.7252,62.3434,296.5056,61.8546
296.5550,129.1327,274.4521,129.2381,274.1273,61.1554,296.2303,61.0500
296.8299,126.2690,274.1542,126.2945,274.0809,61.1059,296.7567,61.0804
273.1113,60.9590,298.3350,61.0420,298.1148,127.9495,272.8911,127.8665
299.6501,122.9761,272.5651,124.1754,269.8918,63.7988,296.9768,62.5996
304.2464,121.3892,273.7332,125.0879,266.7714,67.6545,297.2846,63.9558
272.6648,62.7429,299.9302,63.2810,298.6032,130.5215,271.3377,129.9834
273.5988,62.7911,297.3532,63.2191,296.1444,130.3025,272.3900,129.8744
297.8337,129.6613,274.8385,130.2223,273.1459,60.8403,296.1411,60.2794
275.2506,60.9219,297.2861,61.0805,296.8137,126.7473,274.7782,126.5887
274.3846,63.8628,298.3535,64.1428,297.5783,130.4879,273.6095,130.2078
298.0708,130.9025,273.6578,131.0792,273.1734,64.1387,297.5863,63.9621
297.3471,133.7836,272.4770,133.9327,272.0515,62.9702,296.9215,62.8210
296.3145,129.5899,272.8315,130.0237,271.5818,62.3734,295.0648,61.9396
272.0983,61.9652,297.0213,62.0376,296.8230,130.3215,271.9000,130.2491
298.0927,124.3341,271.2672,124.7601,270.2916,63.3235,297.1170,62.8975
299.0230,123.4492,272.4729,124.8786,269.3045,66.0287,295.8546,64.5993
297.7037,124.9330,271.2542,125.1890,270.6617,63.9685,297.1111,63.7125
272.0137,61.9953,296.6011,62.0050,296.5736,132.1082,271.9863,132.0986
274.4731,62.2531,297.9334,62.5831,296.9614,131.6694,273.5011,131.3393
273.2289,60.9269,296.7649,61.0808,296.3039,131.6071,272.7679,131.4533
272.0541,60.9823,295.6613,61.0180,295.5519,133.3263,271.9447,133.2906
296.6183,125.5821,270.7451,125.8906,270.0001,63.4077,295.8734,63.0992
295.6729,132.9366,271.0794,133.2903,270.0605,62.4344,294.6539,62.0807
295.9124,134.7257,270.9376,135.2442,269.4072,61.5379,294.3820,61.0193
295.7688,131.4752,270.0753,131.9078,268.8936,61.7248,294.5871,61.2922
269.2444,61.3444,294.9533,61.5288,294.4493,131.7915,268.7404,131.6071
294.7139,122.0177,266.9147,122.0922,266.7558,62.7907,294.5551,62.7163
295.6970,123.0503,266.0843,123.5365,265.1314,65.4992,294.7441,65.0130
268.3276,61.8781,295.7707,62.1328,295.1165,132.5984,267.6735,132.3436
270.4155,61.4469,296.2669,62.5260,293.2843,133.9729,267.4329,132.8937
269.9197,59.1440,294.1909,59.7904,292.3022,130.6995,268.0310,130.0530
269.3270,58.8896,293.7650,59.1186,293.1066,129.3593,268.6687,129.1302
267.3443,60.5233,294.5873,61.5486,291.8930,133.1363,264.6500,132.1110
265.9614,61.6373,294.1297,62.3899,292.2032,134.5008,264.0348,133.7482
265.6467,63.3479,295.1765,64.7271,291.9730,133.3177,262.4432,131.9385
266.5023,60.8293,292.9813,61.1831,291.9756,136.4535,265.4967,136.0997
265.8956,59.7030,292.6049,60.3275,290.8170,136.7884,264.1078,136.1639
262.4591,61.4355,293.2001,62.6300,290.2919,137.4698,259.5510,136.2752
293.6767,135.4336,266.6454,136.0561,264.9363,61.8375,291.9676,61.2150
296.8479,134.5111,262.3198,135.0920,261.1786,67.2651,295.7068,66.6842
263.1944,69.9053,296.7713,70.0922,296.4040,136.0617,262.8271,135.8748
295.0409,145.4132,264.5207,145.6567,263.9296,71.5623,294.4498,71.3188
295.6946,145.2459,266.3095,146.0530,264.2722,71.8825,293.6574,71.0754
296.7978,147.0038,268.2547,148.7102,263.7274,72.9833,292.2705,71.2768
298.5569,148.5235,269.8789,150.0340,265.8423,73.3925,294.5203,71.8820
296.6385,152.8420,268.5489,153.4762,266.7574,74.1240,294.8470,73.4898
296.9755,151.1582,266.8853,151.3883,266.2931,73.9595,296.3832,73.7294
296.0077,150.1033,267.5308,151.0957,264.8240,73.4207,293.3009,72.4284
266.7107,73.7059,297.0054,76.6090,290.2259,147.3545,259.9312,144.4514
266.2742,73.4689,296.5689,74.6045,294.0193,142.6222,263.7246,141.4866
293.9443,143.9536,264.3051,144.0145,264.1593,73.1520,293.7985,73.0910
263.7031,73.6956,294.7772,74.3234,293.3584,144.5539,262.2843,143.9261
265.8782,71.9383,295.1347,74.9256,287.6542,148.1870,258.3977,145.1997
265.5795,69.0710,295.2168,72.6202,286.0403,149.2482,256.4031,145.6990
265.2228,67.3315,293.8096,70.3941,285.3287,149.5563,256.7419,146.4937
264.6817,66.3848,293.8228,69.6228,284.3908,154.5075,255.2498,151.2695
265.6320,65.7185,294.8979,68.8233,285.7551,155.0032,256.4892,151.8984
264.2452,66.4334,294.7650,70.1429,284.3893,155.5098,253.8695,151.8003
264.0647,67.0881,293.4399,70.6352,283.0687,156.5230,253.6935,152.9758
265.1788,67.5827,293.2979,70.4182,284.8621,154.0755,256.7430,151.2401
264.8667,67.6359,292.5402,70.1943,284.7601,154.3506,257.0866,151.7923
265.3708,68.4290,294.0836,70.8238,287.2286,153.0132,258.5158,150.6184
264.5443,68.7795,295.0017,70.7114,289.8689,151.6349,259.4114,149.7030
264.6873,69.0070,297.3188,71.1992,291.9889,150.5385,259.3575,148.3464
267.6293,67.5443,298.3015,70.2609,290.9069,153.7513,260.2347,151.0347
269.8965,65.7956,297.3937,68.2111,289.6531,156.3275,262.1558,153.9119
270.1698,64.8878,298.8616,66.9569,292.6837,152.6257,263.9919,150.5566
272.7738,64.7735,301.0004,67.1719,293.6616,153.5415,265.4351,151.1431
271.6223,65.7306,302.5083,68.2878,295.1286,157.4210,264.2426,154.8639
272.4249,66.3868,304.2153,69.5877,295.3120,158.0143,263.5215,154.8134
275.7993,67.2367,305.5054,70.5959,295.5792,158.3764,265.8731,155.0173
277.3110,65.1858,306.5505,68.7591,295.9325,155.6436,266.6930,152.0703
278.0389,65.4734,306.4463,68.7796,296.2319,156.5440,267.8245,153.2378
277.4959,66.3036,307.1493,69.4698,297.9561,155.5700,268.3026,152.4038
278.7444,68.1132,308.9463,71.4773,299.6230,155.1792,269.4211,151.8151
277.2332,67.2460,310.7845,71.5199,300.7026,150.6657,267.1513,146.3918
278.1485,65.6609,309.6677,68.8318,301.6106,148.9189,270.0914,145.7480
277.6469,64.7753,309.1873,67.5572,302.1059,147.8467,270.5655,145.0649
275.2514,66.4807,309.0872,67.5637,306.5947,145.4326,272.7589,144.3496
308.4078,145.1740,276.0297,145.4409,275.3767,66.2307,307.7549,65.9638
278.8637,68.3286,310.7611,69.7933,307.0450,150.7175,275.1476,149.2527
279.4050,68.7976,311.9596,71.5019,305.2025,152.8446,272.6478,150.1403
279.5942,66.4842,310.8119,69.8358,301.8059,153.7200,270.5882,150.3684
278.9221,65.2684,311.6829,69.2237,301.9925,149.4868,269.2317,145.5315
278.1510,65.5389,309.5869,66.4729,307.2809,144.0869,275.8451,143.1529
277.6336,66.7217,312.3059,67.2944,311.0386,144.0104,276.3663,143.4376
278.9880,67.5921,312.1053,68.4369,310.1213,146.2114,277.0040,145.3666
279.3147,66.4813,312.0383,67.5708,309.4059,146.6401,276.6823,145.5506
279.4146,65.4166,313.0947,66.6156,310.2584,146.2865,276.5783,145.0875
279.7212,65.7033,313.6645,66.3280,312.2195,144.8328,278.2762,144.2081
283.0426,63.2617,314.5937,64.8418,310.5384,145.8163,278.9873,144.2362
281.2548,66.5084,313.6226,67.5326,311.1096,146.9498,278.7419,145.9256
281.7299,68.2221,318.0842,69.8421,314.6251,147.4669,278.2708,145.8469
280.5342,68.7070,321.7913,71.4716,316.7924,146.0733,275.5352,143.3087
281.7385,68.2250,315.4898,69.7629,312.0317,145.6525,278.2804,144.1146
280.5704,70.1716,321.2736,71.9013,318.1294,145.8910,277.4263,144.1613
283.0107,69.0847,319.2803,70.9967,315.3022,146.4570,279.0327,144.5450
283.2475,71.8816,319.6284,72.1264,319.1277,146.5395,282.7469,146.2948
282.3514,70.8338,319.2709,71.1764,318.5626,147.5120,281.6431,147.1694
283.9905,67.5778,318.5598,68.4662,316.5732,145.7675,282.0039,144.8791
318.3944,145.2465,282.5701,145.5338,281.9417,67.1578,317.7661,66.8706
320.4118,142.9456,282.0214,143.0630,281.7898,67.3411,320.1803,67.2237
322.0044,142.4147,283.7847,143.1904,282.2615,68.1435,320.4812,67.3678
284.0745,68.9630,322.2040,69.0390,322.0540,144.3521,283.9244,144.2762
321.8436,143.2680,285.5970,143.4271,285.2583,66.2847,321.5050,66.1256
322.8518,141.8134,285.9268,142.1470,285.2198,63.9069,322.1448,63.5733
286.7970,59.6544,323.3303,60.3735,321.7403,141.1528,285.2070,140.4338
287.2953,57.0557,324.3765,59.0931,319.8260,141.9129,282.7449,139.8755
286.9562,59.1731,324.9272,60.9600,321.0132,144.1296,283.0422,142.3427
286.1944,57.6741,325.4225,60.6144,319.1298,144.5685,279.9016,141.6281
289.2810,56.8836,324.7945,58.7843,320.1713,145.1684,284.6578,143.2678
289.6642,52.8969,322.1504,53.1165,321.4933,150.2913,289.0072,150.0717
288.3954,53.8345,322.8553,54.1735,322.0613,134.8947,287.6014,134.5558
290.3251,51.2138,323.2829,52.9326,318.6330,142.0893,285.6752,140.3704
290.3529,52.5202,322.0699,53.5300,319.3495,138.9789,287.6325,137.9691
292.3157,52.9497,325.2197,55.2900,318.6433,147.7535,285.7393,145.4133
291.0483,53.6436,326.3786,56.7452,318.3759,147.9050,283.0457,144.8034
292.4127,54.7031,325.0136,57.2533,318.0854,145.8208,285.4845,143.2706
291.6535,53.0402,325.8538,55.1727,320.5782,139.7786,286.3779,137.6461
289.8723,53.8340,323.2314,54.1911,322.2300,147.7520,288.8708,147.3949
285.6096,57.7464,324.2514,58.2680,323.0249,149.1173,284.3831,148.5956
288.7648,58.9056,325.4519,59.1072,324.9474,150.8864,288.2603,150.6847
286.1808,57.9241,325.7810,58.0767,325.4194,151.9061,285.8192,151.7535
289.3682,56.4285,325.1346,57.4839,322.3563,151.6354,286.5899,150.5800
325.6106,139.4866,288.3279,140.3818,286.2812,55.1492,323.5639,54.2539
327.6676,140.0401,291.9667,141.7358,287.8426,54.9072,323.5434,53.2114
291.8705,57.2963,326.5799,58.8189,322.8356,144.1757,288.1262,142.6532
325.1985,142.0290,290.9931,142.7639,289.1617,57.5196,323.3671,56.7847
292.4526,56.1403,327.3816,57.9925,322.5056,149.9463,287.5767,148.0942
293.0571,54.6274,326.5630,55.4170,324.4420,145.4231,290.9361,144.6335
294.1391,54.6994,324.9540,54.8016,324.6697,140.4939,293.8548,140.3917
325.3175,140.8647,292.6637,141.8105,290.1125,53.7316,322.7663,52.7858
323.3246,145.0219,292.5850,145.2055,292.0457,54.9231,322.7854,54.7395
324.7400,144.6797,293.4743,145.0992,292.2592,54.5302,323.5249,54.1107
328.6446,144.7407,294.5977,147.4037,287.5717,57.5772,321.6187,54.9142
325.2398,145.1879,295.8099,146.6750,291.1611,54.6724,320.5910,53.1853
327.8177,138.8176,295.0918,141.3728,288.4442,56.2342,321.1701,53.6789
324.8502,140.0766,293.0179,140.5942,291.5878,52.6470,323.4201,52.1294
325.5485,140.6034,292.4566,140.8760,291.7318,52.8790,324.8237,52.6064
326.1767,146.0537,293.7061,146.2197,293.2403,55.0809,325.7108,54.9149
295.1013,56.5964,326.7521,57.3450,324.4895,152.9977,292.8388,152.2490
296.2399,54.6074,326.2689,55.3880,323.7470,152.3996,293.7180,151.6190
327.0229,143.2627,296.5337,144.4130,293.1716,55.2964,323.6608,54.1461
327.7030,145.7280,296.8444,147.2870,292.1352,54.0737,322.9938,52.5147
326.2717,149.2023,296.4990,149.9972,293.9369,54.0314,323.7096,53.2365
325.3723,150.3957,296.0280,150.8723,294.4566,54.1341,323.8009,53.6575
325.1090,149.5421,295.8459,150.0339,294.2326,54.0475,323.4958,53.5556
325.5699,151.1174,296.4659,152.0090,293.4951,55.0345,322.5992,54.1429
326.5447,143.3305,295.6480,144.5099,292.2089,54.4155,323.1055,53.2361
324.9189,143.1200,294.4946,143.7785,292.5436,53.6396,322.9679,52.9811
295.2840,52.7522,325.7274,52.9489,325.1423,143.4958,294.6989,143.2991
294.8076,56.5573,327.5750,57.1555,325.9217,147.7284,293.1542,147.1302
296.7815,53.7931,326.2117,54.2708,324.6000,153.5698,295.1698,153.0921
324.8360,149.7933,296.3429,149.9560,295.8003,54.9576,324.2934,54.7948
325.3226,144.7867,296.5050,145.1896,295.2304,54.0395,324.0480,53.6366
328.2571,148.7156,298.1923,150.2781,293.2586,55.3462,323.3235,53.7837
325.8076,151.5163,295.0963,151.6701,294.6109,54.7198,325.3223,54.5661
323.8167,155.4807,295.0833,155.6501,294.5000,56.6718,323.2334,56.5025
326.8369,154.7934,297.4713,155.3294,295.5981,52.7039,324.9637,52.1679
327.3151,154.2377,297.5762,154.8418,295.5064,52.9428,325.2453,52.3387
328.8764,151.2163,299.1557,152.2146,295.8321,53.2705,325.5527,52.2721
326.7298,148.5800,298.2572,149.1358,296.4021,54.0939,324.8747,53.5381
325.3000,153.3207,295.1021,153.4072,294.8159,53.4476,325.0138,53.3611
325.2617,156.9490,295.6744,157.1210,295.0599,51.4012,324.6472,51.2292
325.3124,157.5726,297.1205,158.1007,295.1933,55.2188,323.3852,54.6907
326.6228,155.1015,298.3439,155.6889,296.2679,55.7505,324.5468,55.1631
327.1144,150.5452,298.8603,151.2977,296.2243,52.3328,324.4785,51.5803
328.4548,152.5663,299.2213,154.0647,294.1543,55.2145,323.3878,53.7160
328.3291,158.1181,298.6764,159.4661,293.8626,53.5754,323.5154,52.2274
328.7653,158.1362,298.4406,158.7705,296.2890,55.8930,326.6137,55.2587
327.6237,159.1503,298.8607,159.8008,296.4898,54.9676,325.2527,54.3171
328.9994,158.7283,299.3363,160.0306,294.6082,52.3344,324.2712,51.0321
329.0165,149.9158,299.3009,151.7225,293.2346,51.9467,322.9502,50.1400
327.8190,147.2078,298.0712,148.0905,295.2225,52.0928,324.9703,51.2100
327.9447,141.1682,301.1699,141.7523,299.2231,52.5051,325.9979,51.9211
300.0162,52.7029,327.4500,53.2891,325.4991,144.5939,298.0654,144.0077
329.3723,153.8650,301.6463,154.8397,298.1346,54.9414,325.8607,53.9667
329.8470,159.6491,304.5243,160.8731,299.4704,56.3115,324.7931,55.0876
327.6700,151.5205,302.7729,152.2426,299.8158,50.2854,324.7130,49.5633
328.7793,158.0430,303.9350,159.0461,299.5860,51.3338,324.4303,50.3307
330.0583,160.8499,304.6358,162.1351,299.1437,53.4938,324.5663,52.2086
327.8130,162.5029,306.9270,163.3172,302.6128,52.6612,323.4989,51.8469
333.6725,163.1979,302.7188,163.5686,301.3930,52.8912,332.3468,52.5204
331.3582,161.7960,306.4002,163.4527,299.1308,53.9336,324.0888,52.2770
330.7485,152.9637,304.7407,154.6254,298.1794,51.9348,324.1873,50.2731
327.1255,143.6599,301.5948,144.1537,299.8016,51.4428,325.3323,50.9489
327.3437,144.0975,300.1381,144.2042,299.7767,52.0892,326.9824,51.9825
301.5533,53.8476,327.0315,54.1449,325.9233,149.1053,300.4450,148.8079
329.7099,149.6465,302.6084,150.4558,299.7654,55.2431,326.8669,54.4338
328.4294,155.8085,305.2087,156.7335,300.9567,49.9982,324.1774,49.0732
336.6982,155.1069,305.0889,155.8580,302.6408,52.8324,334.2501,52.0813
329.9092,157.5512,305.9679,158.2901,302.6384,50.4212,326.5797,49.6822
329.4107,158.8002,305.6546,159.7594,301.3010,51.9336,325.0570,50.9744
327.8622,160.6330,307.2431,161.2435,304.0048,51.8687,324.6238,51.2582
330.9590,161.8200,308.5540,163.2011,301.7410,52.6708,324.1459,51.2898
329.1766,162.2124,304.7307,163.0739,300.8820,53.8570,325.3279,52.9956
331.4365,149.0813,301.2067,149.1341,301.0392,53.1735,331.2690,53.1208
304.5929,53.4882,335.4070,54.5648,332.2315,145.4557,301.4174,144.3792
303.2368,57.1972,335.8389,58.8618,331.3853,146.0922,298.7832,144.4276
304.9140,59.0958,335.2569,61.1147,329.4640,148.1802,299.1211,146.1613
305.0543,58.1258,332.4467,59.9271,326.3808,152.1736,298.9884,150.3723
303.6273,53.5476,332.0750,54.4552,328.8336,156.0581,300.3859,155.1506
331.7353,160.4169,300.9865,160.5779,300.4209,52.5507,331.1697,52.3897
331.5761,165.1238,301.9758,165.7255,299.6447,51.0316,329.2450,50.4300
332.0546,166.9506,302.9366,167.9362,299.0823,54.0731,328.2003,53.0875
351.1392,179.6845,312.9786,182.9915,302.0276,56.6256,340.1882,53.3186
344.6930,175.3347,307.1397,176.5613,303.2444,57.2999,340.7976,56.0734
344.1950,172.6189,311.6709,173.8962,306.9992,54.9437,339.5233,53.6664
344.8944,170.7528,309.6132,173.2150,301.3566,54.9069,336.6377,52.4446
341.4387,151.2551,304.6471,152.2334,302.0192,53.3950,338.8108,52.4168
306.1477,56.4892,342.3803,59.8849,334.1792,147.3907,297.9466,143.9949
305.1767,54.1255,344.1146,58.5596,333.9744,147.6042,295.0365,143.1701
303.5467,55.0806,338.9127,56.9219,333.8672,153.8280,298.5013,151.9867
342.7580,157.9792,302.0965,158.2638,301.3703,54.5121,342.0319,54.2276
340.7066,162.2045,300.8694,162.9454,298.8326,53.4200,338.6698,52.6792
338.3350,164.9704,304.9040,166.7316,298.8715,52.2215,332.3025,50.4603
337.1993,168.5808,306.2416,170.3398,299.6055,53.5521,330.5633,51.7930
341.9013,166.9301,306.6597,168.7934,300.6948,55.9759,335.9364,54.1126
344.9974,160.6410,306.7244,161.9150,303.0736,52.2385,341.3466,50.9645
347.2281,163.5060,309.4263,165.8236,302.5836,54.2154,340.3855,51.8978
343.5381,157.4786,307.0970,158.9000,303.0502,55.1566,339.4912,53.7351
307.8432,50.9868,344.0205,53.2040,338.3991,144.9264,302.2218,142.7092
302.8857,56.6784,346.5785,59.5143,340.8762,147.3693,297.1835,144.5334
299.2587,59.5326,329.7924,60.3891,327.2765,150.0785,296.7427,149.2220
326.3260,158.4125,299.6539,158.4248,299.6059,54.0793,326.2781,54.0670
344.7672,169.6819,304.9667,171.2731,300.3450,55.6756,340.1456,54.0844
342.6463,165.5847,304.7202,167.1715,300.1518,57.9796,338.0779,56.3929
338.6446,169.0544,301.3453,169.6421,299.5428,55.2435,336.8420,54.6558
343.7972,168.7635,303.0734,170.5503,298.2383,60.3498,338.9621,58.5631
340.1487,169.4690,303.7575,170.2403,301.3681,57.4952,337.7593,56.7240
340.9240,172.1333,306.6033,172.8883,304.0567,57.1340,338.3774,56.3790
343.0150,173.9698,311.5598,175.4688,305.7377,53.2883,337.1929,51.7894
346.5477,172.6210,309.4184,175.7136,299.2674,53.8401,336.3967,50.7475
344.2728,157.9956,303.8253,159.0583,301.1319,56.5399,341.5794,55.4772
301.3929,59.9256,346.3409,62.2401,341.6045,154.2209,296.6565,151.9063
295.7267,59.3760,328.6198,60.5564,325.1803,156.4058,292.2871,155.2254
327.2092,168.2333,296.5107,168.7576,294.5635,54.7393,325.2620,54.2151
330.1779,173.9469,299.9632,174.4490,297.9586,53.8152,328.1732,53.3131
334.0367,175.8609,300.9816,177.3507,295.4230,54.0229,328.4781,52.5330
332.6582,181.9884,302.5928,183.7640,294.8940,53.4070,324.9595,51.6314
339.2254,188.1335,303.4612,190.8789,293.4854,60.9212,329.2496,58.1759
352.2723,195.8698,311.1229,199.7784,298.1299,62.9902,339.2794,59.0816
348.2537,194.6805,308.7398,197.2702,299.5749,57.4302,339.0889,54.8405
344.9437,186.8083,308.1255,189.6944,297.7100,56.8220,334.5281,53.9359
339.9542,174.7851,307.9267,177.9514,295.7967,55.2534,327.8241,52.0871
347.9823,182.0665,305.1398,185.2243,295.6145,55.9926,338.4570,52.8348
335.0261,183.7304,299.7303,185.7498,292.4417,58.3526,327.7375,56.3332
335.6288,186.0186,299.9722,188.9166,289.3645,58.4032,325.0210,55.5052
334.3776,172.8736,296.6273,176.2601,286.3699,61.9214,324.1202,58.5348
333.3751,183.3498,298.7353,186.3728,287.7445,60.4315,322.3844,57.4085
330.4256,179.4268,293.2431,181.2109,287.3110,57.5777,324.4935,55.7937
331.6862,186.2646,292.8761,188.6107,285.0898,59.8075,323.8998,57.4613
329.9039,188.4440,293.8616,190.4229,286.7163,60.2789,322.7587,58.3000
328.2570,183.5131,290.8256,184.7275,286.7774,59.9539,324.2088,58.7395
326.0220,184.6595,287.7281,185.1363,286.1234,56.2283,324.4172,55.7515
327.8090,181.5448,288.1674,182.4604,285.2668,56.8748,324.9084,55.9592
329.3258,180.5313,285.9801,182.1759,281.0909,53.3085,324.4366,51.6639
285.9203,54.5058,322.6246,54.7081,321.9209,182.3312,285.2167,182.1288
283.9294,54.4294,324.2759,55.6194,320.4117,186.6347,280.0652,185.4447
278.4945,60.4666,326.0716,61.5806,323.0733,189.6323,275.4962,188.5183
276.3731,60.8626,324.0443,61.1422,323.2937,189.1262,275.6226,188.8466
275.7864,59.3825,320.5778,60.6055,317.0053,191.4438,272.2139,190.2208
276.8883,58.3276,321.5461,61.7795,311.8763,186.8779,267.2185,183.4260
275.1634,57.6523,318.3421,60.4326,310.0536,189.1537,266.8749,186.3734
272.8809,59.6638,320.9858,62.5472,313.2714,191.2514,265.1664,188.3680
271.0154,62.5317,322.0862,65.7429,314.1033,192.7018,263.0326,189.4907
272.7681,64.5623,323.5618,66.7852,318.0214,193.3835,267.2276,191.1606
275.0690,60.9777,322.4742,62.5353,318.1881,192.9809,270.7830,191.4233
273.9767,58.2274,321.9129,58.9982,319.8767,185.6388,271.9404,184.8681
279.1024,55.9752,325.8282,60.8690,311.4236,198.4027,264.6978,193.5089
271.3478,55.9502,324.2574,60.5538,311.7328,204.5004,258.8232,199.8968
275.3369,60.1792,323.3340,64.5109,310.5468,206.1960,262.5498,201.8643
270.2597,60.8692,320.0281,63.2434,313.6476,196.9906,263.8792,194.6164
272.6916,52.0310,317.3687,56.0791,304.1064,202.4479,259.4293,198.3998
270.0852,53.5760,319.6376,58.8301,305.8864,188.5189,256.3341,183.2648
268.5980,51.1283,314.8452,54.9907,303.7789,187.4964,257.5317,183.6340
268.5139,54.2145,316.3963,57.4023,307.5353,190.4978,259.6529,187.3100
271.4339,54.6328,316.6756,57.5238,307.6489,198.7849,262.4072,195.8940
271.5722,58.5208,317.6559,61.6366,308.2105,201.3359,262.1268,198.2200
273.2146,58.6689,311.0724,61.2503,301.5670,200.6551,263.7092,198.0738
268.1146,55.7661,312.6783,56.0080,311.9151,196.6186,267.3514,196.3767
268.3031,56.8752,314.3736,57.1573,313.5578,190.3789,267.4873,190.0968
264.5927,59.5880,311.7199,60.0454,310.3873,197.3422,263.2601,196.8848
262.8145,61.6349,312.6498,64.3570,304.9284,205.7182,255.0930,202.9961
259.2340,63.9373,312.0022,65.6976,307.4637,201.7495,254.6955,199.9892
255.4950,60.2795,306.4768,61.3911,303.4182,201.6595,252.4365,200.5478
257.1563,56.6835,304.3348,58.8575,297.9023,198.4538,250.7238,196.2798
259.5823,48.3997,308.8885,53.6731,293.9624,193.2328,244.6562,187.9595
257.1965,52.2187,317.0878,56.3059,307.7257,193.4949,247.8344,189.4078
256.8198,54.3022,310.0988,57.8356,300.8712,196.9782,247.5921,193.4448
260.6337,53.8041,309.5856,58.7804,294.8347,203.8854,245.8827,198.9091
265.7491,53.4725,311.9746,57.0576,300.7651,201.5936,254.5396,198.0086
263.4389,53.1387,314.0364,55.2032,308.0998,200.7014,257.5023,198.6369
262.2278,52.7619,312.3708,53.3195,310.8399,190.9944,260.6969,190.4368
259.7623,50.4065,311.7957,51.6454,308.2747,199.5350,256.2413,198.2962
257.6538,51.4252,309.7951,52.5988,306.4944,199.2411,254.3531,198.0675
258.2838,55.8570,313.1806,58.3255,306.6656,203.2163,251.7688,200.7478
258.8476,55.0531,315.1699,59.4570,303.6271,207.0794,247.3047,202.6755
258.5801,48.9332,311.2135,53.3856,298.2214,206.9674,245.5881,202.5149
259.0128,46.9835,313.2582,53.6213,295.5822,198.0714,241.3369,191.4335
257.4622,48.3384,314.0090,54.0585,299.3665,198.8072,242.8197,193.0870
258.2085,52.5009,313.8434,56.1209,303.9991,207.4194,248.3642,203.7994
263.4709,54.8155,314.9521,55.2653,313.6526,204.0069,262.1715,203.5572
262.0363,52.8750,318.0730,55.4962,311.0343,205.9658,254.9976,203.3445
265.5904,52.9475,319.3149,55.7528,311.4508,206.3566,257.7262,203.5512
267.9706,49.3759,317.5175,50.9702,312.6328,202.7749,263.0858,201.1806
315.0767,200.2085,262.4876,200.2797,262.2816,48.1900,314.8706,48.1188
261.8796,48.7068,315.7099,49.3131,313.9511,205.4745,260.1208,204.8682
259.3906,52.5056,316.9465,53.5315,314.1737,209.0937,256.6178,208.0678
259.6201,55.0494,318.4799,57.0645,313.2492,209.8521,254.3894,207.8370
261.2529,51.5453,316.8008,54.5270,308.3596,211.7847,252.8117,208.8030
260.8145,48.3417,315.2401,51.6947,305.6711,207.0180,251.2455,203.6650
262.6315,50.1312,318.9834,56.0271,303.6872,202.2259,247.3354,196.3301
260.4336,49.4118,319.0407,52.7333,310.2569,207.7195,251.6498,204.3980
263.4340,51.9077,321.8199,54.2622,315.4315,212.6794,257.0456,210.3249
264.2977,55.0259,323.0846,57.1866,317.3571,213.0224,258.5702,210.8618
272.0148,51.8118,327.9409,54.7294,319.8325,210.1577,263.9063,207.2402
275.1364,52.5324,326.6275,54.1953,321.5493,211.4380,270.0582,209.7751
325.2828,202.8180,272.6174,203.0593,271.9212,51.1062,324.5866,50.8649
327.7055,207.5166,271.9208,208.7679,268.4204,52.7164,324.2051,51.4651
328.5291,216.8852,268.6476,218.2339,264.9406,53.6356,324.8220,52.2870
268.5171,56.7788,329.9416,57.9390,326.8478,221.7246,265.4233,220.5644
271.1655,54.3735,327.5677,56.5413,321.1212,224.2635,264.7190,222.0956
270.3390,52.1150,325.0048,54.4161,318.1714,216.7538,263.5057,214.4527
271.9243,51.1774,328.6848,54.9604,318.7352,204.2442,261.9746,200.4612
270.5680,51.2446,326.8896,53.1213,321.6491,210.4022,265.3274,208.5256
272.2978,52.8686,329.5861,53.7983,326.9353,217.1449,269.6469,216.2152
275.2246,55.3124,332.1794,55.3567,332.0523,218.7152,275.0975,218.6709
277.3377,55.5641,335.2869,57.1512,330.8588,218.8287,272.9096,217.2415
284.9062,52.7535,338.5190,54.3349,333.7560,215.8045,280.1432,214.2231
281.6717,53.2330,339.3070,53.2852,339.1625,212.8816,281.5271,212.8294
342.2403,208.3708,284.2840,210.1061,279.5395,51.6455,337.4958,49.9102
338.3767,216.7952,284.5325,218.1606,280.3091,51.6141,334.1533,50.2487
278.0403,53.9845,342.1020,54.0159,342.0261,208.6308,277.9644,208.5993
277.5189,54.7941,344.1414,55.2109,343.1039,221.0503,276.4815,220.6335
279.2193,52.3474,339.8686,52.5094,339.4196,220.6453,278.7703,220.4834
281.3374,48.8724,338.6038,49.8194,335.8734,214.9342,278.6071,213.9873
283.0633,48.6592,343.6739,51.8319,335.4156,209.5928,274.8051,206.4201
282.8479,46.7621,339.7926,48.0393,336.0236,216.0864,279.0789,214.8092
283.9511,50.0967,343.9822,50.7885,342.0433,219.0453,282.0122,218.3536
286.7352,52.2477,344.0493,52.6430,342.8876,221.0992,285.5735,220.7040
344.6076,220.9893,286.0671,221.0228,285.9692,49.5228,344.5096,49.4894
287.4989,48.3722,351.6425,48.7478,350.6214,223.0955,286.4779,222.7198
354.9582,212.4309,289.4902,214.2879,284.7694,47.8534,350.2373,45.9964
358.0092,211.6317,293.6474,215.2496,284.0785,45.0225,348.4402,41.4045
355.9354,210.6850,292.3397,212.7234,287.0327,47.1547,350.6284,45.1162
358.5088,208.3679,292.4690,210.7343,286.6456,48.2256,352.6855,45.8592
359.6350,219.8089,294.7184,222.1100,288.7088,52.5712,353.6254,50.2701
356.3995,221.5238,293.2939,222.4547,290.7410,49.3807,353.8466,48.4499
290.6935,48.2295,352.3249,48.7388,350.9067,220.3318,289.2754,219.8224
291.1661,48.5898,355.9227,50.2838,351.5199,218.5873,286.7632,216.8933
290.6355,46.8764,352.3549,48.0779,349.0242,219.1603,287.3048,217.9587
360.0152,220.0021,290.3826,221.6437,286.3393,50.1386,355.9719,48.4970
364.0846,208.4046,291.1020,210.9473,285.6310,53.9138,358.6136,51.3711
290.1460,46.9412,361.2162,47.0601,360.9230,222.2748,289.8529,222.1559
296.6307,45.6196,358.4699,45.6607,358.3517,223.9180,296.5124,223.8770
361.8950,216.5985,294.0866,219.9644,285.4679,46.3329,353.2763,42.9670
362.0639,213.9678,296.2827,218.0513,285.4046,42.8172,351.1858,38.7337
359.2835,206.4715,289.7928,208.4964,285.0053,44.2050,354.4960,42.1801
359.2941,216.1936,286.0155,217.4425,283.1697,50.4667,356.4484,49.2178
357.5734,221.8336,286.0164,222.9591,283.2733,48.5626,354.8303,47.4371
283.6328,42.7647,345.6285,43.1954,344.3587,225.9684,282.3630,225.5377
282.9346,40.2821,347.4773,41.6219,343.6104,227.8949,279.0677,226.5550
281.6849,40.3695,346.9862,41.5991,343.6235,220.1722,278.3223,218.9426
282.1445,43.6786,359.3860,46.4355,353.1169,222.0770,275.8754,219.3200
356.6901,214.8809,280.1375,215.8932,277.9301,48.9700,354.4826,47.9577
359.5519,223.3892,283.9807,224.1497,282.2270,49.8805,357.7982,49.1200
283.1001,44.9576,360.2998,45.0435,360.0991,225.3034,282.8994,225.2174
292.8952,38.4549,359.8431,39.6652,356.4273,228.6165,289.4794,227.4062
360.8037,221.8359,286.7138,222.0714,286.1335,39.4547,360.2234,39.2193
361.6548,220.4580,290.8952,221.7816,287.5315,41.9630,358.2912,40.6394
359.2146,223.1629,286.4881,223.7337,285.0721,43.3037,357.7986,42.7329
283.2236,47.9032,358.3150,48.0958,357.8661,223.1333,282.7747,222.9407
285.5869,40.9690,360.4260,43.0841,355.2768,225.2812,280.4377,223.1662
285.4038,35.3162,359.3888,38.7492,350.6357,227.3866,276.6507,223.9535
283.1805,31.7404,353.7551,34.1140,347.4142,222.6440,276.8395,220.2703
284.6599,34.1434,359.3156,37.8905,350.0748,222.0021,275.4191,218.2550
284.9365,37.7422,364.3131,40.3582,358.4537,218.1458,279.0771,215.5297
367.4737,217.2710,283.9030,218.4962,281.3742,46.0119,364.9449,44.7867
368.5570,218.3336,284.1631,218.8361,283.1320,45.6810,367.5260,45.1785
368.7143,226.9608,286.0186,227.5130,284.7804,42.0536,367.4761,41.5015
290.8273,38.7063,364.1553,39.3300,362.5425,228.9340,289.2144,228.3102
365.1872,228.2522,286.3850,228.4960,285.7920,36.8104,364.5942,36.5666
370.3979,222.3364,291.2365,224.5433,286.1686,42.7657,365.3302,40.5587
288.4745,46.6619,373.1233,47.3619,371.6284,228.1302,286.9796,227.4302
286.1625,49.4352,373.1173,50.5823,370.7931,226.7603,283.8383,225.6132
285.9634,44.6566,369.5639,47.3324,363.6541,231.9706,280.0536,229.2948
288.3719,35.5855,371.1958,38.5081,364.5032,228.1720,281.6794,225.2495
289.7325,33.4363,370.1239,36.6012,362.6865,225.5184,282.2951,222.3535
290.6447,33.1092,366.1103,36.8286,356.8975,223.7583,281.4319,220.0389
288.1797,38.9746,378.5833,41.0941,374.2362,226.5063,283.8326,224.3868
380.6499,226.9311,289.6195,230.9316,281.5390,47.0617,372.5695,43.0613
292.4695,44.5732,376.9218,45.4828,374.9422,229.2764,290.4898,228.3667
299.4135,35.1945,375.7179,36.9373,371.1909,235.1446,294.8865,233.4018
298.5652,34.7022,374.3023,35.3502,372.6345,230.2608,296.8974,229.6127
297.9395,34.9257,378.0215,35.0890,377.6228,230.6990,297.5407,230.5358
299.9564,36.7288,378.6672,37.3070,377.2425,231.2506,298.5317,230.6724
303.0074,35.7676,379.8588,38.4308,373.0125,235.9938,296.1611,233.3306
296.8246,42.7431,382.8458,45.3049,377.2175,234.2960,291.1964,231.7342
299.1335,41.2113,383.5581,44.8574,375.3477,234.9681,290.9232,231.3221
299.0407,33.1254,383.9760,34.8945,379.9127,229.9649,294.9774,228.1957
299.3473,29.9903,386.3013,32.0773,381.6208,227.0867,294.6667,224.9997
303.0864,28.3256,385.8533,31.7059,377.7341,230.5047,294.9671,227.1244
302.3808,32.6037,385.2451,35.4011,378.5099,234.9091,295.6457,232.1117
395.7703,237.3286,299.9354,239.5628,295.3905,44.6158,391.2254,42.3815
397.2231,236.4243,307.2110,239.6628,300.3366,48.5944,390.3486,45.3559
399.7773,234.7434,312.5614,237.3468,306.8294,45.3239,394.0452,42.7204
400.4851,232.1693,313.8091,233.7266,310.3496,41.1743,397.0257,39.6170
401.5556,232.3450,315.6075,234.0801,311.6735,39.2095,397.6217,37.4744
403.0927,233.1214,313.4060,235.5611,308.1045,40.6674,397.7912,38.2277
404.2759,237.1415,307.3824,237.6596,306.3588,46.2203,403.2523,45.7022
303.4160,50.6823,403.9803,55.4722,395.2336,239.1090,294.6694,234.3191
300.1003,47.9050,397.7640,50.0988,393.5820,236.2785,295.9182,234.0847
396.7836,230.8998,298.7974,231.9390,296.7748,41.2310,394.7610,40.1918
299.2133,36.8957,395.1028,37.1068,394.6744,231.6534,298.7850,231.4423
300.1812,35.4351,394.9272,36.5662,392.5678,234.2027,297.8217,233.0716
297.8903,37.5652,397.7536,38.4488,395.9751,239.4409,296.1118,238.5573
408.2583,233.6382,298.9889,241.6363,285.4678,56.9104,394.7372,48.9124
403.9041,234.1221,301.1593,242.8067,285.8893,62.1509,388.6340,53.4663
406.2110,231.7088,306.4679,239.5288,291.8375,52.9214,391.5806,45.1014
393.3993,235.8331,302.9409,236.2242,302.0977,41.2060,392.5561,40.8149
392.6912,238.2480,299.7770,240.4605,295.0396,41.5169,387.9538,39.3043
390.3011,238.4683,293.0432,240.6885,288.5929,45.7392,385.8509,43.5191
289.7670,45.6311,386.2114,46.3950,384.6828,239.3889,288.2384,238.6250
284.0206,50.8987,390.2213,55.2837,382.5478,241.1254,276.3470,236.7403
286.8227,47.1313,386.5599,48.9552,383.0676,239.9233,283.3303,238.0993
283.6816,39.1424,386.0991,42.9374,378.7945,240.0710,276.3770,236.2760
279.1966,39.8979,380.9876,40.1000,380.5931,238.7708,278.8022,238.5687
279.7874,39.5945,379.2112,40.3806,377.6379,239.3743,278.2142,238.5883
280.8837,42.0260,384.9643,46.0750,377.5357,237.0305,273.4551,232.9816
276.0156,51.8346,391.6415,54.2075,387.8252,240.1684,272.1992,237.7955
381.9467,236.2293,280.0085,236.4060,279.7010,59.0263,381.6393,58.8496
399.1725,232.5200,288.5614,238.4186,278.9591,58.3544,389.5702,52.4559
395.9692,235.2298,285.4622,236.4152,283.4019,44.3462,393.9089,43.1608
293.9068,38.4602,401.0804,41.8560,394.7783,240.7562,287.6047,237.3604
290.5428,38.6715,400.6396,39.3791,399.3543,239.3749,289.2575,238.6674
407.1269,235.8832,285.3479,236.1384,284.9680,54.8388,406.7470,54.5836
409.6813,235.7839,283.4409,238.3749,279.8212,62.0121,406.0616,59.4211
291.0295,49.8527,405.1217,52.1907,401.3470,236.3920,287.2548,234.0540
278.0593,52.9627,396.5902,53.0364,396.4769,235.3164,277.9460,235.2427
402.5912,231.6121,279.8712,236.4701,273.0334,63.7334,395.7533,58.8754
287.5369,65.7764,403.1966,73.2170,392.5300,239.0235,276.8703,231.5828
291.4398,64.3027,411.2946,78.2936,392.2054,241.8233,272.3506,227.8323
413.2125,235.0173,289.9095,236.7094,287.8117,83.8438,411.1147,82.1517
332.5285,77.6504,446.6981,104.7875,411.7795,251.6946,297.6100,224.5575
393.4769,228.9987,294.4182,251.4399,258.5570,93.1436,357.6156,70.7023
386.5407,234.2661,284.5584,239.7367,275.1620,64.5685,377.1443,59.0980
390.7444,228.9859,294.1144,242.4013,267.7007,52.1461,364.3307,38.7307
395.3064,227.3801,293.5023,242.2244,266.4806,56.9061,368.2846,42.0618
356.6943,235.3907,274.4548,236.1637,272.6588,45.0721,354.8983,44.2992
389.1242,230.0650,280.3522,245.9205,256.4625,82.0326,365.2345,66.1770
389.1831,230.3841,270.2932,245.0415,251.7068,94.2829,370.5967,79.6255
387.9155,232.0597,266.4290,244.9034,249.4287,84.0995,370.9152,71.2559
388.2673,233.3404,261.2575,236.9421,256.5073,69.4294,383.5172,65.8278
264.7513,72.0426,388.5273,73.6713,386.3849,236.4835,262.6089,234.8548
302.2463,68.6191,402.5117,78.5123,386.2116,243.7101,285.9461,233.8168
309.7457,76.4443,407.7269,83.9849,395.7704,239.3455,297.7891,231.8049
292.2656,81.2213,432.9239,114.6622,399.6170,254.7573,258.9586,221.3165
427.7780,226.7458,303.3827,262.0813,265.8556,129.9707,390.2509,94.6351
321.8613,75.8020,437.3130,102.7377,402.5778,251.6194,287.1260,224.6837
330.5000,73.6005,433.3165,103.1935,390.4886,251.9926,287.6721,222.3997
330.1419,73.6799,434.1749,95.8379,401.5107,249.1979,297.4777,227.0399
309.3612,73.3734,399.4248,87.4081,374.7891,245.5001,284.7256,231.4654
381.0173,230.8000,276.9109,251.3735,242.9022,79.2817,347.0085,58.7082
373.2566,230.0455,271.9829,243.4134,248.7706,67.5588,350.0442,54.1909
267.1577,99.4465,398.4419,110.6377,387.0103,244.7418,255.7261,233.5506
225.2631,47.8919,304.2846,51.8952,294.7220,240.6531,215.7004,236.6498
344.5481,233.5791,227.5365,245.7726,210.6753,83.9687,327.6869,71.7752
339.5901,229.9870,226.8909,248.9753,201.6536,99.1865,314.3528,80.1982
342.4865,216.3176,238.7433,255.6745,184.2384,112.0019,287.9816,72.6449
328.6809,224.5235,223.3821,252.5952,183.5517,103.1889,288.8505,75.1172
307.2890,229.0658,224.1441,250.0487,185.2965,96.1150,268.4415,75.1321
288.5009,235.2531,221.6780,244.3517,200.1266,86.0722,266.9495,76.9735
325.9377,230.3926,228.0962,247.2616,201.4552,92.7414,299.2967,75.8724
333.0814,231.0223,241.8550,249.1517,211.1008,94.3980,302.3272,76.2686
353.5364,232.0624,247.2958,248.5414,225.0644,105.2153,331.3050,88.7363
254.6087,72.0125,333.2686,74.1602,328.8285,236.7796,250.1685,234.6319
332.4879,235.8410,267.3820,237.6672,263.4252,96.6027,328.5310,94.7765
383.7465,229.4998,303.4345,251.9616,265.9259,117.8501,346.2378,95.3883
378.7912,231.0195,308.8066,255.8005,260.0804,118.1918,330.0651,93.4108
385.5148,226.1207,312.6651,261.8941,246.6263,127.4112,319.4760,91.6379
378.7102,231.6806,311.2808,261.5271,258.4139,142.0900,325.8434,112.2435
367.2172,232.4723,305.1259,256.0677,261.4575,141.1540,323.5488,117.5587
356.3374,233.5722,288.4166,250.0155,261.7509,139.8702,329.6718,123.4269
376.7353,213.3578,285.9728,255.2126,236.3114,147.5215,327.0739,105.6666
387.1371,182.7367,308.7090,259.5221,216.1540,164.9871,294.5821,88.2017
352.6020,227.8860,284.9522,253.9484,235.3414,125.1743,302.9912,99.1119
379.8081,217.0213,274.1883,250.8496,233.3447,123.3264,338.9646,89.4981
371.9470,222.7302,285.2520,244.4139,253.5473,117.6536,340.2422,95.9699
364.7034,227.1354,285.7784,241.7919,264.8461,129.0714,343.7711,114.4150
364.7419,226.9316,305.5659,244.5394,270.2330,125.7929,329.4090,108.1852
368.4535,232.2372,303.2098,252.5085,266.7347,135.1133,331.9784,114.8419
377.7919,234.1853,307.6287,258.1578,266.6409,138.1939,336.8041,114.2214
387.4176,232.7700,308.4628,257.2815,270.8759,136.2089,349.8307,111.6974
388.3353,232.6343,311.1859,250.9436,283.0217,132.2691,360.1710,113.9597
380.2822,233.1371,310.3743,242.8086,294.1858,125.7939,364.0937,116.1224
374.8211,234.1668,319.8221,241.1393,304.0457,116.6953,359.0448,109.7228
374.7107,232.7189,329.6187,240.9073,306.4533,113.3396,351.5453,105.1512
381.5340,234.1994,321.5016,243.8856,302.3008,124.8846,362.3333,115.1985
391.8420,235.4499,322.9906,249.4616,300.7741,140.2929,369.6255,126.2812
398.2287,234.7541,325.2577,253.1981,296.5453,139.6018,369.5162,121.1577
390.8229,236.7855,324.5811,247.0101,307.2397,134.6606,373.4814,124.4360
374.5675,236.1207,325.6271,238.6695,319.6129,123.1860,368.5532,120.6372
374.1798,234.5896,331.4573,238.7189,319.6307,116.3579,362.3532,112.2287
375.5386,237.5014,326.0340,242.7152,314.7430,135.5081,364.2477,130.2944
393.1260,230.1662,326.1811,251.4477,293.7648,149.4762,360.7097,128.1947
394.6664,229.8761,327.1419,250.2142,295.0124,143.5415,362.5369,123.2033
392.3770,229.8814,324.2133,251.1354,292.5544,149.6019,360.7181,128.3480
372.4463,230.5098,310.2126,237.3584,299.4971,139.9854,361.7308,133.1369
308.6635,128.4454,355.5613,130.0757,351.8711,236.2329,304.9732,234.6026
351.3644,234.7198,313.2928,239.0566,300.6837,128.3661,338.7553,124.0292
350.1848,236.6013,305.4657,244.5187,287.1848,141.2645,331.9039,133.3471
355.6541,234.6900,307.0861,248.2032,278.2532,144.5748,326.8211,131.0616
356.1650,221.9372,296.1361,238.4281,275.7904,164.3670,335.8193,147.8761
362.8814,221.8295,289.2436,239.1360,274.2887,175.5039,347.9265,158.1974
361.7870,215.0682,287.9819,239.8022,260.9826,159.2373,334.7878,134.5034
288.1661,131.0083,322.7004,131.3613,321.6176,237.3108,287.0833,236.9579
335.8066,233.7901,297.9476,240.6031,279.9427,140.5508,317.8017,133.7378
340.4288,225.1122,292.4895,237.2429,267.5685,138.7581,315.5078,126.6273
349.7730,223.3391,299.7656,242.5779,265.9707,154.7353,315.9781,135.4964
343.5410,223.0018,289.7050,239.1754,263.4529,151.7919,317.2889,135.6183
339.9263,222.9150,283.2380,233.2195,269.3814,156.9897,326.0697,146.6852
328.4939,225.2828,283.1468,232.3795,270.9877,154.6841,316.3347,147.5874
321.9286,235.2389,290.8917,238.9038,279.7443,144.4997,310.7812,140.8348
319.4261,236.9454,289.5302,238.7156,283.9111,143.8219,313.8070,142.0516
324.0775,236.1756,291.8206,240.3759,280.4318,152.9143,312.6886,148.7140
330.6222,234.7549,292.2363,241.8744,277.5244,162.5536,315.9103,155.4341
336.1294,226.8205,287.6554,236.0766,276.1664,175.9087,324.6404,166.6526
340.3675,225.9837,287.9104,235.5029,276.8763,174.6972,329.3334,165.1781
340.5421,229.4956,292.0853,238.4254,279.0312,167.5881,327.4880,158.6584
323.0391,235.8493,298.5396,236.6752,295.6670,151.4636,320.1665,150.6377
333.7986,232.7423,305.5759,237.8538,290.9980,157.3629,319.2207,152.2514
339.4320,230.1821,308.4604,236.9891,291.3890,159.3152,322.3605,152.5081
344.3529,229.9083,310.3630,238.8692,289.5812,160.0412,323.5712,151.0803
342.4884,229.1848,307.2927,235.3819,294.5961,163.2736,329.7918,157.0765
342.5491,229.2992,305.4422,233.1609,298.7589,168.9420,335.8658,165.0802
340.7227,234.4047,307.0651,237.8267,300.1261,169.5786,333.7838,166.1565
336.2407,235.7278,309.6743,238.2294,302.6198,163.3129,329.1862,160.8113
335.2833,234.8629,311.5392,237.2224,304.2415,163.7836,327.9856,161.4241
336.3065,237.4941,314.4521,240.3452,305.8314,174.2651,327.6859,171.4140
339.8828,233.9865,309.2188,237.6473,301.9666,176.9012,332.6305,173.2404
340.5477,230.6228,307.1983,235.1106,300.0635,182.0911,333.4130,177.6034
335.2712,231.2153,306.1794,234.7024,299.1227,175.8287,328.2144,172.3417
333.2291,235.3432,307.5093,237.3770,302.1843,170.0347,327.9041,168.0009
329.4947,234.8461,307.8172,236.6538,302.2770,170.2143,323.9545,168.4067
327.8778,230.1363,305.1553,232.1366,299.6132,169.1818,322.3357,167.1815
325.8091,232.8925,301.9230,234.2342,298.2674,169.1568,322.1536,167.8150
323.9391,230.9313,300.3354,232.0302,297.4582,170.2282,321.0618,169.1293
298.1621,168.9490,319.6754,169.0535,319.3566,234.7128,297.8432,234.6083
297.3717,170.3416,316.8889,170.6013,316.0937,230.3640,296.5765,230.1043
297.0011,169.0044,315.8149,169.6040,313.8172,232.2921,295.0034,231.6926
295.4778,170.8678,315.3668,171.1447,314.5620,228.9591,294.6730,228.6822
296.8967,170.8650,317.7874,172.1380,314.2955,229.4444,293.4048,228.1714
294.6028,172.9300,317.1100,173.0850,316.7321,227.9637,294.2249,227.8087
317.1006,225.6504,296.1566,227.7650,290.5453,172.1875,311.4893,170.0730
317.1130,220.6973,297.3836,222.0909,293.8620,172.2351,313.5914,170.8416
319.4114,218.6487,296.9255,220.5516,292.8763,172.7026,315.3622,170.7997
318.8680,220.4124,297.3528,221.3980,295.0658,171.4703,316.5810,170.4848
298.6104,169.7484,320.2360,170.2953,318.9809,219.9315,297.3553,219.3847
299.2460,170.8823,317.7786,171.0805,317.2658,219.0297,298.7332,218.8315
299.3626,168.8853,315.3454,169.1201,314.6131,218.9624,298.6303,218.7276
300.4242,170.5720,316.8883,171.5294,314.1577,218.4901,297.6936,217.5327
301.1685,171.4220,318.4100,172.8471,314.5349,219.7272,297.2935,218.3021
314.0197,214.8350,296.6778,215.0490,296.1683,173.7568,313.5102,173.5428
315.7173,213.4517,297.0577,214.9520,293.7153,173.3818,312.3749,171.8815
314.3498,212.4054,298.3837,213.1531,296.4626,172.1301,312.4287,171.3824
315.5130,211.1920,299.4784,212.9515,294.9042,171.2651,310.9389,169.5057
317.8666,208.2097,299.9206,210.5924,294.5244,169.9491,312.4705,167.5664
319.4029,205.4624,299.8232,208.6720,293.4820,169.9883,313.0617,166.7787
320.5367,199.7010,302.5612,204.2184,293.9625,170.0023,311.9380,165.4849
316.5494,205.1790,298.3951,206.6743,295.1771,167.6066,313.3314,166.1113
317.0014,202.7608,301.1766,205.0244,295.8486,167.7760,311.6734,165.5124
317.0202,200.6728,300.5186,203.3749,294.6458,167.5100,311.1474,164.8079
314.2891,199.5527,297.9528,201.2549,294.4606,167.7404,310.7969,166.0382
313.4247,199.2272,298.1999,200.4251,295.5082,166.2142,310.7330,165.0163
312.3825,197.7672,297.4589,198.9690,294.6549,164.1504,309.5785,162.9485
312.1035,196.8564,296.4557,199.2722,291.5757,167.6627,307.2235,165.2469
310.3596,197.8043,292.8920,199.5607,289.6351,167.1698,307.1027,165.4134
307.3322,197.8006,292.2375,199.1234,289.4497,167.3108,304.5444,165.9880
305.0899,199.0292,291.3813,200.3202,288.3067,167.6727,302.0152,166.3817
300.3954,198.3740,288.4858,198.6765,287.5368,161.3146,299.4464,161.0121
298.5924,198.7816,287.3656,198.8909,287.0045,161.7748,298.2313,161.6656
299.2454,198.8839,286.8787,199.8263,284.2100,164.8027,296.5767,163.8603
299.5869,198.5071,286.4516,200.6076,280.8041,165.2910,293.9393,163.1905
298.5695,198.7206,285.9846,201.2100,278.9485,165.6392,291.5335,163.1499
298.1898,196.9727,284.7415,199.7539,277.7396,165.8959,291.1879,163.1148
295.8358,196.6166,283.1793,199.2148,275.9402,163.9501,288.5967,161.3520
293.4399,198.2991,280.1820,200.5515,273.9447,163.8375,287.2027,161.5852
290.8893,196.9691,277.7255,199.2003,271.7484,163.9376,284.9122,161.7063
288.7225,197.0545,276.9763,199.5921,269.6342,165.6065,281.3804,163.0689
283.1422,193.3870,272.4375,194.6142,269.0169,164.7754,279.7216,163.5482
281.5107,196.4933,271.6577,197.6675,267.8306,165.5548,277.6836,164.3805
281.2760,197.7292,271.0618,199.2998,265.8243,165.2363,276.0386,163.6658
281.1196,197.7090,268.8480,199.7417,263.3178,166.3546,275.5894,164.3219
278.2730,197.7254,265.7008,199.7785,260.1914,166.0420,272.7637,163.9889
276.6260,198.4599,263.9448,200.3882,258.6974,165.8785,271.3785,163.9502
273.3524,196.9210,260.7060,198.6892,256.1633,166.1982,268.8096,164.4301
273.8066,198.1232,260.5907,200.8249,253.9762,168.4677,267.1922,165.7661
273.4753,196.4903,259.9679,199.6114,252.6492,167.9376,266.1566,164.8165
272.2278,195.9619,258.4555,199.3576,250.6698,167.7807,264.4421,164.3849
268.1792,198.4931,252.5471,200.4760,248.2478,166.5830,263.8799,164.6001
267.1865,197.9768,252.7884,200.6156,246.4983,166.2959,260.8964,163.6570
264.2582,198.0055,251.6330,200.5871,244.6754,166.5601,257.3006,163.9786
259.3190,196.2369,247.4356,197.4118,244.4072,166.7813,256.2906,165.6064
257.2544,195.6523,246.0009,196.8204,242.8921,166.8687,254.1456,165.7007
253.1181,197.0314,242.7464,197.8284,240.3123,166.1545,250.6840,165.3574
251.6622,196.3820,241.7415,197.1864,239.2792,166.8179,249.1999,166.0135
248.6747,198.1813,240.2794,198.8908,237.3990,164.8062,245.7943,164.0967
250.7724,197.2795,237.6371,199.6480,232.1158,169.0281,245.2511,166.6596
244.9818,198.9112,235.1880,200.0995,231.1003,166.4084,240.8941,165.2201
244.5756,199.5998,233.3468,200.6855,230.0459,166.5447,241.2747,165.4590
243.3893,199.1654,232.1847,200.4946,228.1793,166.7307,239.3839,165.4015
241.1303,197.5974,230.3275,199.5225,224.5623,167.1720,235.3651,165.2468
239.7540,198.2107,225.2248,199.2776,222.8943,167.5403,237.4235,166.4735
235.8092,199.5535,221.8875,199.6373,221.6813,165.4041,235.6031,165.3203
233.8878,199.0698,220.9561,199.6288,219.4999,165.9391,232.4316,165.3801
231.4063,199.7115,217.9698,200.5524,215.9162,167.7411,229.3527,166.9001
229.7257,199.2575,216.9490,200.2765,214.2557,166.5059,227.0324,165.4869
226.7658,198.8709,215.5256,199.8564,212.7866,168.6162,224.0268,167.6307
223.2942,200.1855,212.0375,200.8280,210.3064,170.4974,221.5631,169.8549
221.4886,199.3672,209.4049,199.7498,208.4816,170.5875,220.5652,170.2049
220.2865,197.4788,208.8952,198.9110,205.3011,170.3240,216.6924,168.8918
218.8361,196.9818,206.1666,198.0017,203.9856,170.9090,216.6552,169.8891
216.0119,197.0103,202.5297,197.5946,201.3731,170.9071,214.8553,170.3228
213.9013,195.9476,200.3275,196.5819,199.1236,170.8154,212.6973,170.1812
212.3976,195.9697,199.5068,197.5530,196.3765,172.0661,209.2673,170.4829
209.6484,196.9142,198.0536,197.6815,196.3062,171.2793,207.9010,170.5119
206.9689,195.8579,195.6787,196.3477,194.5320,169.9125,205.8223,169.4228
192.8025,169.7836,205.8585,170.5795,204.1638,198.3795,191.1078,197.5836
190.9214,169.7182,205.1237,170.7057,203.2238,198.0283,189.0215,197.0407
190.2070,169.7797,203.7188,170.8513,201.3694,200.4761,187.8576,199.4046
188.9824,168.7600,202.8088,169.7784,200.6567,198.9965,186.8302,197.9781
186.7992,169.7540,201.3386,170.6389,199.6143,198.9696,185.0750,198.0847
185.8135,169.7211,199.7032,170.6189,197.9304,198.0453,184.0406,197.1475
183.5596,168.7493,197.2651,169.2834,196.1176,198.7282,182.4122,198.1941
194.3718,197.7370,181.9542,198.3208,180.5838,169.1761,193.0015,168.5922
192.8829,197.2686,179.8849,197.4950,179.3831,168.6873,192.3811,168.4609
179.1208,170.1053,190.3783,170.2007,190.1422,198.0513,178.8847,197.9559
188.5023,197.6035,176.1880,197.6966,175.9774,169.8458,188.2917,169.7527
189.3382,196.7278,175.9522,197.7158,173.9325,170.3502,187.3185,169.3623
188.2215,196.4120,175.0403,197.8316,172.1177,170.6939,185.2989,169.2744
189.0777,197.0888,174.2872,198.7322,171.2569,171.4601,186.0475,169.8167
187.1005,196.6091,173.1485,198.4284,169.6004,171.2187,183.5524,169.3994
185.5369,195.9270,172.5755,197.6998,168.8768,170.6570,181.8382,168.8842
182.6527,197.7407,171.1146,198.3425,169.5519,168.3832,181.0900,167.7814
181.0527,197.0505,170.7181,197.3736,169.7641,166.8556,180.0987,166.5325
182.4561,197.5836,171.8837,198.2474,169.9184,166.9491,180.4909,166.2852
180.2942,197.2039,170.7533,197.6987,169.2609,168.9254,178.8018,168.4306
169.0405,170.1523,179.8432,170.1863,179.7540,198.5401,168.9513,198.5061
169.2104,171.1176,178.9297,171.2700,178.4868,199.5023,168.7675,199.3499
169.2381,168.6796,179.2672,169.4601,176.9100,199.7486,166.8808,198.9680
167.0382,168.7449,176.9230,169.3737,174.9944,199.6924,165.1096,199.0636
166.2735,169.6337,177.1790,170.5385,174.7967,199.2518,163.8912,198.3470
166.3416,170.6497,176.6027,171.5394,174.2326,198.8768,163.9715,197.9872
166.1595,169.9593,175.5716,170.6475,173.4865,199.1648,164.0745,198.4766
165.2414,170.7071,176.2295,171.6316,174.0200,197.8922,163.0319,196.9677
164.4017,169.5458,176.5162,170.6236,174.0845,197.9557,161.9700,196.8778
165.3420,168.2892,177.5705,170.0625,173.4088,198.7623,161.1802,196.9891
166.0479,169.5156,176.7540,170.8531,173.2310,199.0539,162.5249,197.7164
166.2897,168.4270,177.6031,170.0012,173.5515,199.1207,162.2380,197.5465
166.5376,167.4326,177.2220,169.0486,172.5860,199.7000,161.9017,198.0840
166.5092,167.8363,176.4468,168.7657,173.7300,197.8158,163.7924,196.8865
167.2965,167.9962,176.9373,168.7952,174.4230,199.1294,164.7822,198.3303
167.0552,166.7257,176.9891,167.3464,174.9722,199.6234,165.0384,199.0027
167.0396,167.9944,177.1611,168.6974,175.0092,199.6821,164.8876,198.9791
166.5967,167.1688,177.1663,167.5593,175.9849,199.5380,165.4154,199.1475
167.4211,168.2394,177.1994,168.4876,176.3875,200.4778,166.6093,200.2296
167.3991,167.8810,178.1458,168.1299,177.4197,199.4815,166.6730,199.2326
168.9299,166.8013,179.0819,167.2919,177.5209,199.5942,167.3689,199.1036
167.6550,167.8049,178.7463,168.2458,177.5005,199.5811,166.4092,199.1401
169.0330,166.7735,178.6859,167.3312,176.8204,199.6174,167.1675,199.0596
169.2770,167.0919,179.1785,167.8254,176.7447,200.6771,166.8432,199.9436
168.4678,165.6159,179.4234,166.5119,176.7076,199.7210,165.7520,198.8251
168.1566,165.7106,178.3118,166.3646,176.1075,200.5937,165.9522,199.9397
169.0910,166.1565,178.4933,166.7351,176.4699,199.6146,167.0676,199.0360
167.9782,166.1363,177.9602,166.7015,176.0600,200.2617,166.0780,199.6965
168.0122,166.1271,178.0790,166.7050,176.1907,199.5926,166.1239,199.0146
168.3868,165.6974,178.0911,166.4489,175.5184,199.6695,165.8141,198.9180
169.1692,166.2032,178.0455,166.7730,175.8747,200.5863,166.9984,200.0165
169.3875,165.7481,178.3646,166.4246,175.7872,200.6276,166.8101,199.9511
168.0638,166.1137,178.2778,166.7396,176.2632,199.6196,166.0491,198.9938
168.2710,167.0038,178.7262,167.8270,176.2146,199.7288,165.7594,198.9057
167.7426,168.0847,178.4889,168.5950,177.0157,199.6194,166.2694,199.1091
169.0017,168.0595,178.9110,168.6704,176.9997,199.6709,167.0904,199.0600
167.7754,166.7863,178.5259,167.2600,177.1022,199.5686,166.3517,199.0949
167.7570,169.0412,178.1302,169.5534,176.6450,199.6349,166.2719,199.1227
168.9577,168.0938,178.3020,168.6312,176.5185,199.6393,167.1742,199.1019
169.2247,167.7061,179.1884,168.4473,176.9345,198.7436,166.9708,198.0023
168.6053,168.8027,179.7910,169.9522,176.7123,199.9126,165.5266,198.7631
169.3586,167.3507,181.2873,169.0311,177.1025,198.7378,165.1738,197.0574
169.4608,168.2386,182.3708,170.2297,177.9503,198.8909,165.0403,196.8997
169.0538,170.9724,183.3336,174.1135,177.4699,200.7707,163.1901,197.6297
168.7307,170.9642,183.3079,173.5869,178.5462,200.0531,163.9689,197.4304
170.2047,170.9936,183.4475,173.7877,177.7826,200.6366,164.5398,197.8425
171.5298,172.0408,184.1577,174.9749,178.1693,200.7483,165.5414,197.8143
171.9546,172.1736,184.6296,174.5730,179.7080,200.5712,167.0330,198.1718
172.8948,172.0137,186.2392,174.6485,181.2163,200.0882,167.8719,197.4534
173.8873,172.3477,185.9417,173.9882,182.5058,199.2354,170.4514,197.5950
174.7796,172.3996,186.3778,173.8548,183.2057,199.1366,171.6075,197.6813
177.0265,172.1522,188.4096,174.5464,182.9635,200.4399,171.5803,198.0457
178.2459,171.9276,191.0242,174.8796,185.2891,199.7057,172.5108,196.7538
179.8433,170.9768,192.1843,174.1368,185.6209,199.7698,173.2799,196.6099
180.1525,171.9170,192.7513,174.8346,187.1111,199.1901,174.5122,196.2724
182.4657,170.9678,194.4293,173.9588,188.0115,199.6287,176.0478,196.6376
181.9609,173.3909,192.7641,175.0802,188.9834,199.2574,178.1802,197.5681
182.0727,172.5208,195.5632,173.7085,193.3045,199.3634,179.8140,198.1756
184.8562,171.7239,198.9584,172.5982,197.3278,198.9010,183.2256,198.0268
186.0507,171.5983,199.9588,172.7250,197.8309,198.9923,183.9228,197.8656
188.7790,169.1417,201.8277,171.7613,196.4555,198.5219,183.4068,195.9024
190.7450,169.2748,203.3222,171.6871,198.0035,199.4174,185.4262,197.0051
193.7770,169.5803,204.1501,171.0110,200.3046,198.8918,189.9315,197.4611
196.0578,170.4554,206.6266,172.1926,202.2785,198.6448,191.7097,196.9076
197.7582,170.3340,208.9799,172.6367,203.3884,199.8854,192.1667,197.5827
200.0055,170.1892,212.1627,172.5197,206.6277,201.3939,194.4706,199.0635
200.9665,169.0080,214.9657,171.5589,209.8007,199.9041,195.8015,197.3532
203.3119,169.1751,216.9913,171.2765,212.8248,198.3984,199.1454,196.2969
205.8765,168.9658,219.3586,171.5799,214.1354,198.5182,200.6533,195.9041
208.3648,168.4348,219.7578,170.4234,214.8547,198.5141,203.4617,196.5255
208.7927,168.4763,220.5974,170.1338,216.7356,197.6375,204.9309,195.9800
209.3178,167.8696,223.7914,168.1553,223.1427,201.0161,208.6690,200.7304
210.4702,168.9716,224.8331,169.4332,223.9261,197.6544,209.5632,197.1928
212.4128,168.9883,224.5638,169.3375,223.7797,196.6208,211.6288,196.2716
215.0275,169.1372,227.4074,169.1599,227.3565,197.0114,214.9765,196.9888
219.1772,166.3556,229.4999,166.4690,229.1245,200.6458,218.8018,200.5324
222.4737,163.8813,232.5521,164.1409,231.6435,199.4092,221.5652,199.1496
224.7745,165.0233,234.5606,166.0206,231.1252,199.7290,221.3391,198.7316
229.7282,164.9137,239.2801,166.4603,233.8646,199.9076,224.3127,198.3611
232.6084,164.4497,242.9809,166.0507,237.8096,199.5538,227.4371,197.9528
233.9164,164.8018,243.7132,165.2857,242.0026,199.9155,232.2058,199.4315
235.3204,165.8785,247.0448,166.8798,244.3009,199.0105,232.5765,198.0092
238.3273,166.6121,250.2674,167.5506,247.6040,201.4362,235.6639,200.4977
241.3655,165.3104,253.6244,167.0840,248.9002,199.7376,236.6413,197.9640
242.9359,165.1731,255.3779,167.3629,249.6393,199.9680,237.1974,197.7782
245.7524,166.0800,258.9952,168.4861,253.6439,197.9377,240.4011,195.5315
247.5430,166.8197,259.5247,167.2359,258.4385,198.5038,246.4568,198.0876
249.2023,168.1295,260.0432,168.2896,259.6107,197.5904,248.7698,197.4304
253.8732,167.7592,264.7453,168.3239,263.1187,199.6417,252.2465,199.0770
257.2297,168.0421,267.1030,168.7952,264.6690,200.7030,254.7957,199.9499
257.2964,166.8913,272.1507,167.1286,271.6186,200.4443,256.7642,200.2070
261.0992,166.7083,275.4883,167.3915,273.9080,200.6740,259.5189,199.9908
263.1866,164.8029,276.0208,166.2926,272.1142,199.9496,259.2801,198.4599
267.0516,164.7191,278.2378,166.0030,274.2410,200.8244,263.0548,199.5405
271.4047,164.4835,282.1875,165.9647,277.3423,201.2365,266.5594,199.7553
273.5587,164.9584,284.9621,166.0868,281.5182,200.8926,270.1147,199.7643
276.2903,164.6743,289.0283,166.4494,284.3091,200.3138,271.5712,198.5387
278.9727,164.2439,291.6978,166.3920,285.7787,201.4561,273.0536,199.3080
281.2950,163.2499,296.1219,165.0180,291.9443,200.0498,277.1175,198.2817
285.0508,164.3378,299.8611,165.9877,296.1721,199.1028,281.3617,197.4529
289.2410,166.0224,300.9381,166.9055,298.4074,200.4241,286.7103,199.5410
290.5255,166.2462,303.1481,166.6283,302.1231,200.4957,289.5005,200.1137
294.3085,165.9211,304.5694,166.0848,304.0067,201.3603,293.7457,201.1967
297.2148,164.9358,309.5829,165.0699,309.2004,200.3479,296.8323,200.2138
302.1388,160.4459,312.0580,160.9771,309.9440,200.4507,300.0249,199.9194
305.5274,161.2660,316.0345,162.1229,312.8969,200.5974,302.3898,199.7405
309.4110,159.6429,320.9370,159.8494,320.1951,201.2552,308.6692,201.0487
309.8866,167.1363,323.2975,167.7726,321.6917,201.6174,308.2808,200.9811
313.6534,165.3347,324.9307,165.7144,323.7274,201.4594,312.4501,201.0798
317.5087,164.7960,329.7726,165.8635,326.6712,201.4940,314.4073,200.4265
319.5196,165.0550,332.0351,165.4114,331.0297,200.7238,318.5141,200.3675
322.1315,164.9489,336.3935,165.0521,336.1454,199.3512,321.8833,199.2480
340.5474,197.9311,326.6142,198.1446,326.1376,167.0465,340.0709,166.8329
347.8192,198.2956,335.8032,200.3250,330.1412,166.7997,342.1572,164.7704
351.8875,197.7850,339.0491,200.5471,331.6021,165.9334,344.4405,163.1713
353.5216,199.3431,340.2175,201.2076,335.5365,167.8066,348.8406,165.9421
353.1275,200.9705,343.6988,201.7581,340.8340,167.4654,350.2628,166.6777
342.8877,168.1893,355.6314,169.0179,353.6680,199.2144,340.9243,198.3858
362.9659,198.7771,342.9670,198.9889,342.6349,167.6306,362.6338,167.4189
365.5157,198.1124,345.8013,198.9565,344.5689,170.1709,364.2833,169.3268
367.0778,198.9095,349.4282,200.4264,346.6259,167.8201,364.2755,166.3032
367.8525,199.8347,353.3345,201.4997,349.6496,169.3704,364.1676,167.7053
375.6215,189.9314,361.5775,197.5088,347.9628,172.2753,362.0068,164.6978
378.2725,187.8339,360.9434,197.3615,347.9364,173.7041,365.2656,164.1765
378.7125,190.8417,361.2549,196.6202,352.6534,170.6339,370.1111,164.8554
376.9594,194.9553,360.2253,196.1604,358.1683,167.5975,374.9025,166.3924
381.5367,190.8732,367.4384,195.7828,358.7365,170.7946,372.8348,165.8850
382.6654,192.7063,367.6862,197.6614,359.3762,172.5401,374.3554,167.5851
379.8085,198.9186,365.1642,200.2473,362.4058,169.8450,377.0501,168.5164
383.1194,198.2548,367.9474,200.8391,363.1301,172.5573,378.3022,169.9731
383.6064,198.4934,368.7278,200.9001,364.0794,172.1628,378.9580,169.7561
384.5742,199.9988,371.9182,201.4337,368.4512,170.8547,381.1071,169.4198
381.7799,200.1559,370.2113,200.1733,370.1635,168.5554,381.7322,168.5379
382.6614,198.8215,370.8802,199.2816,369.6592,168.0130,381.4404,167.5530
371.1097,166.9581,383.6394,167.0470,383.4161,198.5238,370.8864,198.4349
383.3862,199.1063,372.3014,199.8265,370.2682,168.5325,381.3530,167.8123
384.8854,197.9460,371.4145,198.7559,369.6278,169.0338,383.0987,168.2240
385.0790,197.7328,371.1740,198.2384,370.1040,168.8141,384.0090,168.3084
371.1158,168.9474,384.6158,169.0565,384.3834,197.8059,370.8834,197.6968
372.2712,166.9126,383.7477,167.1075,383.2150,198.4630,371.7385,198.2680
373.2392,165.6684,384.1393,166.4886,381.6373,199.7379,370.7372,198.9176
373.1790,165.1686,382.7808,165.8340,380.4381,199.6359,370.8363,198.9704
