1
276.2173,65.9290,297.8063,66.0749,297.3719,130.3676,275.7828,130.2217
298.9655,130.8815,276.0903,131.0178,275.7029,66.0190,298.5781,65.8827
276.7261,66.8900,298.0705,67.1259,297.3824,129.3737,276.0381,129.1377
298.8885,127.0124,275.2083,127.2497,274.6120,67.7745,298.2923,67.5371
275.5379,67.8127,299.1463,68.2006,298.1549,128.5379,274.5466,128.1500
296.4847,132.2389,275.8784,132.5343,274.9241,65.9812,295.5304,65.6858
296.4128,128.9774,276.2726,129.4047,274.9161,65.4607,295.0564,65.0335
275.7646,63.7436,298.4645,64.2762,296.9352,129.4535,274.2354,128.9209
275.4278,65.1994,298.7826,65.5083,297.9447,128.8669,274.5898,128.5580
299.5524,126.1658,274.9583,126.7832,273.4493,66.6741,298.0434,66.0567
298.6449,129.3128,275.7986,129.6384,274.8927,66.0815,297.7390,65.7559
298.1641,129.4731,276.8490,129.8741,275.6467,65.9696,296.9618,65.5685
276.1552,64.9434,299.3340,65.0578,299.0210,128.4579,275.8422,128.3435
279.3833,65.1899,299.8363,65.4400,299.0534,129.4695,278.6004,129.2194
277.4666,64.8579,299.0601,65.1599,298.1810,128.0213,276.5875,127.7193
275.2664,66.9033,299.9148,67.1053,299.4090,128.8096,274.7606,128.6075
276.4733,65.8512,298.1803,66.1585,297.2904,129.0038,275.5834,128.6964
297.0880,131.6763,275.5423,131.7075,275.4472,66.0476,296.9930,66.0164
296.5455,129.4769,275.6283,129.5934,275.2667,64.6881,296.1839,64.5715
276.4617,66.1697,297.8478,66.4817,296.9242,129.7762,275.5381,129.4641
298.0396,130.9435,275.0484,131.0589,274.7212,65.8435,297.7124,65.7282
304.2323,124.9506,278.0128,128.1318,271.0306,70.5854,297.2501,67.4041
300.2827,125.3668,276.5356,125.9557,275.0604,66.4702,298.8075,65.8813
277.9003,65.0318,300.2743,65.6641,298.4447,130.4048,276.0707,129.7724
277.5928,62.8085,299.2531,63.2120,298.0576,127.3887,276.3973,126.9852
279.5372,63.2496,299.6442,63.4286,299.0746,127.3809,278.9676,127.2018
276.5841,63.8063,299.8804,64.2167,298.7786,126.7612,275.4823,126.3508
275.2581,65.9033,299.9228,66.1024,299.4311,127.0094,274.7663,126.8103
298.7995,130.5760,276.2530,131.0319,274.9023,64.2356,297.4488,63.7797
298.6591,129.4780,275.6710,129.7136,274.9853,62.8112,297.9734,62.5756
297.9537,127.5480,276.1393,127.8735,275.1606,62.2834,296.9751,61.9579
298.4941,122.7675,275.5809,122.8067,275.4747,60.6881,298.3879,60.6489
297.8929,127.7537,275.9834,128.2482,274.4844,61.8281,296.3940,61.3336
299.6004,130.9967,277.3647,131.5758,275.5953,63.6359,297.8310,63.0568
299.8711,130.8313,277.9115,131.1570,276.8901,62.2896,298.8497,61.9639
277.1054,61.9657,298.8909,62.0353,298.6790,128.3673,276.8935,128.2977
297.6440,127.0918,276.8216,127.1816,276.5416,62.2298,297.3640,62.1401
300.5107,126.5923,278.8033,127.3699,276.4117,60.6054,298.1191,59.8278
299.9585,125.2327,275.0068,125.2441,274.9783,62.9833,299.9300,62.9719
299.4800,128.7685,276.8292,128.8010,276.7358,63.5744,299.3866,63.5420
298.0592,125.6059,276.0350,125.6588,275.8850,63.1867,297.9091,63.1338
298.7488,129.0040,275.9259,129.2187,275.3080,63.5363,298.1309,63.3216
276.0392,61.9874,297.9801,62.0134,297.9009,128.8291,275.9600,128.8031
297.1801,122.6318,274.3290,122.8567,273.7208,61.0846,296.5720,60.8596
298.2201,125.0000,274.6178,125.4663,273.3861,63.1192,296.9883,62.6529
301.2041,123.6657,273.2829,124.2092,272.1450,65.7435,300.0662,65.2001
275.2736,63.9048,299.6036,64.1038,299.0509,131.6756,274.7209,131.4766
275.2447,62.9150,299.1241,63.0921,298.6323,129.3656,274.7529,129.1884
298.0620,127.5578,274.5735,127.8353,273.7969,62.0925,297.2854,61.8150
299.5225,123.0890,275.6035,123.4598,274.6595,62.5738,298.5785,62.2030
299.8209,123.9011,272.2684,124.0633,271.9223,65.2892,299.4748,65.1270
299.5530,123.9972,273.9974,124.5789,272.6174,63.9539,298.1730,63.3722
296.7267,132.9027,275.2723,133.3782,273.7258,63.6038,295.1802,63.1282
296.5843,129.0692,274.4798,129.1906,274.1057,61.0759,296.2102,60.9545
296.8690,125.8298,274.1647,125.8581,274.0839,60.9933,296.7882,60.9650
273.1033,60.9619,297.8623,61.0375,297.6659,125.2841,272.9070,125.2084
299.5965,122.9775,272.4921,124.1507,269.8775,63.7459,296.9819,62.5727
304.3065,121.3471,273.7909,125.1288,266.6574,67.5680,297.1730,63.7862
272.7233,62.7217,299.4382,63.2949,298.0243,129.1967,271.3094,128.6236
273.6532,62.7728,297.4299,63.2402,296.1106,130.3463,272.3339,129.8788
296.4876,129.6507,274.8397,130.1994,273.1262,62.6011,294.7740,62.0524
275.2186,60.9318,297.2722,61.0703,296.8682,125.4292,274.8146,125.2907
275.8089,63.8760,298.0004,64.1416,297.2682,125.3262,275.0766,125.0606
296.6569,130.9181,273.6665,131.0896,273.1673,64.1494,296.1577,63.9779
295.8883,131.0287,272.3973,131.1441,272.0624,62.9690,295.5533,62.8536
294.8721,129.5828,272.7531,129.9500,271.6295,62.2597,293.7485,61.8925
272.0995,61.9648,297.0247,62.0380,296.8239,130.3785,271.8988,130.3053
297.0119,123.0935,271.2153,123.4789,270.3160,63.2818,296.1126,62.8964
299.9687,123.3989,272.4190,124.8870,269.2397,66.0311,296.7895,64.5430
296.6564,124.7227,271.2190,124.9911,270.5726,63.7475,296.0100,63.4790
272.0503,63.3840,296.6902,63.4209,296.5873,132.1125,271.9475,132.0756
274.4524,62.2600,297.9189,62.5757,296.9894,131.6747,273.5229,131.3591
273.1408,62.3633,296.7730,62.4624,296.4832,131.5754,272.8510,131.4763
272.0606,60.9802,295.7165,61.0203,295.6035,127.6986,271.9477,127.6586
296.5826,124.3994,270.6862,124.6902,269.9981,63.4113,295.8945,63.1205
295.6501,131.5323,271.0576,131.8849,270.0619,62.4320,294.6543,62.0794
295.8966,134.7073,270.8770,135.1938,269.4721,62.9574,294.4917,62.4708
295.7663,131.5028,270.0212,131.9703,268.7466,61.7778,294.4916,61.3103
269.2153,61.3554,293.9191,61.5114,293.4753,131.7923,268.7714,131.6363
293.5467,122.2411,266.8186,122.2774,266.7376,62.7445,293.4657,62.7081
295.3358,122.1808,265.7097,122.4107,265.2674,65.4111,294.8936,65.1813
268.3595,62.8630,295.2472,63.1445,294.5193,132.6608,267.6316,132.3793
270.4042,61.4531,296.2569,62.5233,293.3564,132.5895,267.5037,131.5193
269.8907,60.5616,294.1600,61.2137,292.2917,130.7444,268.0224,130.0923
269.3042,60.2985,293.7406,60.5206,293.1147,129.3950,268.6784,129.1730
267.3043,60.5377,294.0052,61.5136,291.3882,133.1152,264.6873,132.1393
267.0689,61.6701,293.5852,62.3726,291.7128,133.0482,265.1965,132.3457
265.7311,63.3150,295.3137,64.7692,291.9413,133.3728,262.3588,131.9186
265.4669,62.3272,292.3918,62.6755,291.4377,136.4135,264.5129,136.0651
265.8077,61.2504,292.5446,61.8379,290.8984,136.7571,264.1616,136.1696
262.4872,61.4280,293.2630,62.6429,290.3571,136.2566,259.5814,135.0417
292.3816,135.7395,266.9444,136.2578,265.4560,63.1991,290.8932,62.6809
295.3399,129.2832,262.1467,129.8306,261.1151,67.2771,294.3083,66.7297
263.2623,69.8730,296.8501,70.1250,296.3648,134.7874,262.7770,134.5353
293.7675,145.4462,264.4439,145.6761,263.8632,71.5856,293.1868,71.3557
294.6357,145.2527,266.3377,146.0489,264.2499,71.8471,292.5479,71.0508
296.7604,147.1198,268.2150,148.8163,263.7077,72.9764,292.2531,71.2799
298.5342,148.6102,269.8480,150.1231,265.8029,73.4260,294.4891,71.9131
295.5804,152.9287,269.1081,153.5390,267.2763,74.0802,293.7487,73.4700
295.8397,151.1523,266.8871,151.4151,266.1846,74.0100,295.1371,73.7472
293.7397,150.2776,267.4648,151.1922,264.7564,73.3875,291.0313,72.4729
266.7898,73.6854,297.1062,76.6496,290.1903,147.3819,259.8740,144.4177
266.2440,73.4811,296.5595,74.5880,294.0653,142.8946,263.7498,141.7877
293.8858,143.9767,264.2354,143.9963,264.1883,73.0854,293.8388,73.0657
263.7338,73.6831,294.1769,74.3245,292.6961,144.6046,262.2530,143.9631
266.1637,71.9242,294.6925,75.0193,286.9767,146.1390,258.4479,143.0439
265.4386,70.5957,295.0567,74.1764,285.9766,149.2842,256.3585,145.7036
265.0670,68.9250,292.5079,71.8680,284.3341,148.0802,256.8932,145.1372
265.6528,68.2080,293.1229,71.2643,283.8655,154.4697,256.3954,151.4134
265.5478,67.4233,293.0775,70.4091,283.9048,154.9838,256.3750,151.9980
264.0865,68.1347,293.4005,71.7265,283.1317,155.5336,253.8178,151.9418
264.0360,67.0913,292.2740,70.4856,281.9495,156.3755,253.7115,152.9812
264.9821,69.3022,292.5508,72.0651,284.3286,154.1086,256.7599,151.3457
266.0110,67.7353,292.6574,70.2068,284.8518,154.3608,258.2054,151.8892
265.4211,68.4233,292.9983,70.7571,286.0305,153.0906,258.4532,150.7567
266.7990,70.5559,294.9195,72.3316,289.9061,151.7212,261.7857,149.9454
267.0940,69.2143,297.2525,71.1367,292.1757,150.7800,262.0172,148.8576
269.8895,69.4222,297.0590,71.8467,289.7521,153.7299,262.5826,151.3054
270.9227,66.7038,296.2759,68.9252,288.6192,156.3157,263.2659,154.0944
270.0156,66.6230,296.4948,68.5068,290.7415,149.3770,264.2622,147.4932
272.5781,66.5394,300.2387,68.8458,293.2780,152.3258,265.6174,150.0194
272.7469,66.6646,301.8592,69.0561,294.6040,157.3745,265.4918,154.9830
273.6912,66.5347,303.0419,69.4608,294.2293,157.8565,264.8786,154.9304
275.7801,67.2373,304.3605,70.4605,294.6568,156.5047,266.0764,153.2815
278.4761,65.3334,306.0158,68.6904,295.4246,155.5781,267.8849,152.2211
278.0137,65.4795,306.4267,68.7696,296.2632,156.5399,267.8503,153.2498
278.6549,66.4361,306.0192,69.3449,296.8664,155.4495,269.5021,152.5407
278.7402,68.1218,307.7705,71.3506,298.4463,155.1846,269.4160,151.9558
277.3022,67.2316,308.8608,71.3016,298.8479,148.9401,267.2893,144.8700
278.1415,65.6643,308.4174,68.7021,300.3742,148.8645,270.0984,145.8267
277.6782,64.7763,309.2037,67.5653,302.1958,146.7793,270.6704,143.9903
275.8287,66.2650,308.2956,67.7734,304.6579,146.0702,272.1910,144.5618
308.4607,145.1054,276.0944,145.4035,275.3792,67.7591,307.7455,67.4610
279.1580,68.2388,309.7669,69.8569,305.4725,151.0944,274.8635,149.4763
279.5010,68.7697,312.0768,71.5483,305.1263,153.0348,272.5505,150.2562
279.6172,66.4822,310.8226,69.8446,301.7771,153.7927,270.5716,150.4303
278.8249,65.2933,310.9719,69.1009,301.6383,147.9026,269.4913,144.0950
278.1889,65.5234,309.0919,66.4712,306.7102,144.1321,275.8071,143.1844
277.6658,66.7075,312.3887,67.3103,311.0828,142.5323,276.3600,141.9295
278.9763,67.5966,311.4714,68.4161,309.5093,146.2171,277.0142,145.3976
279.3521,66.4669,310.8161,67.5446,308.1082,146.6019,276.6442,145.5242
279.5606,65.3641,312.5140,66.6526,309.3866,146.6351,276.4333,145.3466
279.9572,65.6093,312.5775,66.4055,310.6556,145.1376,278.0354,144.3414
283.0334,63.2652,313.9632,64.8075,309.9249,145.7907,278.9951,144.2484
281.2795,66.4959,313.2138,67.5268,310.6516,146.8969,278.7173,145.8660
281.6785,68.2437,317.3901,69.7866,314.0349,147.4492,278.3232,145.9064
280.0636,68.9240,319.2516,71.0630,315.1654,145.9254,275.9774,143.7864
281.6956,68.2448,314.1344,69.6863,310.7623,145.5681,278.3235,144.1266
280.5937,70.1611,321.3002,71.9153,318.1104,145.9351,277.4038,144.1809
283.0097,69.0838,318.5803,70.9601,314.6029,146.3656,279.0323,144.4894
283.2383,71.8861,319.6161,72.1215,319.1339,146.6060,282.7562,146.3706
282.5369,70.7488,319.4709,71.2706,318.3892,147.8335,281.4552,147.3117
283.9493,67.5946,317.8379,68.4297,315.9328,145.7364,282.0442,144.9013
316.0348,145.5376,282.2610,145.6321,282.0411,67.0763,315.8149,66.9818
318.7755,143.0522,281.8888,143.1253,281.7386,67.3343,318.6252,67.2612
284.6293,67.9622,322.2059,68.0416,322.0490,142.3302,284.4724,142.2508
284.0469,68.9767,321.4577,69.0236,321.3633,144.3554,283.9524,144.3085
321.9344,143.2071,285.6174,143.4021,285.2031,66.2451,321.5201,66.0501
322.5610,141.7874,285.5992,141.9253,285.3073,63.6605,322.2691,63.5227
288.2700,59.6738,323.3712,60.3865,321.7304,141.2023,286.6292,140.4897
287.2205,58.7069,324.3073,60.7586,319.8168,141.9289,282.7300,139.8772
287.0709,59.1294,325.0735,61.0174,320.9308,144.4019,282.9283,142.5139
286.1724,57.6840,325.4475,60.6076,319.1969,144.5758,279.9218,141.6521
289.2079,58.6075,324.7386,60.5245,320.1680,145.2419,284.6372,143.3250
290.9099,54.8574,322.1898,55.0456,321.6289,148.2755,290.3489,148.0873
288.3764,53.8424,322.8654,54.1652,322.1094,134.9422,287.6204,134.6194
290.3826,52.9563,323.3180,54.7854,318.4566,142.3204,285.5212,140.4912
291.6785,52.5398,322.1656,53.5576,319.3069,139.1841,288.8198,138.1663
293.5882,54.8740,325.1628,57.1869,318.5091,148.0205,286.9345,145.7076
292.4589,53.7614,326.4038,56.7511,318.3716,147.9502,284.4267,144.9606
292.1753,56.5783,325.8844,59.0781,319.2874,148.0340,285.5783,145.5342
290.2429,53.9566,324.1282,54.0496,323.8767,145.7141,289.9914,145.6212
290.3925,54.6612,324.0804,55.4058,322.0750,146.1352,288.3870,145.3906
289.5114,56.3033,328.0196,60.2450,319.1475,146.9195,280.6393,142.9778
289.4906,59.9117,325.5479,60.1029,325.0679,150.6300,289.0107,150.4388
325.1106,149.7264,286.2432,149.8481,285.9554,57.9471,324.8229,57.8254
288.8040,56.4176,323.8313,57.4186,321.1755,150.3465,286.1481,149.3455
325.8522,138.6982,289.3860,139.7999,286.8428,55.6128,323.3090,54.5111
325.7060,142.0300,290.8247,143.4507,287.2012,54.4845,322.0825,53.0638
326.4703,131.1483,290.5345,132.1796,288.3763,56.9768,324.3120,55.9455
325.3470,143.0377,290.7977,143.5622,289.4869,57.2130,324.0362,56.6885
293.2961,56.3686,326.7757,57.7806,322.9461,148.5764,289.4666,147.1644
292.8621,56.1663,326.2870,57.5730,322.5039,147.4648,289.0789,146.0580
294.3701,53.9561,323.7603,54.0480,323.4907,140.3268,294.1004,140.2349
325.9548,141.3084,293.3118,142.3404,290.5140,53.8434,323.1571,52.8114
324.2929,144.7663,293.7340,144.9505,293.1906,54.7921,323.7494,54.6079
324.3634,144.2375,294.0630,144.8915,292.1236,55.0353,322.4239,54.3813
326.7159,145.9306,294.6639,148.4116,287.5873,56.9863,319.6393,54.5053
325.0585,145.3565,295.6884,146.8555,290.9446,53.9091,320.3148,52.4101
327.1806,138.8605,295.1440,141.4439,288.2767,56.2837,320.3134,53.7003
324.2973,136.2816,294.1546,137.2148,291.5948,54.5351,321.7374,53.6019
323.3387,132.5014,292.0066,132.6821,291.5532,54.0423,322.8853,53.8617
326.1458,146.0520,293.3240,146.1732,292.9926,56.4087,325.8143,56.2875
296.9677,53.5316,327.1202,54.5696,323.7244,153.2163,293.5719,152.1783
297.1460,55.6252,325.8537,56.3278,323.5065,152.2400,294.7988,151.5375
325.0074,144.2190,296.7037,145.2808,293.3606,56.1635,321.6644,55.1017
326.4935,145.2541,297.1460,146.5723,293.0498,55.3805,322.3972,54.0622
326.4304,147.9433,295.8625,148.7709,293.3240,55.0147,323.8919,54.1870
324.5111,149.3545,296.2220,149.7795,294.8131,55.9922,323.1022,55.5672
325.2157,150.7122,296.8296,151.6128,293.8278,56.9942,322.2139,56.0936
325.1220,151.8903,296.1654,152.7838,293.1731,55.8099,322.1297,54.9164
326.1261,143.0808,295.3480,144.5406,291.1230,55.4607,321.9012,54.0010
325.0668,143.3738,294.2574,143.7489,293.1599,53.5955,323.9692,53.2205
295.3237,54.5654,325.0569,54.7908,324.4198,138.8183,294.6866,138.5929
294.6926,56.5918,327.5262,57.1099,326.1044,147.1967,293.2708,146.6785
296.3585,53.8993,326.2428,54.1225,325.5084,152.4287,295.6240,152.2054
296.0283,56.8505,325.7055,56.8697,325.6451,150.4857,295.9678,150.4665
323.8759,144.6496,296.9737,144.9126,296.0660,52.0502,322.9682,51.7872
326.8707,148.9220,298.2544,150.4371,293.1764,54.5314,321.7927,53.0163
324.3572,150.3659,294.4342,150.5896,293.7160,54.5523,323.6390,54.3286
325.4900,154.4026,298.2325,154.9570,296.2394,56.9773,323.4969,56.4228
326.3220,157.2160,298.7844,157.8133,296.5745,55.9172,324.1121,55.3200
327.3218,155.0222,299.9217,155.8305,296.9163,53.9549,324.3164,53.1465
327.3897,151.2771,298.3376,152.1040,295.5495,54.1436,324.6016,53.3168
326.8421,147.9362,298.4120,148.5961,296.2062,53.5617,324.6364,52.9018
296.0121,53.0464,327.3722,53.0542,327.3491,145.7215,295.9891,145.7137
326.2191,155.6012,296.0706,155.7730,295.4954,54.8347,325.6439,54.6628
326.0987,157.7570,297.5612,158.5068,294.8585,55.6423,323.3960,54.8925
326.1013,154.1922,298.2663,154.7921,296.1337,55.8351,323.9686,55.2352
326.6475,150.7032,299.4313,151.2917,297.3129,53.3146,324.5291,52.7262
326.8638,152.3916,299.4464,153.5002,295.4475,54.6010,322.8649,53.4924
327.0737,155.9804,299.6640,157.1843,295.1914,55.3625,322.6012,54.1586
327.6846,156.4732,302.2064,157.2580,299.0685,55.3863,324.5467,54.6015
327.7551,158.3942,302.2509,159.0494,299.5833,55.2050,325.0874,54.5498
327.4116,158.8313,302.9950,159.6200,299.5148,51.8762,323.9315,51.0875
329.0084,150.4105,300.8353,151.9467,295.3931,52.1394,323.5662,50.6032
327.5164,150.8483,299.8452,151.3423,298.0783,52.3781,325.7495,51.8841
327.1634,139.5465,299.4566,140.2630,297.2198,53.7657,324.9266,53.0492
299.5951,53.8168,327.4444,54.1759,326.3250,140.9992,298.4757,140.6402
327.6440,153.1723,300.8155,153.8951,298.1236,53.9713,324.9521,53.2486
329.9849,159.5011,304.2902,160.8684,298.6658,55.1780,324.3605,53.8106
328.4528,152.1904,303.1474,153.1259,299.3794,51.1955,324.6848,50.2601
329.5232,157.1894,303.8779,158.2367,299.5593,52.4848,325.2046,51.4376
330.3658,160.4019,304.5447,161.7520,298.9157,54.0991,324.7368,52.7490
326.6797,161.9188,306.2239,162.7889,301.5594,53.1280,322.0151,52.2579
329.0040,157.6738,305.5134,158.4257,302.1315,52.7784,325.6221,52.0265
331.2323,161.2048,307.7740,162.7794,300.4887,54.2436,323.9470,52.6690
330.2486,151.2553,305.5314,152.7513,299.4332,51.9957,324.1504,50.4997
300.2992,51.9051,326.7586,52.0857,326.1557,140.4427,299.6964,140.2622
302.0909,51.9938,327.5031,52.0057,327.4597,144.3094,302.0475,144.2975
327.5797,148.5878,301.4019,148.7204,300.9199,53.5870,327.0977,53.4544
327.2985,148.2399,301.5529,148.7221,299.7811,54.1278,325.5267,53.6456
326.8465,155.5155,305.3139,156.2506,301.7363,51.4517,323.2689,50.7166
333.5557,154.9586,307.0638,155.7528,303.9655,52.4107,330.4573,51.6165
329.8163,157.0727,307.2147,157.7492,304.0440,51.8157,326.6456,51.1392
328.6452,159.1455,309.0034,159.9444,304.6389,52.6489,324.2808,51.8499
329.3899,165.0135,308.8474,165.9906,303.4926,53.4179,324.0351,52.4408
328.1039,163.0474,307.6593,163.8151,303.4987,53.0100,323.9433,52.2424
329.4801,164.7101,307.8249,165.5774,303.3265,53.2589,324.9818,52.3917
306.4059,52.9769,332.7155,53.0258,332.5356,149.8852,306.2260,149.8363
304.7231,54.4432,332.1936,55.5121,328.7327,144.4531,301.2622,143.3842
304.0312,56.3458,334.8013,57.7605,330.7351,146.2012,299.9650,144.7865
305.1078,59.0366,335.7081,61.1881,329.5650,148.5602,298.9647,146.4087
305.0285,58.4474,329.7530,59.5183,325.6933,153.2530,300.9689,152.1822
305.9213,54.2064,331.3752,55.6859,325.5697,155.5639,300.1158,154.0844
304.2930,52.7465,330.4221,53.1749,328.6360,162.1323,302.5068,161.7040
330.9908,164.9920,304.8326,165.6080,302.1222,50.5046,328.2803,49.8886
332.6697,167.5919,304.9842,168.6743,300.4992,53.9579,328.1848,52.8755
330.1836,165.9945,305.4258,166.1242,304.8301,52.4116,329.5879,52.2819
334.9890,168.4677,308.5126,169.0139,306.1539,54.6828,332.6302,54.1366
308.1257,56.1785,336.5672,56.4895,335.3279,169.8351,306.8864,169.5241
338.6351,161.3255,308.2833,162.4546,304.2068,52.8779,334.5586,51.7488
352.1241,173.8536,315.4638,178.3173,301.1017,60.3625,337.7620,55.8988
340.7006,154.7511,306.1424,155.4635,304.0339,53.1812,338.5921,52.4688
344.4576,150.8634,301.6143,152.0613,298.9389,56.3713,341.7822,55.1734
336.7436,158.3106,300.8479,158.5131,300.2671,55.5441,336.1628,55.3416
302.0976,52.9701,331.5696,53.0241,331.3729,160.3582,301.9009,160.3042
344.1150,160.1319,304.6689,162.1188,299.3225,55.9767,338.7687,53.9898
335.2936,161.4726,301.9263,162.0682,300.0160,55.0501,333.3833,54.4545
334.4344,163.8652,306.3340,165.0516,301.6989,55.2590,329.7993,54.0726
336.4510,163.1137,309.5003,164.9204,302.2863,57.3086,329.2370,55.5019
340.6192,166.0328,310.5620,167.3779,305.5184,54.6770,335.5756,53.3319
347.4983,166.2572,312.6732,168.4308,305.6462,55.8474,340.4713,53.6737
344.0392,166.2937,312.0968,167.9169,306.1606,51.1072,338.1030,49.4839
309.0939,49.9532,344.4852,52.3032,338.3595,144.5589,302.9681,142.2089
305.0574,55.3286,346.8965,59.0905,338.8763,148.2904,297.0371,144.5285
303.0319,59.5783,348.0692,62.6685,342.1075,149.5546,297.0702,146.4643
304.0337,56.5934,330.3078,57.3289,327.5067,157.3925,301.2326,156.6570
342.1622,171.5118,306.2886,173.1024,301.0388,54.6993,336.9125,53.1087
343.0713,168.1446,306.7234,170.8710,298.2832,58.3451,334.6311,55.6188
338.4990,170.9756,302.8430,172.1487,298.9763,54.6204,334.6324,53.4474
340.4976,170.6322,304.4543,171.8896,300.4983,58.4908,336.5416,57.2334
354.0542,177.3933,315.5356,181.4032,303.1142,62.0872,341.6328,58.0772
350.7008,183.9232,314.6038,187.0571,303.5317,59.5299,339.6287,56.3959
347.2508,175.8910,312.7070,178.0324,305.1784,56.5884,339.7222,54.4470
345.3995,174.5837,313.2771,177.2312,303.0496,53.1400,335.1720,50.4925
343.5984,167.2722,307.1888,169.2941,300.9307,56.5996,337.3403,54.5777
303.9387,59.7115,346.4709,62.6419,340.1578,154.2709,297.6256,151.3405
327.2110,154.5373,294.1503,155.0573,292.6358,58.7756,325.6965,58.2555
327.4796,169.5251,302.7104,170.0505,300.2619,54.6277,325.0311,54.1022
328.2436,168.6178,299.4778,169.1470,297.3453,53.2338,326.1111,52.7046
333.7596,176.9072,302.3758,178.4108,296.4058,53.8028,327.7896,52.2992
329.5851,182.5545,303.2110,183.9510,296.3063,53.5503,322.6804,52.1538
337.9177,186.3888,303.8147,188.8430,294.5585,60.2205,328.6616,57.7663
351.9641,193.3255,311.4212,196.9968,299.2558,62.6518,339.7987,58.9805
347.5645,187.5884,308.4155,189.9185,300.6716,59.8087,339.8206,57.4786
344.7343,187.9530,307.5009,190.9564,296.4184,53.5649,333.6518,50.5615
337.4190,170.2240,306.4749,172.9891,295.8795,54.4179,326.8236,51.6527
347.6546,183.0223,304.8978,186.1066,295.5484,56.4963,338.3052,53.4121
335.0815,181.9853,299.5670,184.0448,292.1019,55.3139,327.6164,53.2544
334.0042,186.5500,299.3361,189.1460,289.8069,61.8891,324.4749,59.2931
333.1502,170.5725,296.3989,173.8108,286.5242,61.7430,323.2755,58.5047
332.6573,178.9477,299.5575,181.7887,289.0133,58.9443,322.1131,56.1032
330.1853,179.5618,295.5502,181.2619,289.5926,59.8880,324.2276,58.1880
331.9178,187.6051,297.1335,189.9175,288.3886,58.3741,323.1729,56.0616
330.5572,190.9541,296.2351,193.1414,287.7587,60.1312,322.0808,57.9439
326.7692,182.3771,293.3316,183.0164,290.9575,58.8293,324.3951,58.1901
328.0326,183.9855,292.2349,184.8190,289.3022,58.8578,325.0999,58.0243
326.4414,181.1339,292.7426,181.9078,289.8596,56.3735,323.5583,55.5996
327.4180,179.7813,285.4712,181.0708,281.6382,56.3879,323.5851,55.0984
323.6833,181.2982,287.4876,181.6729,286.1688,54.2798,322.3645,53.9051
283.7949,58.0024,324.6127,59.3430,320.3925,187.8405,279.5746,186.4999
278.6442,59.4047,326.1512,60.6218,322.9995,183.6401,275.4925,182.4230
276.4481,59.8392,318.5985,60.1318,317.7020,189.2851,275.5515,188.9925
275.4711,59.4800,318.2402,60.4383,315.4744,183.8808,272.7053,182.9225
276.8612,58.3462,320.6393,61.7068,310.9929,187.3678,267.2148,184.0071
275.3214,60.1322,319.1423,63.1878,310.3734,188.9444,266.5525,185.8888
271.6728,62.2120,321.2068,65.1204,314.6238,177.2375,265.0898,174.3291
272.0549,64.1066,322.5717,67.3748,314.9376,185.3741,264.4208,182.1059
272.7514,67.0642,323.1884,69.3660,317.8667,185.9747,267.4297,183.6729
276.0638,60.9858,321.5148,62.5270,317.1092,192.4542,271.6582,190.9130
274.9450,58.2325,321.9378,58.9973,319.8845,185.1654,272.8917,184.4007
279.7270,56.1508,325.5683,60.7450,311.7920,198.2071,265.9507,193.6130
276.1249,59.3155,323.6786,63.3873,311.6441,203.9348,264.0904,199.8629
279.1435,61.4787,320.3641,65.2314,307.5515,205.9705,266.3308,202.2178
273.6888,58.8682,318.9527,63.6384,304.2463,203.1844,258.9823,198.4141
272.4598,58.1635,313.9569,61.4478,302.9408,200.6336,261.4436,197.3492
271.5610,53.7119,314.8716,58.4808,300.5118,188.8943,257.2012,184.1254
268.5523,54.1072,312.9441,57.2278,303.8192,187.0337,259.4273,183.9130
271.2069,56.1962,313.0248,58.9185,304.4099,191.2569,262.5920,188.5347
272.5754,57.4834,317.0385,60.4329,307.8475,198.9822,263.3845,196.0327
271.7264,62.2036,318.2088,65.4810,308.6339,201.2790,262.1515,198.0016
273.7969,58.8180,311.0106,61.1785,302.0932,201.7631,264.8795,199.4026
268.1180,58.6160,312.5807,58.8782,311.7613,197.8252,267.2986,197.5630
268.1337,59.5990,314.3013,59.7632,313.8360,190.6117,267.6684,190.4476
266.4727,58.3826,312.2915,59.4549,309.0128,199.5589,263.1940,198.4866
262.9723,64.6401,311.2993,66.8079,305.1478,203.9506,256.8207,201.7829
258.9370,66.7364,307.7199,68.2058,303.7022,201.5931,254.9193,200.1237
257.0461,61.8902,303.5892,63.3229,299.3451,201.2004,252.8020,199.7677
257.0138,56.7230,303.8638,58.7988,297.7232,197.3891,250.8732,195.3133
260.0079,51.9481,310.1014,57.7412,294.4818,192.8053,244.3883,187.0122
263.1708,52.5473,310.5082,55.8759,300.8343,193.4549,253.4969,190.1264
262.9322,53.6657,308.5410,56.8791,298.6440,197.3515,253.0351,194.1381
267.7466,53.6168,309.7757,57.6849,295.6470,203.6562,253.6179,199.5881
267.1287,51.5394,309.4306,55.0908,297.1281,201.6278,254.8262,198.0763
266.0741,53.2960,312.5016,54.8790,307.5883,198.9812,261.1608,197.3982
266.3818,51.4834,312.2180,52.8345,308.1113,192.1452,262.2752,190.7940
264.6850,50.5453,311.9237,51.6105,308.5872,199.5599,261.3486,198.4946
261.3228,52.3409,310.4402,53.7958,306.0635,201.5560,256.9461,200.1011
259.4338,55.5753,311.5529,58.6525,302.9837,203.7916,250.8646,200.7144
258.8422,55.9993,310.5904,60.1605,298.8149,206.6008,247.0667,202.4397
258.2231,48.9989,309.7253,53.1158,297.4374,206.8364,245.9351,202.7194
258.9299,47.9611,312.5280,54.4491,295.0179,199.1039,241.4197,192.6159
260.0509,50.3755,313.1526,56.0842,297.7669,199.2012,244.6652,193.4926
265.6613,52.9936,312.9967,56.0529,303.2260,207.2328,255.8906,204.1736
263.4944,54.8091,314.9622,55.2758,313.6103,204.3755,262.1425,203.9088
266.2786,56.1438,317.8432,58.4379,311.2717,206.1495,259.7071,203.8554
267.7647,53.1037,317.1799,55.5912,309.6013,206.1438,260.1861,203.6563
267.9678,52.3909,316.4753,54.0187,311.4771,202.9612,262.9696,201.3334
315.0320,200.3401,265.5237,200.4046,265.3292,51.2560,314.8375,51.1914
265.3294,48.6909,315.9036,49.3833,313.7601,205.9322,263.1860,205.2397
260.4786,55.6434,316.8718,56.6431,314.1668,209.2319,257.7736,208.2322
260.8190,55.0849,316.2112,56.9953,310.9374,209.9083,255.5453,207.9979
262.1638,54.7941,314.4535,57.5285,306.3795,211.9293,254.0900,209.1950
260.6348,51.4461,313.9557,54.7393,304.5526,206.9921,251.2317,203.6990
262.5957,50.1483,319.0125,56.0205,303.7863,202.3056,247.3695,196.4334
261.3951,52.6127,317.7301,55.7391,309.2932,207.7622,252.9582,204.6358
264.8003,51.9821,319.5338,54.1531,313.2486,212.6081,258.5151,210.4370
265.3735,58.1854,323.0658,60.3097,317.4403,213.0836,259.7481,210.9592
275.1671,55.0916,327.8236,57.8518,319.8365,210.2230,267.1799,207.4628
275.1045,52.5444,324.5903,54.1182,319.5878,211.4104,270.1021,209.8366
274.0976,52.9381,324.7039,53.2426,323.7984,203.7065,273.1921,203.4020
327.5747,207.0304,272.8943,208.3857,269.0370,52.7616,323.7175,51.4063
326.8432,207.1072,268.2218,208.3570,264.9850,56.5328,323.6064,55.2830
268.5995,59.9902,325.8707,61.1822,322.6075,217.9655,265.3364,216.7735
271.8518,57.8765,323.4016,59.6208,317.8375,224.0593,266.2878,222.3150
271.1655,51.1911,323.4746,53.2738,317.0177,215.4411,264.7086,213.3584
273.2320,51.1120,327.3449,54.9365,316.7787,204.4376,262.6657,200.6130
270.5974,51.2422,327.1626,53.1421,321.8636,210.9035,265.2985,209.0035
273.7275,53.8516,328.8027,54.7998,326.1220,210.5019,271.0468,209.5536
331.2343,218.9162,278.0442,219.0011,277.7848,56.3213,330.9749,56.2365
279.1269,58.0600,333.2535,59.2928,329.8163,210.2036,275.6896,208.9708
285.7260,52.8407,335.5916,54.2022,331.2697,212.4958,281.4041,211.1343
334.8629,212.1840,281.3534,212.2632,281.1165,52.2184,334.6260,52.1392
340.5092,204.7924,283.8253,206.4214,279.3700,51.3841,336.0539,49.7551
335.2281,203.2836,284.2383,204.6473,280.1299,51.0357,331.1197,49.6719
279.5225,53.9101,340.9832,54.0917,340.5351,205.7240,279.0744,205.5424
338.2871,219.8872,279.6151,220.2808,278.5294,58.4163,337.2014,58.0227
281.7342,53.2504,334.9980,53.5640,334.0103,221.3452,280.7465,221.0316
281.5315,50.1460,336.4762,51.2177,333.2905,214.5510,278.3458,213.4794
284.2522,47.7538,340.5297,50.6138,332.6516,205.6339,276.3740,202.7738
282.9684,50.1149,338.2475,51.4753,334.5496,201.7429,279.2705,200.3826
284.9732,51.1658,344.2036,51.7163,342.6416,219.8047,283.4112,219.2543
286.6749,51.3520,341.7803,51.5573,341.2103,204.5348,286.1049,204.3295
345.9980,217.4822,287.8138,217.6184,287.4210,49.8096,345.6052,49.6735
289.3249,50.7165,351.3754,51.4921,349.2252,223.5317,287.1746,222.7562
353.2407,212.2570,291.5123,214.0615,286.6407,47.4147,348.3692,45.6102
356.9114,209.6259,297.3867,213.1097,287.6537,46.8064,347.1784,43.3227
356.1080,202.6044,296.2886,205.1503,289.5937,47.8475,349.4131,45.3016
357.5019,201.5963,292.9045,203.8549,287.4751,48.5715,352.0725,46.3129
356.5009,202.9760,293.4984,205.6743,287.0858,55.9463,350.0883,53.2480
351.6208,221.3886,292.5260,222.1885,290.1917,49.7243,349.2866,48.9244
291.2380,48.4278,349.2459,48.5918,348.7586,221.0196,290.7507,220.8556
291.0768,49.6020,352.1964,51.1457,347.9589,218.9159,286.8392,217.3721
290.4713,46.9458,351.1428,48.0043,348.1490,219.6022,287.4775,218.5437
358.7196,204.3581,291.4992,205.8460,288.0603,50.4848,355.2807,48.9969
362.9933,202.1327,290.0617,204.5738,284.9907,53.0690,357.9223,50.6279
297.2451,49.5084,360.9176,49.5384,360.8365,222.0868,297.1640,222.0568
354.5344,223.1752,298.5314,223.3308,298.0457,48.4849,354.0487,48.3293
357.4489,217.9335,299.7043,220.6647,291.5035,47.2779,349.2482,44.5467
362.4061,210.0861,298.3995,214.0399,288.0216,46.0394,352.0282,42.0855
358.9206,203.6247,292.2451,205.5654,287.5418,43.9732,354.2173,42.0326
356.5611,206.4419,287.7738,207.7846,284.7137,51.0179,353.5011,49.6752
352.3001,214.6383,286.7380,215.7366,283.9358,48.4593,349.4979,47.3611
283.1053,47.1874,343.9242,47.9617,341.6636,225.5215,280.8446,224.7472
282.9103,43.9977,343.9621,45.3027,340.0641,227.6607,279.0123,226.3557
282.7253,40.9701,346.4792,42.9291,341.0445,219.7902,277.2906,217.8311
284.7522,42.7361,356.6183,45.3538,350.3298,217.9913,278.4638,215.3735
357.2739,209.9892,283.5868,212.3561,278.3764,50.1501,352.0635,47.7831
356.6284,214.0402,287.9821,214.8658,285.9996,50.0258,354.6459,49.2002
288.6552,44.9508,359.5948,45.0544,359.3292,226.8313,288.3896,226.7276
296.9925,43.2280,357.6394,44.4681,353.8662,228.9986,293.2192,227.7585
356.5064,223.3657,292.0356,223.5780,291.4270,38.7362,355.8978,38.5239
360.6915,213.3537,289.7323,215.1202,285.4139,41.6495,356.3731,39.8830
356.1547,223.1766,287.5987,223.4061,286.9934,42.6346,355.5494,42.4051
285.2375,47.9323,356.7858,48.0685,356.4526,223.0668,284.9043,222.9306
284.5666,40.9495,357.3265,42.9971,352.2107,224.7819,279.4508,222.7342
285.4534,35.2987,352.3452,38.4423,343.4861,226.9506,276.5944,223.8070
283.8641,34.8687,349.5160,36.8862,343.7959,223.0244,278.1440,221.0069
283.4348,34.2101,354.1955,37.5798,345.4155,221.9511,274.6548,218.5814
288.2036,37.7991,360.3677,40.2610,354.3038,218.0132,282.1397,215.5513
364.4214,216.8827,288.7312,218.1194,285.9025,44.9962,361.5927,43.7595
365.5190,215.5116,288.0254,216.0853,286.7654,45.8988,364.2590,45.3251
365.4748,227.6970,292.1340,228.3029,290.5934,41.8276,363.9343,41.2217
358.0619,229.2528,294.7511,229.2596,294.7306,37.7086,358.0414,37.7018
361.1418,229.0722,292.3920,229.0839,292.3594,36.9233,361.1091,36.9117
369.1997,221.3595,295.2719,223.2247,290.6989,41.9761,364.6267,40.1109
289.5978,47.6015,370.7780,48.4178,368.9597,229.2482,287.7795,228.4319
288.2981,48.3983,368.0651,49.5591,365.5295,223.7885,285.7625,222.6277
286.9696,44.6677,366.8605,47.2332,360.9388,231.6417,281.0478,229.0762
288.8458,35.7043,364.2410,38.1911,357.9929,227.6193,282.5977,225.1325
290.0910,33.2830,363.1805,36.4410,355.0397,224.8515,281.9502,221.6934
291.1749,32.8522,365.0102,36.9115,354.7568,223.4083,280.9215,219.3489
289.0229,38.9861,378.3575,41.1118,373.9600,225.9221,284.6255,223.7965
381.9838,227.5442,294.5062,231.8494,285.4210,47.2463,372.8985,42.9410
299.3410,43.7781,376.3606,44.3132,375.0800,228.6274,298.0605,228.0923
302.4389,35.2658,370.0266,36.8131,365.4933,234.8387,297.9055,233.2914
304.3862,34.7760,371.5940,35.2987,370.0797,229.9916,302.8720,229.4689
302.6395,34.9371,377.9836,35.0870,377.5948,230.4608,302.2508,230.3109
301.2679,35.6076,379.3431,36.4477,377.2923,227.0562,299.2170,226.2162
303.3142,36.8788,380.8466,39.3273,374.7491,232.4073,297.2166,229.9588
296.0731,42.6046,381.5148,45.3804,375.3982,233.6507,289.9565,230.8748
298.7713,40.3833,382.7574,43.6596,375.2731,235.5180,291.2870,232.2417
297.8424,33.1969,380.1657,34.7497,376.4928,229.4702,294.1695,227.9174
300.6832,29.8696,380.2328,32.0400,374.8911,227.8285,295.3415,225.6582
303.9558,30.3469,381.3726,33.5126,373.3622,229.4083,295.9454,226.2426
303.2997,32.6434,382.4964,35.2576,375.9219,234.4304,296.7252,231.8162
393.1411,236.1597,299.4651,237.7936,296.0840,43.9490,389.7600,42.3150
396.9554,236.0122,312.8270,239.1169,305.7775,48.0939,389.9058,44.9892
398.5505,235.3270,317.7553,237.7650,311.9384,44.9951,392.7336,42.5571
398.6088,232.4326,319.7355,234.1553,315.5346,41.8242,394.4079,40.1015
402.6414,232.8733,319.5982,234.6745,315.3472,38.6918,398.3904,36.8905
404.0720,233.9346,316.7211,236.1790,311.6993,40.7321,399.0503,38.4878
404.5462,236.9692,309.6110,237.9265,307.6781,46.2486,402.6133,45.2912
302.2654,50.7182,401.6336,55.2952,393.1725,238.9853,293.8043,234.4082
301.1064,47.9197,394.3759,50.0143,390.1862,236.5781,296.9167,234.4836
390.6096,230.4654,297.7751,231.3224,296.0236,41.6167,388.8582,40.7596
298.0027,35.9987,385.5527,36.0011,385.5473,231.6570,297.9973,231.6546
300.1395,35.4558,385.8235,36.4407,383.5461,234.5588,297.8621,233.5739
296.6123,37.6952,394.4398,38.2889,393.2199,239.2852,295.3924,238.6915
409.9842,232.1012,299.5642,241.5198,283.9891,58.9228,394.4091,49.5043
406.9669,232.7016,305.3403,244.2599,284.9634,65.0949,386.5900,53.5367
403.5660,232.2351,310.1661,239.7300,295.2723,54.1266,388.6722,46.6317
304.9381,39.8247,393.0631,40.2039,392.2069,239.2021,304.0820,238.8229
393.2824,234.1376,303.1046,236.4995,297.9985,41.5464,388.1763,39.1845
388.4062,234.7269,296.6316,236.6960,292.5323,45.6400,384.3069,43.6709
291.9375,45.5295,383.8028,46.5110,381.7822,235.6402,289.9169,234.6588
285.2458,50.9066,388.8846,55.2901,381.0247,241.1239,277.3858,236.7404
288.0064,48.0805,382.6570,49.9731,378.8587,239.9351,284.2081,238.0425
281.3572,40.7858,384.1813,43.2410,379.4818,240.0574,276.6576,237.6022
281.4973,39.3012,377.1838,40.6363,374.4202,238.7033,278.7337,237.3682
282.2087,38.4419,375.3091,39.5090,373.0169,239.4958,279.9166,238.4288
282.9745,42.1251,381.6571,45.8825,374.2378,240.7413,275.5551,236.9839
389.5695,236.1278,274.1336,236.5787,273.4600,64.1000,388.8959,63.6491
380.2633,239.4308,284.8038,239.4596,284.7495,59.4596,380.2090,59.4308
396.8222,233.2523,291.2117,239.6182,280.3622,59.6249,385.9727,53.2590
291.9943,41.8822,395.9348,42.1408,395.4447,239.1402,291.5042,238.8816
293.5130,38.6507,401.4590,41.6296,396.0793,236.5754,288.1333,233.5965
310.3105,41.2761,415.7452,52.2949,395.6843,244.2495,290.2496,233.2307
404.9076,234.0715,288.2033,241.5375,276.6286,60.6074,393.3329,53.1414
402.8292,233.7153,279.4438,236.5203,275.4345,60.1659,398.8199,57.3608
288.1546,50.1490,401.5073,53.8096,395.5922,236.9742,282.2394,233.3135
281.6015,40.9261,395.5608,44.9586,388.7682,236.9184,274.8089,232.8859
388.2072,234.6768,277.4058,235.0282,276.8246,51.7692,387.6260,51.4178
289.0138,63.8892,398.4771,73.7995,383.4554,239.7209,273.9921,229.8106
290.4543,66.9841,409.4708,80.0106,391.8116,241.3546,272.7950,228.3282
313.4062,73.0810,419.0900,84.1871,402.5999,241.1031,296.9162,229.9969
329.0685,84.1403,443.5000,107.1068,414.7743,250.2334,300.3429,227.2669
392.3900,229.9342,295.1947,250.7527,260.7984,90.1667,357.9937,69.3482
387.3218,232.8449,283.9457,238.3824,274.4576,61.2564,377.8336,55.7188
387.7144,231.2737,294.8842,245.1751,266.1469,53.2749,358.9771,39.3735
394.0730,227.5849,295.7576,245.2277,262.3396,59.0035,360.6551,41.3608
346.4439,235.5419,274.1705,235.5848,274.0501,32.7248,346.3235,32.6820
368.8108,232.9246,276.8953,244.3402,256.4827,79.9829,348.3982,68.5673
390.6501,232.3721,269.1470,244.2851,253.3685,83.3568,374.8716,71.4438
385.1237,232.7762,266.6443,245.4951,249.2803,83.7444,367.7597,71.0256
385.5432,234.7960,263.7899,238.2435,258.6862,57.9957,380.4395,54.5483
385.1261,234.2781,265.8798,238.4019,260.1558,72.8808,379.4020,68.7570
271.6365,69.4653,400.0393,83.4780,382.3560,245.5160,253.9532,231.5033
314.3719,57.0938,412.0555,68.2403,392.3899,240.5819,294.7063,229.4354
339.7443,82.7085,446.1995,155.2114,368.3502,269.5168,261.8950,197.0139
433.5670,212.3659,320.6028,270.4949,255.5753,144.1244,368.5395,85.9954
319.9418,76.4566,437.4662,101.5638,405.5265,251.0702,288.0021,225.9630
326.6328,79.8680,424.6982,90.7347,407.6685,244.4184,309.6031,233.5517
329.3096,70.5260,433.3318,108.7199,379.6252,254.9918,275.6029,216.7979
317.2255,71.7987,407.1984,92.0601,372.1047,247.8975,282.1318,227.6361
380.6856,229.2917,280.2983,249.7759,244.4426,74.0568,344.8299,53.5726
352.5717,234.4443,269.4739,239.7979,257.7549,57.8950,340.8527,52.5414
416.3693,181.5399,309.9534,268.4987,216.5709,154.2217,322.9867,67.2629
339.0818,233.4830,221.4109,240.4725,212.2297,85.9050,329.9005,78.9154
342.3379,231.5733,229.9406,244.3380,211.4728,81.7233,323.8701,68.9586
339.1872,229.3295,230.2603,249.7725,199.8916,87.9576,308.8184,67.5146
335.6762,222.1063,231.5155,251.1342,188.4590,96.6349,292.6196,67.6069
329.0719,224.2181,224.3363,251.3909,185.5058,101.7215,290.2415,74.5488
297.4529,230.7888,225.8542,249.3618,185.0063,91.8936,256.6050,73.3206
286.6962,235.1653,222.2754,243.8494,200.9349,85.5413,265.3558,76.8572
315.2485,232.9557,226.9068,245.9414,203.3906,85.9606,291.7323,72.9749
340.2603,230.4919,243.9066,251.5552,209.5831,94.5431,305.9369,73.4798
347.9052,230.1425,245.2790,247.4550,223.3923,117.7133,326.0186,100.4009
364.6715,229.8601,259.7421,247.2015,238.6013,119.2827,343.5306,101.9412
363.7696,230.8764,272.8719,244.3828,254.3806,119.9367,345.2783,106.4303
382.8994,229.7216,304.9174,250.4232,269.1866,115.8271,347.1686,95.1255
376.2266,230.1270,307.7868,254.4794,257.8833,114.2313,326.3231,89.8789
383.4252,226.5801,314.9945,260.1566,248.1522,123.9285,316.5829,90.3520
375.7252,229.5753,311.0150,258.5192,258.3672,140.8137,323.0774,111.8699
367.5854,230.5538,307.4638,254.1675,261.4694,137.0638,321.5909,113.4501
359.3028,231.2191,293.5531,250.4836,259.5277,134.3553,325.2774,115.0908
375.3937,217.5273,293.5803,249.8653,249.6416,138.7026,331.4551,106.3646
385.0035,179.0721,310.2220,253.8177,218.5648,162.1164,293.3464,87.3708
352.7027,226.5467,287.6417,252.4730,237.2969,126.1346,302.3579,100.2083
378.2138,218.1331,277.8431,247.7176,241.8531,125.6151,342.2238,96.0306
372.1730,221.2965,285.1996,244.2514,252.5849,120.6780,339.5583,97.7231
366.0671,225.7082,290.5443,241.8433,266.6447,129.9777,342.1675,113.8426
364.6798,227.4346,305.7847,245.1689,269.7863,125.6192,328.6814,107.8849
368.1407,230.4515,306.5551,249.6545,270.4132,133.7448,331.9989,114.5417
376.3177,232.0361,307.9114,255.0884,268.2368,137.3563,336.6431,114.3040
387.0966,233.0586,316.1776,255.0277,278.6650,133.9321,349.5840,111.9630
385.4570,232.9509,312.6578,250.0558,284.9789,132.2534,357.7781,115.1485
379.8184,231.1107,311.3419,241.2719,294.0731,124.8972,362.5495,114.7360
373.7936,234.9313,319.9083,241.7893,303.9474,116.3809,357.8327,109.5229
374.7735,232.8168,329.6436,241.0273,306.4364,113.4672,351.5663,105.2567
381.0966,234.1490,321.2349,243.8589,301.9350,124.8740,361.7967,115.1642
391.7737,235.1502,322.9164,248.3633,302.2835,140.8395,371.1408,127.6264
396.7844,232.6127,326.2437,250.5519,297.7113,138.3565,368.2519,120.4173
389.3537,233.7179,327.4593,243.0437,310.7176,131.9311,372.6119,122.6053
374.1801,234.8771,326.9203,237.4871,320.4355,120.0660,367.6953,117.4560
371.5935,236.0789,331.5363,239.1820,322.4534,121.9333,362.5106,118.8302
374.5859,236.5133,326.2911,241.1264,316.2272,135.7660,364.5220,131.1529
390.6440,230.9746,327.4169,250.2609,296.1985,147.9164,359.4255,128.6301
393.2146,223.5059,327.0515,243.9624,296.0788,143.7864,362.2419,123.3299
388.2351,221.7587,320.9115,242.5136,292.5229,150.4283,359.8464,129.6734
371.0483,222.9341,310.8551,229.6145,300.8884,139.8100,361.0815,133.1296
308.5947,129.4671,356.0854,131.0257,352.5998,237.2413,305.1090,235.6827
349.0016,237.4571,311.7724,240.8252,301.6179,128.5836,338.8471,125.2155
350.5601,236.8214,309.8330,243.8918,291.5620,138.6459,332.2891,131.5756
353.4791,233.9453,308.0960,246.6635,280.1586,146.9730,325.5418,134.2548
352.6573,222.4817,295.8082,238.3131,275.6155,165.8035,332.4647,149.9721
362.8603,220.7112,288.5587,238.1589,273.0554,172.1377,347.3570,154.6900
358.2145,211.9082,288.8583,235.2018,262.8774,157.8444,332.2337,134.5508
321.2082,239.0087,286.7823,239.0578,286.6287,131.4931,321.0547,131.4440
334.8608,234.0181,298.2010,240.8428,279.7161,141.5488,316.3758,134.7240
339.4600,227.1541,293.2443,239.2012,269.5133,148.1634,315.7289,136.1163
349.2810,223.6624,300.8392,241.9764,266.8762,152.1421,315.3180,133.8281
342.5077,219.8035,290.4985,236.4375,264.3227,154.5945,316.3319,137.9604
333.7547,220.1496,282.3954,229.4570,269.3922,157.7032,320.7514,148.3958
326.7534,219.3851,283.0530,226.3301,271.6682,154.6930,315.3686,147.7480
322.5853,233.0128,290.2480,237.1947,278.1768,143.8528,310.5142,139.6709
319.4958,236.8866,290.6978,238.5825,285.1093,143.6869,313.9073,141.9910
323.4852,236.0806,291.2890,240.3298,279.7280,152.7326,311.9243,148.4834
327.1352,226.2787,289.9536,233.0367,277.3261,163.5616,314.5078,156.8036
335.9546,227.2351,287.2799,236.2087,276.2623,176.4470,324.9370,167.4734
338.7016,219.7258,286.4548,229.4402,276.0910,173.7007,328.3378,163.9863
326.6288,219.0508,291.6666,225.5965,280.9804,168.5192,315.9426,161.9735
329.6468,234.4305,300.4990,239.5604,287.0795,163.3123,316.2273,158.1824
334.3802,233.4769,307.3051,238.2877,292.9488,157.4906,320.0240,152.6798
338.0054,230.7250,308.5069,237.2540,291.1409,158.7928,320.6394,152.2639
342.6338,232.1401,310.3460,239.9791,290.7225,159.1524,323.0103,151.3134
342.0145,227.7058,306.8081,234.0176,294.3023,164.2624,329.5087,157.9506
342.3489,226.4069,305.2271,230.4837,298.3611,167.9648,335.4830,163.8880
339.3755,225.6387,307.8326,228.9580,301.8120,171.7453,333.3548,168.4260
336.9112,235.3517,310.4597,237.9362,303.2170,163.8117,329.6685,161.2271
335.2438,235.6257,312.1552,238.0390,304.4298,164.1288,327.5185,161.7155
336.5782,237.1125,314.0369,239.9483,305.5964,172.8571,328.1377,170.0213
337.2086,230.2968,308.9145,233.8521,301.8461,177.6006,330.1402,174.0452
339.6932,230.5726,306.9358,235.0584,299.8027,182.9696,332.5601,178.4838
329.9286,228.2327,305.8303,230.8880,299.8149,176.2962,323.9133,173.6409
332.6286,236.0064,307.2959,238.0154,302.0277,171.5839,327.3603,169.5750
327.6187,233.3352,308.2401,234.6311,303.8864,169.5281,323.2650,168.2322
329.9857,230.0489,307.4028,232.7010,299.9812,169.5062,322.5641,166.8540
324.7400,233.7757,303.3700,235.0452,299.4677,169.3550,320.8377,168.0855
322.9588,231.2644,300.8013,232.0631,298.5744,170.2889,320.7320,169.4901
299.2905,169.3319,319.4907,169.3494,319.4350,233.6962,299.2348,233.6787
297.4254,169.1000,317.2880,169.3932,316.3916,230.1183,296.5290,229.8251
297.0479,168.9820,316.2935,169.6288,314.2288,231.0598,294.9832,230.4129
295.5558,170.8279,315.3467,171.1790,314.3214,228.9899,294.5305,228.6388
296.8517,169.9161,317.5481,171.1187,314.1629,229.3744,293.4665,228.1717
294.7225,171.8926,316.9651,172.1258,316.3794,227.9827,294.1368,227.7495
315.5706,225.2470,296.3081,227.0546,291.1808,172.4146,310.4434,170.6071
315.9889,220.4949,297.5491,221.7441,294.1737,171.9179,312.6135,170.6687
319.2497,218.8817,299.5073,220.4899,295.6086,172.6284,315.3510,171.0202
319.0254,219.9833,298.0968,220.8194,296.1409,171.8585,317.0695,171.0224
299.6794,170.8760,320.2188,171.2009,319.4419,220.3123,298.9024,219.9874
299.4365,170.7625,318.3083,171.1318,317.3883,218.1602,298.5164,217.7910
300.1228,169.9693,315.1723,170.0463,314.9203,219.3178,299.8708,219.2408
300.4629,173.4179,317.0613,174.5000,314.1223,219.5815,297.5239,218.4995
301.0235,173.2815,317.5715,174.6423,313.8722,219.6292,297.3241,218.2685
314.1589,214.7344,296.7084,214.9600,296.1769,173.8517,313.6274,173.6261
315.9001,213.3760,297.7407,214.7511,294.6313,173.6902,312.7907,172.3151
314.1853,212.4525,298.4564,213.3057,296.2400,172.4464,311.9689,171.5932
315.9313,211.2652,299.3669,212.9112,295.3317,172.3045,311.8961,170.6585
317.1661,209.5733,299.7040,211.6439,294.7419,169.7971,312.2039,167.7265
318.5058,204.5628,299.0311,207.3071,293.6979,169.4611,313.1725,166.7167
320.2445,200.5973,303.1693,204.8102,294.4834,169.6059,311.5586,165.3930
316.1451,204.8019,299.3759,205.9449,296.7767,167.8134,313.5459,166.6704
316.2727,203.0349,300.5150,205.1799,295.4008,167.6092,311.1585,165.4643
317.6377,199.6695,300.9753,202.6855,294.7458,168.2696,311.4081,165.2536
313.5808,199.4532,297.2675,201.0347,294.0113,167.4473,310.3246,165.8658
313.1283,197.8610,298.3412,199.4725,294.6733,165.8152,309.4604,164.2038
311.7784,198.1749,296.8770,199.1717,294.4517,162.9144,309.3531,161.9176
311.3463,197.4355,296.1565,199.7532,291.2887,167.8497,306.4785,165.5320
309.3607,198.2562,292.5320,199.7557,289.6979,167.9474,306.5265,166.4480
307.0431,198.0773,291.4977,199.2531,289.1210,167.8326,304.6664,166.6567
305.4198,198.1337,291.6158,199.4358,288.6409,167.8965,302.4449,166.5945
300.0512,199.1348,288.1437,199.4447,287.1693,162.0109,299.0768,161.7010
298.3076,199.4137,286.6826,199.5224,286.3571,164.6998,297.9821,164.5911
298.4233,198.0221,286.6273,199.1581,283.3538,165.1686,295.1497,164.0325
299.1103,198.3188,286.2848,200.3353,280.7298,165.0040,293.5553,162.9875
299.6877,197.6509,286.1322,200.4105,279.0944,165.8396,292.6499,163.0800
298.8107,196.9997,285.2117,199.9165,277.9608,166.1110,291.5599,163.1942
295.7590,197.6478,283.0108,200.0929,276.1806,164.4820,288.9288,162.0369
291.9949,197.8058,279.8604,200.0858,273.1645,164.4494,285.2990,162.1694
291.0134,197.2985,278.6400,199.7061,271.7781,164.4399,284.1515,162.0324
289.3516,196.9492,277.1673,199.6566,269.6892,166.0015,281.8735,163.2941
283.7904,194.3682,272.5857,195.6045,269.2483,165.3569,280.4531,164.1207
280.5611,197.0631,271.8210,197.9944,268.2247,164.2439,276.9648,163.3126
280.5080,196.5762,269.8607,197.8450,265.8832,164.4672,276.5305,163.1983
279.6415,197.1163,268.4608,198.9989,262.8561,165.7133,274.0367,163.8306
276.8646,198.2028,265.0798,200.0598,259.6242,165.4380,271.4090,163.5810
276.2065,198.7983,264.3710,200.4066,259.5023,164.5792,271.3378,162.9709
272.9001,196.9507,260.4178,198.5979,256.0649,165.6129,268.5473,163.9657
274.0185,196.2935,261.3626,198.7834,255.2699,167.8141,267.9258,165.3242
273.6918,196.8390,260.0522,199.8995,252.8343,167.7321,266.4739,164.6715
271.9087,195.5019,258.2987,198.6164,250.9620,166.5560,264.5720,163.4415
267.9256,197.9574,252.3627,199.8206,248.3561,166.3534,263.9190,164.4903
267.0924,197.5146,252.7142,200.2148,246.3601,166.3802,260.7383,163.6800
264.3841,197.3144,251.7389,199.9667,244.6281,166.0656,257.2732,163.4132
259.4399,196.6301,247.5112,197.8256,244.3653,166.4352,256.2940,165.2397
257.7210,195.8529,245.6442,197.3417,241.9591,167.4488,254.0359,165.9600
254.9565,197.6817,243.7035,198.7726,240.6136,166.8995,251.8665,165.8086
253.9482,196.3659,242.6819,197.8976,238.4900,167.0652,249.7563,165.5334
249.4499,198.8039,239.9754,200.0519,235.5146,166.1849,244.9891,164.9370
250.3461,197.1228,238.2174,199.2552,232.6646,167.6709,244.7933,165.5385
245.0821,197.9658,235.3004,198.9821,231.8413,165.6908,241.6230,164.6744
243.8013,198.7025,233.2901,199.6448,230.2889,166.1650,240.8001,165.2228
242.7217,197.7008,230.9856,199.0620,227.1833,166.2818,238.9194,164.9205
242.2366,197.9368,230.5222,199.8617,225.1358,167.0818,236.8503,165.1569
241.1073,198.3596,226.3753,199.5974,223.6460,167.1128,238.3779,165.8750
236.0430,198.5551,222.3789,198.7698,221.8520,165.2314,235.5161,165.0167
234.1775,198.9748,221.2910,199.5168,219.8621,165.5439,232.7486,165.0020
231.3914,198.9963,217.8483,199.7264,216.0345,166.0815,229.5776,165.3513
229.6952,198.3927,216.9079,199.4160,214.2851,166.6389,227.0723,165.6157
226.6630,198.6579,215.5304,199.5314,213.1263,168.8928,224.2588,168.0192
223.4521,199.6026,212.0927,200.3030,210.2392,170.2419,221.5986,169.5416
222.3919,198.7244,209.1815,199.0162,208.5287,169.4668,221.7391,169.1750
219.2276,196.4529,207.3723,197.4392,205.1291,170.4758,216.9844,169.4895
217.9746,197.0435,205.7019,197.7003,204.2559,170.6777,216.5286,170.0210
216.2304,195.2577,202.6955,196.2478,200.8229,170.6490,214.3578,169.6589
211.8736,196.1368,200.0208,196.8219,198.5137,170.7497,210.3665,170.0646
211.4763,195.7705,199.5869,196.7578,197.4738,171.3141,209.3633,170.3268
208.1856,196.7744,197.0481,197.4323,195.4144,169.7757,206.5519,169.1178
207.1657,196.1049,195.1338,196.5715,194.1466,171.1106,206.1785,170.6441
194.6383,169.9159,206.7342,170.4961,205.3832,198.6589,193.2873,198.0787
192.2301,168.7151,205.3839,169.9000,202.7199,199.4743,189.5662,198.2895
191.2699,168.7699,203.9438,169.8772,201.4011,198.9805,188.7272,197.8732
188.6295,170.0881,202.5573,170.7794,201.2005,198.1126,187.2727,197.4213
188.0524,169.7674,201.2985,170.7263,199.2598,198.8901,186.0137,197.9312
185.7919,169.7711,199.3707,170.6141,197.6446,198.4157,184.0658,197.5727
183.5310,170.1361,196.8187,170.6751,195.6685,199.0322,182.3807,198.4932
193.7179,197.8919,181.4296,198.3413,180.3845,169.7670,192.6727,169.3176
192.0900,197.5710,180.1270,197.7362,179.7370,169.5031,191.7000,169.3379
177.6206,168.7503,190.4794,169.2752,189.3204,197.6715,176.4616,197.1467
188.6356,196.3644,176.3681,196.5236,176.0163,169.4082,188.2838,169.2491
188.8092,196.4637,175.7815,197.5042,173.6085,170.2962,186.6362,169.2557
187.6612,196.1988,175.0267,197.4309,172.4690,171.2019,185.1035,169.9699
187.5606,196.4268,174.2860,198.2057,170.7857,172.0859,184.0603,170.3070
186.3716,196.5443,172.8822,198.2897,169.3798,171.2208,182.8692,169.4754
185.0991,197.0780,173.1906,198.1734,170.6395,170.4388,182.5479,169.3434
181.6825,198.1984,170.7237,198.4967,169.8706,167.1483,180.8294,166.8501
182.2303,197.5726,171.5638,198.1295,169.9286,166.8122,180.5951,166.2552
181.3522,198.9320,171.1524,199.3490,169.8207,166.7760,180.0205,166.3589
181.3398,198.2548,170.9691,198.6445,169.9020,170.2445,180.2727,169.8549
170.1195,170.1295,180.0346,170.2213,179.7716,198.6197,169.8564,198.5279
169.3233,170.1403,178.9655,170.3439,178.3494,199.5144,168.7072,199.3107
169.0694,168.7144,179.1028,169.4031,177.0639,199.1056,167.0306,198.4169
166.9604,168.6851,178.9048,169.3996,177.1492,198.7471,165.2048,198.0326
167.7907,169.5738,178.7038,170.7354,175.6958,198.9958,164.7827,197.8342
166.2204,170.7574,177.4764,171.6687,175.2737,198.8743,164.0178,197.9630
166.5268,168.6666,176.6750,169.5645,174.1705,197.8739,164.0223,196.9761
166.3134,169.6697,176.4622,170.5228,174.1293,198.2765,163.9805,197.4234
164.7030,170.5399,177.3523,171.9869,174.2502,199.1046,161.6009,197.6576
164.9815,170.4380,177.5357,172.1394,173.9964,198.2540,161.4422,196.5526
166.5047,169.4468,177.3929,171.0799,173.2397,198.7702,162.3514,197.1371
166.5234,168.3501,177.7711,170.0549,173.2755,199.7161,162.0279,198.0114
167.4982,167.4989,177.7556,168.9727,173.3466,199.6576,163.0892,198.1837
167.0455,167.7787,177.3292,169.1220,173.4284,198.9864,163.1447,197.6432
167.3289,168.2336,176.8583,169.0754,174.2335,198.7891,164.7041,197.9473
168.0428,168.4347,176.9159,168.9675,175.1106,199.0320,166.2375,198.4992
166.8929,167.0831,177.0573,167.6641,175.2310,199.6125,165.0665,199.0314
166.4659,167.2044,177.0475,167.5135,176.1134,199.5004,165.5317,199.1913
167.4669,166.8875,177.3322,167.1485,176.4766,199.4772,166.6113,199.2161
168.4452,167.9017,178.1698,168.1355,177.4160,199.4865,167.6914,199.2526
168.8755,166.7889,179.0998,167.3029,177.4760,199.6021,167.2517,199.0881
167.6343,167.8141,178.5908,168.2278,177.3707,200.5448,166.4142,200.1311
169.0553,166.7670,178.7600,167.3388,176.8580,199.6228,167.1534,199.0510
169.4441,166.6738,179.5226,167.5131,176.8388,199.7416,166.7602,198.9023
169.5206,165.6985,179.5122,166.5062,176.8275,199.7179,166.8359,198.9102
169.3686,166.1000,178.8153,166.8499,176.2087,199.6883,166.7620,198.9385
168.1279,166.0866,178.4501,166.7601,176.3051,199.6319,165.9829,198.9584
168.0086,166.1279,178.0585,166.7142,176.1007,200.2712,166.0508,199.6848
167.9387,166.1452,178.0586,166.6786,176.2892,200.2460,166.1693,199.7126
169.1540,166.2111,177.9924,166.7656,175.8707,200.5820,167.0324,200.0275
168.6061,165.6763,178.1461,166.5248,175.1076,200.6899,165.5676,199.8415
169.3774,167.1206,178.3314,167.8143,175.7869,200.6576,166.8328,199.9639
169.0424,165.7792,178.6987,166.3227,176.8263,199.5901,167.1700,199.0466
169.2351,168.0069,179.2648,168.7747,176.8940,199.7434,166.8643,198.9756
168.2017,167.9451,179.2199,168.7642,176.9175,199.7380,165.8993,198.9190
167.7203,169.0439,178.5172,169.5487,177.1105,199.6340,166.3136,199.1292
168.0575,166.7309,178.1129,167.3596,176.0946,199.6366,166.0392,199.0078
167.8781,169.3041,177.8084,169.8694,176.1132,199.6505,166.1829,199.0853
167.8772,168.3761,178.1254,168.9560,176.4240,199.0265,166.1758,198.4467
169.3094,168.0018,179.1876,168.7810,176.7451,199.7441,166.8669,198.9649
168.5525,168.8424,179.6153,169.9088,176.7257,199.8880,165.6629,198.8216
169.2872,168.3638,181.0652,170.0307,176.9453,199.1406,165.1674,197.4737
169.2600,169.2902,182.1575,171.1451,178.1119,199.2757,165.2143,197.4208
168.9865,169.9279,183.2916,172.8311,177.8339,199.7229,163.5288,196.8197
170.1104,169.9970,183.7058,172.7751,178.2121,199.6596,164.6167,196.8814
170.5224,170.0728,183.2730,172.9131,177.3068,199.6966,164.5563,196.8564
171.7020,172.0358,184.1105,175.2197,177.5341,200.8494,165.1257,197.6655
171.4618,172.1849,183.3024,174.1313,179.0105,200.2409,167.1699,198.2945
173.4409,170.9716,185.9330,173.8432,180.0053,199.6306,167.5132,196.7591
173.8463,172.3677,185.8901,173.9844,182.5000,199.2379,170.4563,197.6212
174.6516,171.4529,186.0569,172.7526,183.0611,199.0424,171.6557,197.7427
177.2523,171.1544,188.7019,173.6652,182.9418,199.9322,171.4922,197.4214
178.3407,171.8425,191.3339,174.9561,185.3961,199.7346,172.4029,196.6209
179.9854,170.8363,192.8702,174.2344,186.1227,199.8196,173.2379,196.4215
180.2259,171.8802,193.1497,174.8851,187.3792,199.7031,174.4555,196.6982
181.8222,170.7306,194.7042,174.2764,187.6822,199.7876,174.8002,196.2419
182.0668,172.3152,193.8072,174.1869,189.8064,199.2822,178.0660,197.4105
182.3889,172.3566,196.3002,173.9211,193.4286,199.4545,179.5173,197.8899
184.9253,172.7063,199.3821,173.7542,197.5523,198.9977,183.0956,197.9498
184.9971,172.5970,199.7401,173.8363,197.6201,199.0571,182.8771,197.8178
189.3907,171.2366,202.1483,173.5506,197.4448,199.4809,184.6872,197.1668
191.6819,170.4849,203.8054,172.9352,198.3651,199.8521,186.2416,197.4018
193.8958,171.5265,204.5474,173.1220,200.4716,200.3308,189.8200,198.7352
195.3123,170.3752,206.5665,172.3277,201.8555,199.4809,190.6013,197.5284
197.6054,170.4156,208.7330,172.5501,203.4507,200.0882,192.3231,197.9537
199.6574,169.2577,212.0412,171.2580,207.3531,200.2818,194.9693,198.2815
202.0213,170.0287,215.5550,172.6693,210.2213,200.0054,196.6876,197.3648
203.3714,169.1219,217.1988,171.3133,212.9035,198.4151,199.0761,196.2236
206.8180,168.1377,219.4136,170.5040,214.2710,197.8768,201.6755,195.5104
208.3617,168.3584,220.0930,170.4358,215.1156,198.5429,203.3844,196.4655
208.7647,168.4257,220.6138,170.0861,216.7557,197.6187,204.9066,195.9583
209.3550,169.1259,224.3306,169.4859,223.6033,199.7487,208.6276,199.3888
210.5467,169.2282,224.4836,169.7754,223.3714,198.1005,209.4345,197.5533
212.4002,168.9790,225.0462,169.3336,224.2810,196.6175,211.6350,196.2628
226.4362,196.3114,213.2129,196.6879,212.4362,169.4044,225.6594,169.0279
219.0303,167.3372,229.3392,167.3571,229.2775,199.3576,218.9685,199.3377
222.4578,166.0488,232.5794,166.3250,231.6485,200.4399,221.5270,200.1637
225.7860,165.7009,235.2657,166.7607,231.5763,199.7603,222.0967,198.7005
229.3770,164.9370,239.1490,166.3159,234.4146,199.8665,224.6426,198.4875
231.6794,165.9485,241.4639,166.9627,238.1648,198.7927,228.3802,197.7785
234.8750,164.6285,245.5210,165.6721,242.1748,199.8084,231.5288,198.7649
235.3143,165.5551,247.0706,166.5309,244.4082,198.6059,232.6519,197.6301
238.3534,165.6367,249.2079,166.4779,246.5007,201.4140,235.6461,200.5728
241.6555,166.2978,253.4557,168.2505,248.2289,199.8364,236.4286,197.8837
244.6787,166.6200,256.3947,168.6432,250.9712,200.0496,239.2553,198.0264
245.0043,166.3015,257.6765,167.9934,253.6745,197.9669,241.0023,196.2749
247.6168,166.8735,258.3885,167.1657,257.5215,199.1192,246.7498,198.8270
249.3866,168.0838,260.0887,168.3793,259.2742,197.8671,248.5721,197.5716
253.3536,167.8954,264.0119,168.1302,263.3293,199.1226,252.6711,198.8879
257.1101,167.1319,266.7827,167.7750,264.6411,199.9868,254.9685,199.3437
257.6672,165.8465,271.9891,166.1940,271.1571,200.4839,256.8353,200.1364
261.0876,165.7247,275.2350,166.3863,273.6786,199.6699,259.5312,199.0084
265.1135,165.1361,276.6122,165.8227,274.5927,199.6454,263.0940,198.9588
267.3040,164.9480,278.1636,166.3204,273.7972,200.8697,262.9376,199.4973
271.3144,164.8849,282.0128,166.3900,277.2924,199.9425,266.5940,198.4374
274.7640,164.7383,285.1003,165.8480,281.4529,199.8221,271.1165,198.7124
276.3457,164.5890,289.1160,166.4528,284.3040,199.4234,271.5338,197.5596
278.2984,164.8134,291.0037,166.5362,286.4179,200.3543,273.7126,198.6315
281.3685,164.2697,294.9849,165.9759,290.5985,200.9822,276.9821,199.2760
283.9663,164.3083,299.3566,165.9168,295.8224,199.7326,280.4322,198.1241
288.6715,164.7955,300.4231,165.2397,299.1277,199.5152,287.3762,199.0711
290.3826,166.0412,303.0355,166.3275,302.2633,200.4464,289.6105,200.1600
294.2130,165.9441,304.3860,166.0594,303.9973,200.3572,293.8242,200.2419
309.1477,199.9945,296.9180,200.0633,296.7142,163.8395,308.9440,163.7707
301.0996,160.4113,311.9604,160.9806,309.9328,199.6669,299.0720,199.0977
305.5045,161.2688,316.0278,162.1129,313.0177,199.6401,302.4944,198.7960
309.3007,159.6700,320.8444,159.8232,320.2946,201.2320,308.7509,201.0788
309.7135,167.1958,322.6297,167.6933,321.3254,201.5511,308.4092,201.0536
313.4890,166.3221,325.3775,166.6343,324.4633,201.4464,312.5748,201.1342
317.5090,164.8549,329.6996,165.9352,326.5243,201.7672,314.3337,200.6868
319.5051,165.0459,332.3496,165.4412,331.2553,201.0073,318.4107,200.6121
323.2575,164.9515,336.4234,165.0601,336.1403,199.3589,322.9745,199.2503
340.3170,196.6803,326.3349,196.8434,325.9895,167.2248,339.9715,167.0618
346.5358,198.7298,335.6398,200.5357,330.0314,166.6973,340.9274,164.8914
351.9116,197.8677,339.0728,200.6492,331.5549,165.9476,344.3937,163.1661
353.3645,199.5628,340.1266,201.4111,335.4357,167.8154,348.6736,165.9670
352.8338,199.7199,343.4212,200.5523,340.4945,167.4583,349.9071,166.6259
341.7627,167.9635,355.2036,168.6627,353.5800,199.8719,340.1390,199.1727
365.6480,199.7070,346.0531,200.6469,344.4886,168.0308,364.0835,167.0909
365.5613,199.0065,347.1249,199.3570,346.5474,168.9825,364.9839,168.6320
368.9998,196.5078,351.5243,199.8132,345.9268,170.2193,363.4024,166.9139
367.7353,198.7736,353.3256,200.1090,350.4897,169.5068,364.8993,168.1714
376.1420,188.4969,361.4386,196.6863,347.7054,172.0293,362.4088,163.8399
376.7749,189.1306,360.3439,196.2881,350.1680,172.9283,366.5990,165.7707
380.2083,182.8889,366.5357,196.3135,347.7351,177.1656,361.4078,163.7409
377.8291,194.6597,361.2533,196.7143,357.8190,169.0065,374.3948,166.9520
380.9574,192.1926,367.4417,196.3662,359.2770,169.9262,372.7927,165.7526
380.4323,196.3269,365.9209,198.5518,361.4778,169.5719,375.9893,167.3470
380.3608,199.1003,365.9103,200.4901,363.0702,170.9596,377.5207,169.5698
381.7011,196.1018,367.0397,198.3522,362.7978,170.7165,377.4592,168.4661
381.4285,198.1590,367.8233,200.0862,363.6720,170.7802,377.2772,168.8529
384.2153,198.9924,371.9000,200.4528,368.3286,170.3350,380.6440,168.8746
371.0418,168.9857,382.6523,169.0161,382.5701,200.3760,370.9596,200.3456
383.2369,198.9357,371.2067,199.5057,369.7527,168.8187,381.7829,168.2487
371.1531,166.9394,383.9114,167.0655,383.5997,198.5988,370.8414,198.4727
382.6363,198.2179,371.7865,198.8308,370.0074,167.3333,380.8572,166.7205
383.8297,197.2276,371.2617,197.9554,369.5528,168.4446,382.1208,167.7168
384.3123,196.9012,370.8100,197.1439,370.3018,168.8702,383.8040,168.6275
384.7661,198.0360,374.1303,198.7338,372.1087,167.9213,382.7445,167.2235
373.1640,167.2256,384.5670,167.3522,384.2209,198.5059,372.8179,198.3793
374.1213,166.0940,384.0864,166.7472,381.9503,199.3309,371.9853,198.6776
373.4006,165.0942,383.2657,165.9357,380.3861,199.6960,370.5210,198.8546
