1
163.8687,51.8443,216.0520,53.8104,209.3626,231.3585,157.1792,229.3923
163.2708,51.7488,217.8292,53.8755,210.7966,234.2937,156.2382,232.1670
161.6203,52.7529,217.1563,54.7174,210.8753,232.2804,155.3392,230.3159
164.5122,53.9283,223.2635,57.2436,213.5054,230.1711,154.7541,226.8559
169.2897,53.3214,222.8882,56.1970,213.4881,231.4089,159.8896,228.5334
175.4651,56.9595,225.4690,61.4700,210.3781,228.7711,160.3742,224.2606
175.3284,56.4850,224.9012,60.2343,212.0075,230.7105,162.4347,226.9611
210.0846,225.1971,168.1684,225.5565,166.6824,52.2268,208.5985,51.8674
170.3852,52.4506,212.9566,52.7030,211.9191,227.7454,169.3477,227.4931
206.2103,224.5205,165.2912,224.8600,163.8730,53.9147,204.7921,53.5752
207.7570,223.5131,167.6743,224.7643,162.2932,52.3682,202.3759,51.1171
201.3704,225.3839,162.3819,225.7519,160.7447,52.2996,199.7332,51.9316
203.2029,222.7685,163.5975,223.9844,158.3222,52.1538,197.9275,50.9378
198.2514,218.9129,158.0267,219.7169,154.6486,50.7203,194.8733,49.9162
199.3523,218.2276,157.1880,219.2852,152.8876,47.8392,195.0519,46.7815
195.9396,216.9390,157.2494,219.0139,148.0128,46.7814,186.7030,44.7065
193.6961,215.5253,153.9770,216.5698,149.4428,44.1494,189.1619,43.1049
191.9640,215.3031,155.1992,217.2526,146.1699,46.9718,182.9347,45.0224
191.8938,216.2748,155.9240,217.9784,147.9496,49.6072,183.9194,47.9036
149.9963,49.2562,188.8150,49.3724,188.3287,211.8918,149.5100,211.7756
150.7479,50.0286,190.7157,50.5224,188.7310,211.1778,148.7632,210.6840
150.7579,54.3954,190.8042,55.9976,184.5457,212.4230,144.4994,210.8208
151.1086,53.2999,191.1485,55.0737,184.2266,211.3203,144.1868,209.5465
151.7130,51.5857,193.2585,54.6806,181.6370,210.6857,140.0914,207.5907
151.8182,51.4476,194.2553,54.7229,182.3386,209.1239,139.9015,205.8486
153.5693,50.5811,192.6591,53.7233,179.9651,211.6405,140.8752,208.4983
153.6972,51.6774,194.2864,54.6762,182.7269,211.1377,142.1378,208.1389
154.6649,53.6119,200.4846,57.7347,186.2413,216.0296,140.4216,211.9068
156.3541,55.4334,200.7483,59.9471,184.8921,215.8984,140.4979,211.3847
155.0482,57.4142,196.0154,61.9406,178.5139,220.3430,137.5467,215.8166
155.0282,57.3998,196.7163,62.0449,179.0718,220.3983,137.3837,215.7532
157.6824,56.9987,197.7852,62.8146,175.1283,219.0426,135.0254,213.2267
154.4870,59.9757,195.3204,65.3249,175.0394,220.1396,134.2061,214.7904
155.5634,60.2505,196.1996,65.6632,175.8869,218.1634,135.2507,212.7507
156.2280,60.3008,196.7190,65.5701,176.9612,217.3957,136.4702,212.1264
156.2765,62.2374,196.9639,68.2070,175.3425,215.5725,134.6551,209.6028
157.2725,61.2493,197.7235,67.2168,175.9782,214.6180,135.5272,208.6505
162.3574,61.8085,198.9471,68.3036,172.9411,214.8072,136.3513,208.3121
160.9383,61.7197,197.6832,68.0359,172.3989,215.1285,135.6539,208.8123
161.1616,63.7442,197.3366,70.7237,169.4889,215.0585,133.3139,208.0789
163.1427,65.0856,197.1514,71.8534,168.5066,215.7953,134.4980,209.0274
166.5216,65.3410,199.1418,72.9820,165.4998,216.6016,132.8796,208.9605
167.0746,65.2213,199.5194,72.9621,165.0316,217.5145,132.5868,209.7737
168.8460,60.8260,201.7639,69.3931,162.2051,221.3923,129.2872,212.8252
165.6971,61.3335,200.0143,70.1435,161.6712,219.4995,127.3540,210.6895
169.6050,64.8742,201.3341,72.8979,164.3338,219.2121,132.6047,211.1883
167.3347,64.6942,199.4283,72.5597,163.2706,220.0936,131.1770,212.2280
170.2338,66.6503,202.3665,74.8534,165.5203,219.1844,133.3876,210.9813
169.5449,67.6123,201.0397,75.4578,165.0332,220.0006,133.5384,212.1551
172.8025,66.8353,203.5301,73.7765,170.5175,219.9166,139.7899,212.9754
173.4539,67.0335,204.4865,74.1717,170.4969,221.9379,139.4644,214.7998
172.7620,68.4132,208.8028,76.2600,178.6987,214.5290,142.6579,206.6821
172.7194,68.4228,208.4551,76.2693,178.3014,213.5995,142.5658,205.7530
171.4019,70.4248,203.8541,75.2211,183.1382,215.3859,150.6861,210.5896
169.0827,70.4115,200.6325,74.4198,182.7837,214.9084,151.2339,210.9000
166.8993,68.3609,206.3662,72.6619,190.4610,218.6106,150.9941,214.3096
166.5264,68.2246,208.5374,72.7108,193.0610,217.6394,151.0500,213.1532
168.2222,69.0232,213.6645,71.8119,204.7500,217.0763,159.3078,214.2876
167.4457,70.3097,215.6894,74.6425,202.9210,216.8116,154.6774,212.4788
168.1826,68.5969,217.6771,69.6063,214.6090,220.0613,165.1144,219.0520
168.4545,70.5549,217.8223,71.6776,214.4920,218.1167,165.1242,216.9940
223.5663,217.7161,168.6523,218.9503,165.3181,70.6051,220.2321,69.3708
225.5489,217.7046,168.6109,218.9913,165.2425,69.9376,222.1805,68.6509
232.9781,224.4973,172.3544,227.1062,165.5101,68.0621,226.1338,65.4532
238.4542,226.2313,171.7293,227.4411,168.8254,67.2781,235.5503,66.0684
239.8250,218.7227,180.7413,225.7062,163.0763,76.2516,222.1600,69.2681
239.4273,221.3991,181.0048,227.3240,165.5138,74.5735,223.9364,68.6487
243.1458,227.4115,182.4246,231.4707,171.6062,69.6376,232.3273,65.5785
243.1793,228.3432,183.5256,231.6169,174.6730,70.3039,234.3268,67.0302
256.7862,222.6383,195.8479,231.0269,174.0960,73.0117,235.0343,64.6231
251.9115,225.4812,194.3061,232.0183,176.3396,73.6962,233.9450,67.1591
259.9393,226.1891,204.9940,235.5936,176.8765,71.3192,231.8217,61.9146
261.1040,226.6660,202.8737,236.5006,175.1878,72.5722,233.4181,62.7377
266.4476,227.6938,209.0508,237.6819,179.3295,66.8884,236.7263,56.9002
268.8395,227.5229,211.1295,238.3682,179.7045,71.1491,237.4145,60.3038
267.8798,228.7802,217.6271,237.1726,188.6866,63.8815,238.9393,55.4891
270.7686,231.2863,217.5748,240.6781,186.8099,66.4292,240.0036,57.0374
270.8419,232.4979,224.9563,238.1448,203.2918,62.1014,249.1775,56.4546
271.0782,231.5724,224.6887,237.5893,202.0438,63.0007,248.4332,56.9838
273.6881,226.7994,228.1422,232.2368,207.2475,57.2131,252.7935,51.7758
273.5552,227.5163,227.9193,233.1674,206.1978,57.7544,251.8337,52.1033
274.3185,225.4888,224.2192,228.2370,214.7184,55.0374,264.8177,52.2892
272.1328,226.0201,221.1255,227.6055,215.8586,58.1473,266.8659,56.5620
220.5460,46.8168,272.3131,47.1198,271.2614,226.7671,219.4943,226.4640
272.1589,230.9004,223.2126,232.8905,215.6241,46.2493,264.5703,44.2593
270.8103,226.6581,221.0054,227.5398,217.7790,45.2883,267.5839,44.4066
220.2225,47.4671,272.2975,47.7147,271.4559,224.6993,219.3808,224.4516
222.4136,47.7242,279.8267,51.0333,269.7476,225.9067,212.3345,222.5977
222.8656,48.8970,278.3140,51.7436,269.3540,226.2696,213.9056,223.4229
267.6703,226.5000,218.8779,226.8523,217.5956,49.2620,266.3880,48.9097
267.0981,228.1134,219.5403,229.0451,216.0539,51.0735,263.6118,50.1419
227.7892,55.4181,280.9489,61.9833,260.1675,230.2533,207.0079,223.6881
223.2135,58.2914,277.3912,63.3880,261.6527,230.6897,207.4750,225.5931
234.8452,62.7163,293.7093,76.9350,255.5872,234.7575,196.7231,220.5388
233.1984,62.5490,289.6613,76.1543,251.6937,233.7221,195.2308,220.1168
241.2929,68.6410,299.8463,91.6194,243.3049,235.6971,184.7516,212.7186
232.3127,68.7898,293.8725,86.9447,248.2123,241.7700,186.6525,223.6152
226.9352,78.5282,293.2024,103.2788,247.0630,226.8118,180.7959,202.0612
246.6499,76.5658,308.7591,112.1313,233.8082,243.0205,171.6990,207.4550
232.5783,86.9759,298.5141,120.9390,245.6919,223.4876,179.7561,189.5244
232.4337,84.1220,299.1883,119.6870,242.7124,225.6908,175.9578,190.1259
248.5231,84.8584,306.6231,125.0819,238.3361,223.7180,180.2360,183.4945
250.6400,90.1966,307.4758,138.1742,236.0140,222.8301,179.1782,174.8525
221.3326,89.3459,289.8415,111.5022,253.4914,223.8996,184.9825,201.7433
234.1283,88.3838,306.4841,121.8587,257.6900,227.3268,185.3343,193.8519
234.9323,89.1140,306.4049,120.7393,259.1803,227.4659,187.7077,195.8405
230.3890,90.4685,300.6426,118.4953,258.0952,225.1470,187.8417,197.1203
226.6147,91.3748,295.8301,114.7407,258.6610,224.8445,189.4456,201.4786
220.0621,93.1297,288.7278,112.8598,258.4158,218.3531,189.7501,198.6230
222.4044,93.7013,288.3936,114.0892,256.2653,218.0786,190.2761,197.6907
212.5911,92.1319,287.2274,108.2828,264.0947,215.1829,189.4584,199.0320
211.4381,94.3433,282.1051,102.7967,269.0583,211.8636,198.3913,203.4102
212.9527,93.9771,283.1638,100.8371,272.6115,208.8385,202.4003,201.9785
274.7187,202.3161,203.7038,204.6427,200.0954,94.5046,271.1103,92.1780
279.1528,209.0368,216.6704,218.4212,198.9680,100.5573,261.4504,91.1729
281.3273,211.3160,230.9339,225.7898,194.2542,98.0821,244.6476,83.6083
289.6950,215.8555,249.9655,232.2725,191.3500,90.4223,231.0795,74.0053
301.0532,204.3099,261.9352,228.1216,186.7278,104.5702,225.8458,80.7586
305.3626,192.6233,248.5210,225.8805,183.0459,113.9735,239.8875,80.7164
300.2848,189.7494,240.8036,222.7740,175.2977,104.7904,234.7788,71.7657
262.6249,202.9345,218.2838,215.2688,181.2525,82.1433,225.5936,69.8090
255.5481,204.4775,218.5049,216.1128,173.5728,73.0635,210.6160,61.4281
247.3338,194.7231,212.5350,205.9112,165.3174,59.0491,200.1162,47.8609
235.9053,182.5869,206.8146,192.0473,159.7384,47.2878,188.8292,37.8274
229.4675,172.6461,177.8490,180.6008,155.6093,36.2843,207.2278,28.3297
234.7200,154.5634,182.4715,169.0421,145.5393,35.7670,197.7878,21.2883
233.1240,152.1047,186.4253,166.2162,144.7541,28.3148,191.4527,14.2033
232.3191,156.1925,188.9022,170.7886,143.3084,35.1674,186.7253,20.5713
229.6122,152.0371,180.8870,169.5135,134.5662,40.3694,183.2914,22.8929
227.3033,149.0217,177.8108,166.8109,130.3823,34.8573,179.8748,17.0681
220.6024,162.6607,187.8430,173.1360,136.4336,12.3633,169.1929,1.8880
220.6876,151.9556,175.3465,163.8586,137.5231,19.7806,182.8642,7.8776
222.6256,153.4263,172.0938,166.4867,135.0835,23.2906,185.6154,10.2302
221.2482,166.0910,184.2565,174.9350,147.7402,22.1975,184.7320,13.3536
225.9366,161.6229,177.2570,172.2801,144.2348,21.4420,192.9144,10.7848
235.6932,156.5662,189.3679,171.4530,141.9954,24.0377,188.3208,9.1508
227.4625,175.8021,188.2375,182.6966,159.5131,19.2740,198.7381,12.3795
242.6301,171.1052,204.0784,180.7982,165.4379,27.1155,203.9896,17.4224
252.7689,176.0094,210.2905,187.5438,169.4582,37.1690,211.9366,25.6345
257.8631,188.9150,217.0943,198.7068,180.2470,45.2897,221.0159,35.4979
265.4610,196.7605,219.8268,206.3933,189.8707,64.4805,235.5049,54.8477
273.3819,203.2234,228.1275,213.9162,193.8741,68.9480,239.1285,58.2552
280.5454,206.5043,232.4331,217.8708,197.1178,68.3882,245.2302,57.0217
284.3067,206.6947,236.7317,217.1808,206.6603,80.7484,254.2354,70.2623
292.4553,207.4171,240.6774,218.7570,212.6264,90.6771,264.4043,79.3372
294.7747,213.2795,243.3372,223.9025,215.9188,91.1404,267.3562,80.5174
299.0327,209.8412,249.5954,218.8216,226.1115,89.5420,275.5489,80.5616
303.1813,208.2889,257.1357,217.2292,232.0895,88.2330,278.1352,79.2927
309.3486,202.2813,268.9272,212.6515,236.6464,86.8258,277.0677,76.4556
315.0898,192.6599,276.9444,207.1852,233.3516,92.7041,271.4969,78.1789
314.5002,194.2739,269.7809,207.3326,236.3959,93.0061,281.1152,79.9474
328.7906,193.9295,275.7331,212.9920,234.5020,98.2316,287.5596,79.1691
336.7329,185.7618,282.9836,211.9497,230.6956,104.6313,284.4450,78.4434
298.8500,201.1257,249.9098,202.2531,247.1789,83.7045,296.1190,82.5771
300.4398,201.6042,249.0833,203.1659,245.3601,80.7225,296.7166,79.1608
301.3475,204.2918,247.9483,204.7408,246.9100,81.2652,300.3091,80.8161
299.5215,205.2641,251.0645,208.7810,241.9843,83.6701,290.4413,80.1532
303.7995,204.2396,255.9828,210.9022,238.5365,85.6918,286.3532,79.0292
303.8127,207.3752,255.6478,213.7902,238.6989,86.5339,286.8639,80.1189
302.9318,206.3685,258.2031,213.5571,237.9346,87.4422,282.6632,80.2536
305.6881,203.2556,260.5288,212.5443,234.6642,86.7968,279.8235,77.5081
302.5234,203.5275,266.2082,214.1442,229.3898,88.2036,265.7050,77.5870
302.8837,201.8004,258.7137,215.5967,220.0326,91.7559,264.2026,77.9596
311.5042,199.2378,261.7878,219.5342,211.1342,95.4575,260.8506,75.1611
293.4823,204.5377,250.3925,214.9707,218.5111,83.2954,261.6009,72.8624
279.7485,213.2922,235.3918,216.7333,224.5579,77.0827,268.9146,73.6416
229.5131,65.8370,278.8725,68.7544,270.2593,214.4809,220.8999,211.5635
207.2018,64.9998,272.0559,69.0071,262.9937,215.6686,198.1395,211.6612
205.7363,62.8715,275.5302,70.4710,259.2999,219.5300,189.5060,211.9305
203.9859,59.7058,262.5369,67.6938,241.7388,220.1416,183.1878,212.1536
200.1545,56.3188,252.6919,62.8345,233.2730,219.4149,180.7355,212.8993
197.6012,53.5444,247.9746,59.4659,228.8675,222.0067,178.4941,216.0852
196.6610,51.6769,245.8309,57.5148,225.9576,224.8992,176.7877,219.0613
193.7394,49.7102,239.6631,54.3031,222.6510,224.4057,176.7273,219.8128
190.9426,52.9422,237.4543,56.8673,222.9979,228.1700,176.4862,224.2449
187.4926,57.9901,234.3295,61.3515,222.2983,228.9904,175.4613,225.6289
181.2135,65.5383,233.9745,68.5958,224.6765,229.0466,171.9156,225.9891
190.6742,60.9166,255.7315,72.8128,226.0273,235.2581,160.9700,223.3620
190.0504,67.9582,257.0281,80.0533,228.3419,238.9058,161.3642,226.8107
188.6939,68.3112,254.4706,79.7278,227.3211,236.1492,161.5444,224.7326
187.1884,70.0434,251.7494,82.1933,222.7497,236.2883,158.1888,224.1384
192.6023,71.0126,259.3756,87.8356,220.5892,241.7848,153.8159,224.9617
197.1714,74.5001,267.8272,97.9974,219.6024,243.0079,148.9466,219.5106
203.0847,78.0186,275.9901,110.6211,213.9956,249.2526,141.0902,216.6501
205.1379,79.1031,272.8508,112.0455,205.4265,250.6355,137.7137,217.6931
210.5297,77.5857,268.8145,108.1495,194.3974,250.0618,136.1127,219.4979
213.2529,78.0578,271.3957,111.5220,200.2542,235.1273,142.1115,201.6631
212.0388,72.1303,270.4272,102.3910,200.1899,237.9152,141.8015,207.6545
220.8924,73.5672,272.7436,102.5038,190.6741,249.5631,138.8230,220.6265
228.2756,75.3155,277.9683,105.0117,190.5543,251.2876,140.8616,221.5914
235.4687,76.9513,281.6646,107.0489,188.9634,249.3333,142.7675,219.2357
236.1812,76.3420,281.5168,104.4836,193.1952,246.7682,147.8595,218.6265
240.8242,75.6664,282.8121,101.2943,196.7904,242.2296,154.8025,216.6018
243.3086,76.2419,281.5562,99.4642,195.8251,240.6646,157.5777,217.4423
248.5360,78.2105,281.8040,99.0028,193.7224,239.9341,160.4545,219.1418
242.6098,74.8385,281.4838,98.7300,199.5813,231.9943,160.7073,208.1028
241.4533,76.6040,282.7914,103.4391,199.5843,231.6154,158.2462,204.7803
235.5977,73.0548,282.9530,97.6692,209.9089,238.1976,162.5536,213.5831
234.5278,75.8135,281.5184,97.9317,213.9417,241.4996,166.9511,219.3813
232.3602,79.5091,281.8535,100.5761,219.2317,247.6956,169.7384,226.6287
230.1272,78.4093,286.5883,103.5434,222.6457,247.1836,166.1847,222.0496
228.7050,78.8921,289.1942,103.4328,231.6535,245.2619,171.1643,220.7212
224.6192,77.6841,291.7753,102.5065,244.0809,231.5425,176.9247,206.7202
227.3744,75.7278,299.1396,103.5333,249.5472,231.5300,177.7820,203.7245
227.4401,75.4683,300.6147,102.9451,252.3605,231.4524,179.1860,203.9756
231.3378,74.5740,306.8035,103.8923,256.9287,232.2703,181.4631,202.9520
248.2525,71.6034,321.1827,106.9649,259.6973,233.7736,186.7671,198.4121
259.9329,67.1617,340.1540,106.2666,278.3176,233.1199,198.0965,194.0151
258.5624,68.8134,338.0261,104.4801,282.1268,229.0208,202.6632,193.3541
256.1772,70.4348,334.5067,101.9539,287.8402,217.9270,209.5107,186.4079
251.7240,68.0989,329.4777,95.1441,289.7610,209.3273,212.0074,182.2821
253.0647,73.4890,323.8235,96.6084,290.1468,199.6784,219.3880,176.5589
241.0795,72.2122,317.8313,98.5576,281.9062,203.2177,205.1544,176.8723
241.0883,61.8210,318.0884,87.0156,279.2727,205.6449,202.2726,180.4503
240.2272,57.2922,318.4006,81.9826,281.2532,199.5967,203.0799,174.9064
237.5385,56.4209,320.2698,78.9799,286.0796,204.3668,203.3483,181.8078
236.5648,59.2104,318.2436,79.9224,285.7683,207.9897,204.0896,187.2776
231.7814,60.5078,313.3695,75.0227,288.3888,215.4386,206.8007,200.9236
221.5275,62.2138,296.4766,69.5842,283.0133,206.4922,208.0642,199.1218
213.3359,59.8630,287.0995,61.8640,283.4425,196.6687,209.6790,194.6676
280.2270,213.7318,228.9585,214.0595,227.9816,61.2200,279.2501,60.8923
282.4592,228.0397,237.8489,230.6465,227.2513,49.2829,271.8615,46.6762
278.7195,223.3913,236.9838,226.3262,224.4918,48.6891,266.2274,45.7541
281.6812,220.9221,246.1599,225.3894,223.4150,44.5340,258.9363,40.0668
281.9278,218.4088,246.4877,223.4434,220.9882,43.9456,256.4283,38.9110
289.5002,214.7628,251.4568,221.9203,218.2977,45.6724,256.3411,38.5150
293.4719,210.0835,250.1067,218.4655,217.5585,50.0734,260.9237,41.6914
301.6373,207.4388,253.6016,218.2596,217.1351,56.3762,265.1708,45.5555
312.2947,206.9227,264.2223,222.0062,213.4183,60.0896,261.4907,45.0061
311.2179,204.9229,259.4690,219.4802,214.6252,60.0684,266.3741,45.5110
317.2305,203.6455,264.9593,220.3817,215.1741,64.8906,267.4454,48.1544
317.4473,203.1328,265.8522,220.3233,215.7464,69.9371,267.3415,52.7466
321.5353,204.8591,274.6067,224.3553,213.0453,76.1726,259.9739,56.6764
316.2294,206.6106,276.4403,224.3341,212.2114,80.1407,252.0005,62.4172
319.1792,204.1082,277.7076,223.4963,210.4511,79.6327,251.9227,60.2447
325.8862,204.7152,285.1314,227.3313,206.6824,85.9649,247.4372,63.3488
333.5324,200.7011,291.4586,228.2388,203.8350,94.3623,245.9088,66.8245
332.2033,204.4385,292.8900,229.1364,207.2735,92.8546,246.5868,68.1567
332.0620,209.4660,294.2975,232.9865,211.7401,100.4325,249.5045,76.9120
322.3222,207.9301,286.2095,228.8389,210.1995,97.5575,246.3122,76.6488
329.8546,204.0680,291.1116,228.8954,208.6282,100.1802,247.3712,75.3528
322.5358,211.7725,282.9194,233.4255,207.4202,95.2922,247.0366,73.6392
317.7334,215.5457,267.7553,239.8872,198.0632,96.7946,248.0413,72.4532
318.0811,218.7747,261.4927,243.3251,198.9736,99.2194,255.5620,74.6690
311.7569,219.7569,255.1006,242.5789,197.0121,98.3721,253.6684,75.5502
313.1426,222.3807,253.1350,248.2434,189.9469,101.6322,249.9544,75.7695
316.2750,218.4372,248.5497,246.8173,187.9709,102.2539,255.6962,73.8738
316.4051,201.0027,237.7092,233.5680,184.7063,105.4836,263.4022,72.9182
319.0859,199.7077,236.3202,230.9670,187.5890,101.9408,270.3546,70.6814
295.3910,219.5364,239.3172,241.6318,183.7293,100.5612,239.8031,78.4657
294.0877,224.2424,246.4789,243.8145,184.2710,92.4949,231.8798,72.9228
294.0891,223.7463,243.9202,244.9269,180.0573,93.6593,230.2261,72.4787
293.9375,224.9411,244.1118,245.7408,180.1415,92.4998,229.9671,71.7001
292.0323,225.8485,242.4380,246.7297,176.4986,90.1191,226.0929,69.2379
289.6118,223.4213,244.4095,241.4997,181.7082,84.7246,226.9105,66.6462
290.1044,223.4408,245.0919,242.4010,178.2329,83.6745,223.2455,64.7143
290.8174,220.5068,241.7200,241.7790,173.8132,85.0471,222.9106,63.7748
290.7320,218.1796,239.1341,239.7932,173.1114,82.1785,224.7093,60.5648
290.4781,216.1447,241.8556,234.3551,184.1526,80.2856,232.7751,62.0752
295.0366,214.7575,239.7331,232.5307,190.5972,79.6377,245.9007,61.8645
290.1285,213.1567,234.9246,230.4591,187.3350,78.6224,242.5389,61.3200
286.7292,212.0406,241.1003,228.4663,187.0585,78.3433,232.6875,61.9176
283.8046,217.2868,240.4505,230.2607,193.3540,72.8812,236.7081,59.9073
283.3445,217.8564,239.0697,231.4060,189.2895,68.7434,233.5643,55.1939
262.5710,214.3310,229.7551,220.8042,197.8935,59.2819,230.7094,52.8087
276.5136,216.1199,233.6151,227.9522,188.6025,64.7574,231.5010,52.9251
276.2086,217.0366,231.8362,228.9616,187.8811,65.4070,232.2535,53.4820
279.9628,217.6628,224.8906,232.7885,180.0646,69.5787,235.1368,54.4530
276.3680,219.6500,224.7454,233.7013,179.2876,66.6946,230.9103,52.6434
279.7763,214.4314,222.6473,229.3124,182.1853,73.9774,239.3144,59.0963
292.3030,211.8973,226.2344,231.0605,181.3484,76.3082,247.4170,57.1450
273.4565,219.7705,222.7541,232.6314,182.0504,72.1625,232.7527,59.3016
276.6894,217.9176,227.2460,231.9414,182.2114,73.1636,231.6548,59.1398
272.7409,218.1327,224.0314,230.4384,184.6311,74.4796,233.3406,62.1740
271.4568,219.1362,224.2450,230.2717,186.7587,71.3387,233.9704,60.2032
274.8506,218.3932,224.1807,230.4624,188.1920,79.3715,238.8620,67.3023
273.8527,222.3814,222.6970,233.8585,188.5870,81.8239,239.7427,70.3468
274.1790,220.4602,221.0419,231.3192,190.8478,83.5682,243.9848,72.7092
272.1384,224.4034,219.8332,234.9597,190.1553,87.9088,242.4605,77.3525
270.7740,222.5309,218.5339,231.8374,192.7043,86.8477,244.9443,77.5412
280.0732,219.4010,218.7059,231.2722,191.6159,91.2331,252.9833,79.3618
271.3557,223.3242,220.5743,233.5835,192.2757,93.5109,243.0570,83.2517
268.9427,228.0563,220.0939,237.1388,193.2127,92.5623,242.0614,83.4798
270.0620,225.9983,222.7604,236.3802,192.0620,96.5140,239.3636,86.1321
273.8302,226.4852,216.3779,241.4527,179.1645,98.6106,236.6168,83.6431
275.1596,224.5606,221.6342,238.5311,184.2293,95.2218,237.7548,81.2513
279.8967,224.3691,217.0565,240.4896,180.1701,96.7009,243.0103,80.5803
276.5663,221.7858,216.0910,234.0198,187.4860,92.6195,247.9613,80.3855
280.2954,223.8324,222.8277,240.2902,181.8439,97.1818,239.3117,80.7240
282.3069,222.5246,223.1422,240.9201,178.1853,96.3273,237.3500,77.9318
282.3681,219.7016,223.8967,237.2316,181.3003,95.1507,239.7717,77.6207
281.7961,212.7152,222.0306,230.1223,182.5569,94.5941,242.3223,77.1869
282.6762,212.4997,221.9888,230.1016,182.6554,94.4887,243.3428,76.8868
283.1096,212.8065,222.2333,229.4217,184.4134,90.8534,245.2898,74.2383
281.9937,213.5407,223.4943,228.9675,186.1908,87.5101,244.6902,72.0833
281.8310,213.1092,223.1259,228.3768,186.4471,87.3442,245.1521,72.0765
281.0869,213.1595,223.7786,226.5532,190.6732,84.9035,247.9815,71.5098
281.7659,216.9411,223.3602,229.6988,191.3535,83.1699,249.7593,70.4122
279.1244,217.2584,222.1955,227.2617,195.8397,77.2704,252.7686,67.2671
277.7636,216.8978,224.3177,225.8286,199.4095,76.7665,252.8554,67.8358
275.4906,219.8220,223.6519,226.3973,204.3147,73.9471,256.1534,67.3717
272.4945,221.0256,221.7110,226.6212,204.2693,68.3264,255.0528,62.7309
273.6358,222.9760,222.3908,229.1673,202.9516,68.2703,254.1966,62.0790
271.0197,223.0779,225.9034,227.3955,210.2728,64.0624,255.3891,59.7449
272.3085,221.8535,225.1232,225.6925,212.0274,64.7310,259.2127,60.8920
269.2969,225.1360,225.1356,228.3363,213.1932,63.5465,257.3545,60.3461
269.0503,224.4024,226.8731,228.0648,212.6969,64.8081,254.8741,61.1457
269.0554,222.6684,227.9260,226.1698,214.1777,64.6753,255.3071,61.1739
268.8062,224.5387,226.6181,227.2029,216.2211,62.5625,258.4092,59.8984
267.8982,224.7862,228.2711,226.6360,220.4525,59.1416,260.0796,57.2918
265.5840,223.2412,229.5529,224.2072,225.1390,59.5704,261.1702,58.6044
267.7908,226.1429,230.1924,226.9863,226.4648,60.8134,264.0632,59.9700
268.6340,227.0301,231.4707,228.1173,226.5258,59.0825,263.6890,57.9954
269.0748,226.2569,231.3128,227.0371,227.8447,59.1969,265.6068,58.4166
267.8375,226.1064,231.6647,227.1486,226.7264,55.7394,262.8993,54.6973
265.8232,228.0326,230.5248,228.2140,229.6506,58.1059,264.9490,57.9245
272.8293,227.2063,230.5573,228.8411,223.9320,57.5319,266.2040,55.8971
269.9703,227.1241,228.6928,227.4735,227.2421,56.0991,268.5196,55.7497
230.7168,54.6428,273.4902,55.5031,270.0023,228.9280,227.2289,228.0677
228.3842,55.3875,276.8359,56.9085,271.4242,229.3036,222.9724,227.7826
227.0294,56.1775,279.7463,58.1796,273.1636,231.5146,220.4466,229.5126
227.1394,54.6922,281.5298,57.8803,271.3225,232.0214,216.9320,228.8333
219.8915,59.5093,279.1456,60.7560,275.5495,231.6730,216.2954,230.4263
218.8900,59.0185,275.5945,61.2063,268.9372,233.7545,212.2327,231.5667
220.7161,59.5469,280.5549,63.1722,270.2546,233.1893,210.4158,229.5641
218.0141,62.0576,280.1340,66.5179,268.1597,233.2868,206.0399,228.8265
215.9270,70.0393,264.6536,71.9389,258.3546,233.5162,209.6280,231.6166
228.5028,66.0785,286.0836,74.0186,263.6497,236.7075,206.0689,228.7674
225.9527,67.3677,284.8817,74.8615,264.4250,235.7270,205.4961,228.2332
229.3135,66.9487,285.0528,75.6129,259.9753,236.9435,204.2359,228.2792
236.0538,67.5635,293.2124,79.2989,260.6545,237.8761,203.4958,226.1407
237.7938,68.4853,293.3710,81.1659,257.3603,238.9949,201.7832,226.3143
238.6631,66.8031,290.6183,78.6069,254.1279,239.2225,202.1727,227.4187
245.8580,67.2062,303.4169,84.2512,256.0004,244.3714,198.4414,227.3264
246.2933,67.1758,299.8326,83.4018,250.4645,246.2979,196.9251,230.0720
247.2988,66.1480,300.5015,81.4763,255.4562,237.8224,202.2535,222.4940
252.1944,66.2053,304.4734,82.9535,254.0064,240.4845,201.7274,223.7363
256.0884,63.5341,306.2883,80.5169,250.1878,246.3461,199.9879,229.3634
255.3200,62.3485,305.1010,79.0187,248.0723,249.3185,198.2914,232.6483
255.0726,56.6189,308.4065,73.9761,250.2930,252.5421,196.9592,235.1849
259.4825,45.8556,314.7928,62.9859,255.8553,253.2833,200.5450,236.1529
252.0129,37.7699,316.7390,53.6327,269.1789,247.6962,204.4527,231.8334
259.0647,42.2368,321.5027,58.2672,272.1337,250.5585,209.6956,234.5282
264.3894,42.2523,325.5485,58.7430,273.9507,250.1033,212.7915,233.6125
267.0586,40.9828,327.9813,57.3525,275.8357,251.4221,214.9129,235.0525
269.3024,38.0600,332.5388,53.9017,283.5378,249.5024,220.3015,233.6608
268.8013,36.5266,337.5225,54.7823,287.0641,244.7258,218.3429,226.4700
272.8508,37.8381,340.1933,55.5904,289.8297,246.6422,222.4872,228.8899
273.7190,39.4554,341.9507,57.8865,290.8910,246.9082,222.6594,228.4771
278.2975,42.4316,338.3590,57.2339,290.8360,250.0621,230.7745,235.2598
273.5912,42.2369,336.8557,57.3270,292.0244,245.2802,228.7599,230.1901
271.5497,39.2682,335.3910,53.4205,293.4133,242.7833,229.5720,228.6310
275.4452,38.5788,334.5683,49.9030,298.3340,239.0812,239.2109,227.7570
285.1151,38.9092,335.6793,48.6087,298.1866,244.0612,247.6223,234.3617
286.6465,35.8381,338.0932,44.7273,303.8459,242.9352,252.3992,234.0461
283.3752,36.3105,337.1325,44.8072,305.4879,245.0174,251.7305,236.5207
299.6639,35.0198,343.8199,45.3801,294.3797,256.0958,250.2236,245.7354
305.6113,31.8803,356.7745,47.2931,295.7048,250.0151,244.5416,234.6023
305.3781,27.2018,367.2693,45.1615,308.3674,248.1443,246.4762,230.1846
294.0493,26.4369,362.4043,40.2954,321.3680,242.7003,253.0129,228.8417
285.6753,25.3086,350.5172,34.4465,321.8760,237.6811,257.0342,228.5432
288.4026,25.6406,342.8751,36.1210,304.1419,237.4385,249.6695,226.9581
282.8139,26.0760,343.0166,36.3660,308.4506,238.5984,248.2479,228.3084
281.4726,24.7670,337.8647,35.4306,299.3126,239.3062,242.9205,228.6427
282.5677,22.3478,339.0316,33.7728,296.1604,245.6500,239.6964,234.2250
277.9606,23.2409,331.9026,32.7435,293.5582,250.4086,239.6161,240.9061
273.1174,18.8376,328.4616,28.2895,290.3325,251.5506,234.9882,242.0988
267.8791,24.6248,326.7206,36.5776,282.8551,252.5196,224.0136,240.5668
260.9481,30.5034,313.1524,40.3068,273.6250,250.7967,221.4207,240.9934
254.4956,30.9477,307.4611,40.2872,270.2700,251.2026,217.3045,241.8630
244.8939,31.4675,298.3763,39.4264,266.9936,250.3129,213.5112,242.3540
240.0276,34.2719,296.8442,44.3119,261.4187,244.7864,204.6021,234.7464
235.2417,34.0681,296.0202,45.5378,258.2992,245.4243,197.5207,233.9547
237.4605,36.2965,298.8734,51.8205,249.2135,248.2750,187.8006,232.7509
232.1380,37.0310,295.4315,54.2308,243.2980,246.0762,180.0045,228.8763
223.4617,38.8326,291.6135,57.1631,240.7260,246.3607,172.5742,228.0302
215.2540,38.3032,287.0291,57.9990,236.7177,241.3421,164.9427,221.6463
211.7083,35.2453,284.5246,56.8817,231.1771,236.4208,158.3608,214.7844
203.4845,38.7084,277.2225,60.5635,227.1285,229.5787,153.3905,207.7237
204.7402,34.9469,276.6717,57.3596,225.2802,222.2956,153.3487,199.8829
205.0500,39.7359,271.8994,60.8448,219.8855,225.5670,153.0361,204.4581
184.1140,45.6474,239.1833,47.9749,231.5409,228.7978,176.4716,226.4703
185.2304,47.3178,237.8868,54.4085,214.4342,228.5699,161.7777,221.4791
174.1478,47.9655,230.8321,53.0869,215.2358,225.7083,158.5515,220.5869
170.1003,49.6412,229.3071,53.6680,217.6674,224.8074,158.4607,220.7806
174.5953,43.8082,238.7671,56.3672,205.2279,227.7402,141.0561,215.1813
174.4565,42.5395,242.5673,59.2084,208.4995,198.4122,140.3887,181.7432
164.5688,46.6199,230.1172,56.0630,205.9056,224.1264,140.3573,214.6834
172.5617,46.5978,227.8503,52.6924,209.1788,222.0763,153.8902,215.9817
169.6168,43.6998,228.1775,51.0283,206.7750,222.0513,148.2143,214.7228
165.3884,48.4569,254.2205,60.5006,238.9893,172.8433,150.1572,160.7996
163.3847,53.7393,244.1339,61.5050,233.1225,176.0038,152.3733,168.2381
180.9239,51.5451,257.3887,68.9351,221.1019,228.4902,144.6371,211.1002
161.8623,53.8836,256.6625,76.5847,231.0558,183.5187,136.2556,160.8176
166.3089,44.7663,254.3385,69.2322,209.4453,230.7609,121.4157,206.2951
180.6004,42.3188,226.5964,45.2057,215.1124,228.1776,169.1165,225.2908
180.5208,45.3748,222.6414,47.3586,214.1058,228.5841,171.9852,226.6002
182.9015,51.0204,221.9388,52.5483,215.0904,227.5290,176.0532,226.0011
181.7276,52.8582,228.0685,57.7726,210.2903,225.4178,163.9493,220.5035
175.6460,50.5122,221.8826,52.9454,212.5188,230.8757,166.2822,228.4425
173.8814,53.9172,228.7753,61.0822,207.1216,226.9791,152.2277,219.8141
178.4957,52.5457,230.5635,60.7564,203.9408,229.5827,151.8730,221.3720
182.9314,55.3454,226.6662,60.0351,208.5463,229.0157,164.8115,224.3260
175.2428,52.0380,222.5518,53.0487,218.8756,225.1158,171.5666,224.1050
177.0129,54.6946,226.8473,60.1477,208.1321,231.1824,158.2976,225.7293
176.1753,48.5615,229.9941,57.0195,203.3737,226.4061,149.5549,217.9481
164.9508,58.1179,223.0648,61.3359,214.2193,221.0753,156.1054,217.8573
169.7909,57.5152,224.6905,62.2550,210.6370,225.0346,155.7374,220.2948
176.0001,46.1743,236.6356,57.6453,206.2472,218.2783,145.6117,206.8073
162.4946,48.3730,226.4748,54.7633,209.5811,223.9027,145.6008,217.5123
164.7631,46.7300,228.8261,53.5246,210.5743,225.6100,146.5114,218.8154
164.2848,50.9377,229.7227,59.0688,208.6135,228.9528,143.1756,220.8216
164.2164,47.0839,226.3301,53.5972,208.1894,226.5945,146.0757,220.0812
164.8318,51.7289,233.5572,58.6478,216.5239,227.8397,147.7986,220.9209
169.6563,55.8840,237.3526,64.0103,217.4950,229.4337,149.7987,221.3074
172.0127,32.3887,237.0967,39.2370,216.6867,233.2050,151.6028,226.3566
167.1815,31.5882,239.9442,39.4739,219.0479,232.2879,146.2853,224.4022
164.4776,36.0776,225.2486,39.8650,213.2149,232.9500,152.4439,229.1625
164.8321,49.3193,219.0432,51.7143,210.9368,235.2031,156.7257,232.8081
154.3443,72.6718,236.7175,75.9932,230.2754,235.7646,147.9022,232.4433
151.0576,83.8821,221.3977,84.4576,220.1642,235.2184,149.8241,234.6429
226.2322,237.2879,158.9497,237.8731,157.6199,84.9989,224.9024,84.4137
225.6957,240.3734,157.8102,242.6099,152.8409,91.7717,220.7263,89.5352
227.4149,236.9224,162.4728,243.5226,147.3141,94.3700,212.2562,87.7698
230.9965,235.0883,159.8132,243.7356,141.9936,97.0468,213.1769,88.3995
232.0754,226.9156,157.9844,238.0781,138.8460,111.0465,212.9370,99.8840
230.4749,222.4948,155.4951,234.1313,136.8271,113.8441,211.8069,102.2076
227.6048,222.2543,150.4946,234.5529,130.8047,111.1011,207.9149,98.8025
224.5524,221.4468,148.7521,230.7442,134.0300,110.7169,209.8302,101.4195
222.3495,227.2392,144.5013,233.7845,133.6639,104.8886,211.5122,98.3433
147.5105,103.1644,212.5094,104.5386,209.9893,223.7379,144.9903,222.3637
150.9252,100.3149,220.6614,103.4660,214.6241,237.0731,144.8880,233.9219
163.5138,100.9586,228.1712,107.4915,214.6338,241.4751,149.9764,234.9422
167.3762,96.2141,229.3811,102.5533,215.3148,240.1360,153.3100,233.7968
169.7477,97.1290,226.8027,101.4772,215.9386,244.0309,158.8836,239.6827
181.7443,99.7555,229.2283,105.3246,212.6758,246.4573,165.1918,240.8882
188.4763,87.6018,232.0860,93.5844,211.0414,246.9876,167.4317,241.0050
197.5288,80.8282,233.3069,85.7647,211.3850,244.6463,175.6070,239.7098
206.3186,77.0206,236.3740,81.5817,212.0616,241.7885,182.0063,237.2274
202.2038,80.9521,239.3700,84.4391,224.6784,241.0301,187.5122,237.5432
196.9330,85.7687,242.0246,88.8396,231.9202,237.2043,186.8286,234.1333
205.4036,87.2623,254.8021,91.6149,241.7657,239.5702,192.3672,235.2177
200.2949,90.4755,257.0934,96.1068,242.7856,240.4196,185.9870,234.7883
251.8267,233.8409,188.6167,235.2566,185.5310,97.4876,248.7410,96.0718
254.8103,231.3648,188.9320,233.5614,184.4192,98.2188,250.2974,96.0222
258.0454,227.8471,189.3805,232.6394,180.0879,99.4946,248.7529,94.7023
257.5152,226.7156,191.6262,231.9022,180.7642,93.9156,246.6531,88.7289
195.0540,93.2108,267.2023,94.6836,264.4361,230.1870,192.2878,228.7142
202.5161,91.3531,268.2036,95.0797,260.6260,228.6452,194.9386,224.9186
210.7613,93.1207,273.9300,99.7434,259.7922,234.5924,196.6235,227.9697
208.4875,89.0205,262.7773,91.0815,257.4219,232.1586,203.1320,230.0977
212.1248,82.7615,258.7917,83.2777,257.1658,230.2687,210.4989,229.7525
220.2409,91.0219,261.0091,92.5163,255.9554,230.3813,215.1872,228.8868
222.8846,84.7679,265.3568,85.2470,263.7787,225.1618,221.3065,224.6828
271.3710,224.9718,227.9031,227.5865,219.7104,91.3855,263.1783,88.7708
275.5941,223.5048,230.8175,227.8055,218.1092,95.4929,262.8858,91.1922
285.7831,222.3963,240.7256,228.3700,223.1273,95.6318,268.1848,89.6582
291.3349,222.4856,245.3584,229.8284,224.2201,97.4729,270.1966,90.1301
299.9151,219.3685,250.2620,228.9458,224.3692,94.7046,274.0223,85.1274
303.9836,218.6683,256.9529,230.6999,221.4671,91.9878,268.4978,79.9563
304.4049,219.8552,261.8293,232.6022,217.8132,85.5855,260.3889,72.8386
304.2247,216.7137,261.0385,228.6631,221.1306,84.4330,264.3168,72.4835
302.1730,218.1586,263.4283,228.8248,222.6427,80.6723,261.3874,70.0061
297.7565,218.5688,260.9550,227.2598,225.8582,78.6441,262.6598,69.9532
294.7811,216.6902,256.5373,224.9736,224.5771,77.4158,262.8209,69.1325
289.5579,215.3674,250.2610,222.8430,222.0788,74.6990,261.3756,67.2233
284.0220,213.2700,245.1237,219.9804,219.9298,73.9374,258.8282,67.2271
278.3260,213.3272,236.8958,218.8641,217.6866,75.1317,259.1168,69.5947
271.4666,212.6561,229.4903,217.3527,214.3998,82.4788,256.3762,77.7823
262.9417,211.7537,218.7187,214.5609,210.3580,82.8514,254.5811,80.0442
258.1740,213.2025,213.3474,214.8655,208.5018,84.2486,253.3284,82.5856
251.8863,214.1302,208.8867,214.9397,206.5013,88.2310,249.5009,87.4215
206.5573,87.5645,252.8129,88.5532,250.1112,214.9444,203.8557,213.9556
205.8133,90.9044,252.9448,93.4546,246.3263,215.7757,199.1947,213.2255
201.0709,96.6993,250.3919,98.2782,246.6738,214.4271,197.3528,212.8482
201.8714,97.8442,252.0854,100.2741,246.5638,214.3755,196.3498,211.9455
195.1207,101.9342,258.4329,104.8455,253.3471,215.4465,190.0349,212.5352
248.5381,210.4350,197.3797,213.7169,190.2945,103.2769,241.4530,99.9949
250.3499,208.7096,199.9326,215.9311,184.3082,106.8474,234.7255,99.6260
253.1560,206.6130,203.9824,220.0703,174.7279,113.1734,223.9015,99.7160
256.4023,207.1377,210.0256,221.8919,176.1741,115.4869,222.5507,100.7327
258.6159,206.3562,209.2219,220.0562,179.5399,113.0404,228.9340,99.3405
259.3791,204.4731,212.4638,220.2414,177.4726,116.1328,224.3879,100.3644
252.9889,198.2816,212.1130,212.7004,178.8778,118.4816,219.7537,104.0628
253.3343,196.6389,212.9932,212.6012,175.6438,118.2091,215.9849,102.2468
235.0811,205.3665,203.7609,209.9439,187.8899,101.3503,219.2101,96.7729
242.0375,205.7585,209.0157,213.3488,183.7986,103.6406,216.8204,96.0503
242.7235,205.1579,213.3904,213.2849,183.0861,103.9066,212.4192,95.7796
250.4923,202.3038,218.4113,215.0653,177.3261,111.7811,209.4071,99.0197
250.6061,203.6080,218.6648,216.4602,176.5361,111.7583,208.4775,98.9062
244.1488,205.5179,216.7239,215.6441,178.3726,111.7772,205.7975,101.6509
247.4640,207.1515,218.1684,218.1604,179.2787,114.6719,208.5743,103.6630
246.7681,206.6770,213.5598,218.1696,177.4921,113.9506,210.7005,102.4580
245.2378,208.6621,210.4513,219.8004,176.0472,112.3513,210.8338,101.2130
245.5297,208.3927,211.1022,219.5114,176.6454,112.8200,211.0729,101.7013
245.5814,208.8965,211.1789,220.5456,175.3005,114.5884,209.7031,102.9393
246.7453,211.2766,214.8360,221.8555,177.6918,109.8175,209.6010,99.2385
261.2357,198.0360,224.3589,219.9332,168.9997,126.7036,205.8764,104.8064
262.9109,192.7184,227.8444,216.8447,167.6084,129.2946,202.6749,105.1683
259.6612,204.8071,227.1075,220.5827,178.0261,119.3008,210.5799,103.5252
252.5822,211.6142,225.3922,222.2524,184.6596,118.1447,211.8496,107.5065
255.7567,213.5028,228.7736,225.0824,184.2001,121.2162,211.1832,109.6366
261.1947,212.8673,228.9489,227.3145,184.2325,127.5089,216.4782,113.0617
267.7178,207.9532,230.0000,226.8226,180.9339,128.7448,218.6516,109.8755
274.0177,206.8253,232.5054,228.0080,181.3350,127.7281,222.8473,106.5454
275.7789,208.2278,236.2830,229.1752,182.3992,127.5782,221.8951,106.6308
274.5130,212.4307,238.4974,231.0668,184.1095,125.9580,220.1251,107.3220
277.5821,209.4844,239.0245,231.2471,181.7151,129.7103,220.2726,107.9476
275.9377,210.4418,241.0568,228.9401,185.0823,123.3930,219.9632,104.8947
276.5203,208.4468,240.9589,228.6879,183.2704,127.3358,218.8318,107.0946
275.9025,205.6044,239.7576,227.4064,179.5235,127.5461,215.6684,105.7441
272.7915,205.0870,239.9836,223.8493,181.1162,120.9132,213.9241,102.1509
264.1592,204.9165,233.4447,219.4306,180.6879,107.7882,211.4025,93.2740
254.1509,207.9478,226.5070,217.9539,184.1467,100.9244,211.7907,90.9183
250.4977,212.3645,221.6308,221.1749,184.7272,100.2611,213.5940,91.4508
249.5090,213.0932,220.1023,221.5807,184.2300,97.2941,213.6367,88.8065
245.8768,208.8469,213.6618,215.9476,187.0828,95.3621,219.2978,88.2614
244.2604,209.8922,209.9806,216.3868,184.5271,82.0394,218.8068,75.5448
240.6643,214.4068,207.8047,219.8766,184.2813,78.5605,217.1409,73.0907
236.7373,211.5389,202.8485,214.9726,188.6627,74.9679,222.5515,71.5342
233.0296,212.4699,198.2970,214.0334,191.6462,66.2814,226.3787,64.7179
229.9997,211.7374,198.3147,212.2662,195.7568,58.9999,227.4417,58.4710
199.3302,60.9648,231.9464,61.0368,231.6152,211.0811,198.9990,211.0091
200.5794,62.6950,234.8005,63.2039,232.6550,207.4762,198.4339,206.9672
239.0018,205.8656,201.0626,207.4310,195.2146,65.6930,233.1538,64.1276
241.2785,208.1783,202.9434,209.4559,198.2410,68.3554,236.5761,67.0778
204.3282,68.5874,247.6795,69.4342,244.9471,209.3168,201.5957,208.4700
209.2108,70.1364,259.7644,73.8495,249.8999,208.1534,199.3463,204.4404
210.3450,68.3168,262.5236,71.7887,253.6417,205.2738,201.4631,201.8019
216.4139,65.9002,271.9188,70.9978,259.7714,203.2622,204.2665,198.1646
219.3472,70.8866,278.2158,76.2747,266.8463,200.4965,207.9776,195.1085
223.2231,76.6012,289.5138,84.5749,275.5178,200.9331,209.2271,192.9595
230.6263,67.9949,300.9312,81.3293,278.2609,200.8575,207.9560,187.5231
234.8357,69.9495,305.6591,83.1222,284.8915,194.7804,214.0681,181.6078
232.5253,78.9082,307.7628,89.0211,294.0482,191.0546,218.8108,180.9418
231.3865,81.4721,307.9755,87.2734,300.5081,185.8568,223.9191,180.0555
230.9687,83.3628,309.6265,84.7231,307.8552,187.1466,229.1974,185.7863
312.3141,186.7192,234.6047,191.2657,228.4188,85.5351,306.1283,80.9887
314.4663,184.9877,243.0997,194.5125,227.7941,79.8331,299.1608,70.3083
317.9270,182.9763,249.7265,196.3490,226.1788,76.2565,294.3793,62.8837
324.4557,183.1166,255.7619,198.6642,227.2791,72.8188,295.9728,57.2712
324.5842,186.8170,259.6884,200.0223,233.2245,69.9685,298.1203,56.7632
326.1018,185.4677,268.1163,200.5999,233.8580,69.3237,291.8434,54.1916
329.8292,185.5799,276.2066,201.1902,237.8596,69.4655,291.4822,53.8551
335.4560,193.5330,287.6872,210.3105,238.2106,69.4405,285.9794,52.6630
336.4530,192.1899,293.9832,207.7292,244.5510,72.6278,287.0208,57.0885
335.2167,189.0272,299.3841,202.2744,250.8165,70.9034,286.6491,57.6561
336.6736,192.1883,306.3219,203.9289,254.2966,69.4334,284.6483,57.6928
336.5705,189.6247,309.2790,200.5366,256.0909,67.5097,283.3823,56.5978
340.1926,189.7373,311.8528,201.3520,256.4787,66.2389,284.8184,54.6243
343.2769,189.3584,314.1991,201.3769,257.2993,63.7124,286.3771,51.6939
342.8570,198.9667,312.1360,209.6261,262.3427,66.1191,293.0638,55.4597
343.2233,199.0574,309.3788,209.8137,261.5894,59.4452,295.4339,48.6889
341.2575,193.6613,301.7133,204.1760,261.0816,51.3654,300.6257,40.8508
341.2039,195.8003,304.3502,206.0767,259.3707,44.7695,296.2245,34.4930
340.2803,197.0972,302.7586,206.9213,262.1080,51.6627,299.6297,41.8386
338.7675,200.9225,297.8914,210.3003,261.1679,50.2296,302.0440,40.8517
334.3300,195.6726,291.2634,203.4286,263.0663,46.8573,306.1330,39.1013
332.6643,204.1424,287.6077,210.9210,261.9837,40.5996,307.0403,33.8210
332.1859,207.6088,286.3853,214.7956,257.9344,33.4817,303.7350,26.2949
330.5458,212.2191,283.2809,219.0353,256.4124,32.7243,303.6774,25.9081
328.9041,215.7116,280.2307,222.2714,254.7041,32.8641,303.3775,26.3044
327.2907,213.1969,276.1358,219.3482,253.9995,35.2595,305.1544,29.1082
329.6128,215.7640,275.2174,223.3529,249.0607,35.8699,303.4561,28.2809
328.5081,216.5510,271.6250,224.2865,245.9077,35.1758,302.7908,27.4402
330.3055,220.4366,265.2909,228.0293,244.8753,53.2144,309.8899,45.6218
332.1025,221.4680,258.8508,229.4400,239.7905,54.3018,313.0422,46.3298
335.9151,221.4787,250.8095,229.6213,234.1889,55.9036,319.2945,47.7611
333.2179,213.8888,239.8275,222.2527,227.7048,86.8936,321.0953,78.5297
336.1947,212.2951,227.9850,218.8646,220.6618,98.2403,328.8715,91.6708
337.1250,211.9077,217.2656,218.9092,211.1067,113.4735,330.9661,106.4720
336.9716,214.0322,207.3595,220.1209,206.4295,200.3247,336.0416,194.2360
2
0
0
0
0
1
259.5884,236.4320,175.6496,248.8110,141.3715,16.3808,225.3104,4.0018
248.3997,241.3622,161.0625,248.4539,141.3190,5.3058,228.6561,-1.7860
228.5550,248.5510,144.1733,254.1480,127.7636,6.7517,212.1453,1.1547
222.0809,258.3516,136.2615,264.5939,117.5636,7.5330,203.3830,1.2907
202.8481,259.2143,117.4352,259.4766,116.6527,4.6778,202.0656,4.4155
118.6072,-2.7335,202.1686,2.9125,184.3106,267.2131,100.7491,261.5671
116.1381,-4.5838,198.7330,5.3387,167.6257,264.2749,85.0309,254.3524
117.4958,-7.4994,202.9822,9.5220,152.2820,264.1530,66.7956,247.1316
117.9664,-9.0353,206.1846,13.4218,142.6825,262.8770,54.4643,240.4200
117.4941,-9.9306,206.6314,15.6424,136.0173,261.7754,46.8799,236.2024
112.0005,-5.3715,201.1633,20.1126,131.2980,264.5546,42.1352,239.0705
116.3056,3.5802,210.9376,36.0569,131.1908,268.4266,36.5588,235.9499
112.4322,17.1037,208.1369,52.0105,126.8168,274.9678,31.1121,240.0610
98.5321,27.9609,195.0897,56.5729,129.7444,277.0950,33.1868,248.4830
95.3274,32.9458,191.7037,62.1625,126.4278,277.4857,30.0515,248.2689
105.1631,40.0579,200.4014,76.7100,122.4621,279.2303,27.2238,242.5782
105.6261,46.7051,198.3660,82.1124,122.7498,280.1685,30.0099,244.7611
107.4769,53.1891,195.9979,87.3959,121.3848,280.4811,32.8638,246.2743
113.3729,58.5534,195.2949,93.2808,119.2036,272.7801,37.2816,238.0527
118.2631,63.5617,193.7552,98.2876,113.8862,271.9183,38.3941,237.1925
124.4842,71.2293,189.2354,103.9088,104.0160,272.7626,39.2648,240.0831
127.3750,72.8254,183.9869,101.6632,96.3846,273.6366,39.7728,244.7988
129.4924,71.7445,184.8938,99.7728,96.8651,273.7726,41.4637,245.7444
141.2735,71.5384,183.7217,95.4532,86.5531,267.9247,44.1049,244.0099
143.0980,71.4277,186.4971,97.2359,85.9223,266.3625,42.5232,240.5542
143.6749,76.9920,186.5052,102.8386,89.2638,263.9773,46.4334,238.1307
146.2045,76.1437,188.3892,102.3184,89.5474,261.6172,47.3627,235.4425
145.6115,80.5786,185.9721,105.0888,92.8834,258.3771,52.5228,233.8670
147.3298,77.7028,187.7997,102.3250,93.2720,257.6939,52.8021,233.0717
151.2913,84.3475,187.7716,107.7523,95.6919,251.2738,59.2116,227.8690
152.6230,80.9752,188.9787,104.1605,97.0588,248.2960,60.7030,225.1107
155.0630,74.8967,191.7223,96.3798,105.5494,243.4273,68.8900,221.9442
154.4249,73.0662,192.2322,95.4648,106.1747,240.7235,68.3674,218.3249
164.8454,73.5584,195.5791,91.7853,114.1473,229.0927,83.4137,210.8658
158.0917,66.5030,195.1331,87.0833,118.3515,225.2786,81.3101,204.6983
152.8276,65.5677,194.6619,86.5291,128.3745,218.8243,86.5402,197.8630
155.4473,66.9718,195.4915,87.5505,128.2337,218.4277,88.1896,197.8491
148.2454,72.2317,197.0916,93.5676,140.3226,223.5343,91.4764,202.1984
145.8652,74.6573,195.6866,95.7285,140.8111,225.4777,90.9898,204.4065
140.6073,75.3653,197.0309,94.8204,160.4266,200.9796,104.0031,181.5245
140.8793,75.6075,196.4593,94.8197,159.7731,200.9506,104.1931,181.7384
139.9176,71.5412,197.0484,89.2530,165.3275,191.5708,108.1967,173.8589
137.2924,74.8105,196.0413,93.7390,163.4259,194.9684,104.6769,176.0399
141.4186,72.7165,201.8123,94.0063,166.1980,195.0348,105.8043,173.7450
143.3263,69.9405,203.5675,91.5147,167.2063,193.0459,106.9650,171.4718
156.7588,72.1568,205.6461,95.6462,144.9279,222.0161,96.0406,198.5267
157.8719,73.5149,206.6432,97.4687,146.4715,219.9817,97.7001,196.0279
166.0698,75.6645,207.9383,102.1130,140.4216,208.9937,98.5530,182.5453
166.2405,74.0377,208.3284,100.2651,140.4325,209.2195,98.3447,182.9921
170.9678,73.5961,206.8779,99.2834,131.8437,204.1789,95.9337,178.4917
170.1764,71.7489,207.1848,98.3885,131.5342,203.4841,94.5258,176.8445
173.4770,80.9183,205.0411,102.9441,133.3879,205.6270,101.8238,183.6012
173.7802,81.5375,206.4569,105.6887,132.2539,206.0854,99.5773,181.9342
176.1327,76.0246,207.0345,92.9922,142.6373,210.2735,111.7355,193.3058
177.8506,74.3654,208.8282,91.4867,143.4408,209.7918,112.4633,192.6704
180.6150,87.4224,214.3306,120.6385,135.0659,201.0950,101.3503,167.8788
177.6136,80.0776,207.0685,95.4729,150.2556,204.1698,120.8007,188.7745
179.3165,76.3231,209.8031,89.7171,162.2307,197.9988,131.7440,184.6048
180.1173,75.3116,210.9225,90.0711,158.6517,199.1684,127.8464,184.4090
181.2527,70.2996,214.4574,82.2604,171.6147,201.1976,138.4101,189.2369
179.5546,70.7919,213.5884,83.4732,169.2966,202.3422,135.2628,189.6609
175.9390,71.2530,221.0506,86.9384,183.1271,196.0073,138.0155,180.3219
177.1519,72.2864,222.5977,90.6373,179.4202,197.5659,133.9743,179.2149
152.3341,71.6882,220.0727,83.1828,201.5313,192.4481,133.7926,180.9534
152.1406,73.3280,218.2574,83.4697,201.5594,192.3292,135.4426,182.1875
145.6497,94.5858,219.1138,98.8460,213.5758,194.3443,140.1116,190.0840
158.1170,83.2109,226.0339,92.7384,211.5087,196.2823,143.5918,186.7549
169.6253,83.4475,234.7015,95.5936,215.2694,199.7070,150.1932,187.5609
171.6568,85.6290,238.0316,100.5555,215.4459,200.9896,149.0711,186.0631
182.7189,89.0396,244.1265,108.4092,215.3345,199.6885,153.9270,180.3190
182.5130,86.8435,243.9460,105.7665,214.6086,201.0095,153.1755,182.0865
180.4516,90.2543,248.6667,114.1370,220.0277,195.9373,151.8126,172.0546
180.2643,90.1339,249.0707,114.1463,220.2653,196.6868,151.4589,172.6744
194.2955,86.5243,254.2941,106.8098,228.1853,184.0319,168.1867,163.7464
198.2445,87.5266,252.4540,109.3366,223.0661,182.3812,168.8566,160.5712
178.9658,88.7306,249.9985,110.3320,228.1225,182.2674,157.0899,160.6660
178.8680,89.8959,230.5977,105.7464,207.1937,182.1273,155.4641,166.2767
195.4688,90.0603,230.7595,97.9472,215.1586,167.7546,179.8679,159.8677
196.9453,83.3970,232.1362,92.1848,213.1050,168.3948,177.9141,159.6069
189.9264,82.7490,226.5137,83.6391,224.3573,172.2781,187.7699,171.3880
187.8625,81.8433,228.5833,82.4054,227.2186,181.2703,186.4977,180.7081
229.9228,197.3708,192.9248,200.2992,183.0804,75.9244,220.0783,72.9959
