1
918.5062,237.1301,919.5020,322.6999,757.3257,324.5872,756.3300,239.0174
924.0331,248.1809,919.6319,332.3550,754.8806,323.7408,759.2818,239.5667
948.5590,251.9275,942.6256,334.2542,753.6981,320.6379,759.6315,238.3112
951.9455,251.9532,945.9700,334.8584,757.7474,321.2919,763.7229,238.3868
955.4219,256.2596,947.4415,338.5549,756.7065,320.0588,764.6870,237.7635
959.7444,254.7735,951.0812,340.4222,762.1682,321.3141,770.8314,235.6653
964.7130,254.6098,956.2679,341.2791,761.4272,322.2939,769.8723,235.6246
966.1554,256.1957,956.3679,341.6568,762.6547,319.4718,772.4421,234.0107
966.3006,255.1661,956.3450,341.4980,763.4448,319.2532,773.4004,232.9213
968.2133,256.4841,955.7287,345.3053,765.2429,318.5308,777.7275,229.7095
968.1004,254.4853,956.0259,343.8911,769.5807,318.7112,781.6552,229.3054
968.3460,253.3446,955.6074,344.2285,771.3577,318.4036,784.0963,227.5196
966.5157,249.6804,955.2095,344.0563,774.4313,322.3990,785.7375,228.0232
962.4904,250.2754,949.3300,344.8061,775.9421,320.6673,789.1025,226.1367
962.9628,250.8451,948.8000,344.7434,777.3199,318.8788,791.4827,224.9805
962.9771,249.0600,949.0847,343.2774,777.8286,318.0255,791.7209,223.8082
952.7028,241.6026,943.2643,338.9789,780.6598,323.2179,790.0983,225.8416
961.8087,242.2526,951.2957,339.0194,781.5692,320.5798,792.0823,223.8130
959.2446,228.3848,958.7445,332.3013,785.9077,331.4695,786.4078,227.5530
964.0580,237.5837,954.0126,338.4036,784.5935,321.5231,794.6389,220.7032
962.3599,227.4229,959.5226,329.0501,788.6252,324.2790,791.4625,222.6517
952.0430,208.5928,965.0457,317.2060,801.8752,336.7399,788.8726,228.1266
959.4392,220.3148,960.5680,323.5253,796.2913,325.3219,795.1625,222.1114
955.8998,207.7747,967.5002,315.0201,807.5938,332.3167,795.9933,225.0712
956.7106,212.1113,961.2076,319.1297,805.9839,325.6524,801.4869,218.6340
955.7260,207.2938,967.6111,311.0407,815.2842,328.4910,803.3992,224.7441
955.5793,200.8316,974.2354,298.0892,819.2831,327.8123,800.6271,230.5547
954.9213,197.6769,980.9880,294.7738,825.6373,336.4793,799.5706,239.3825
954.8632,196.7033,983.0591,296.3501,834.6136,338.3541,806.4177,238.7072
955.9747,197.1952,979.3740,303.5345,832.9569,335.7526,809.5577,229.4132
957.9227,199.1030,974.7342,308.6863,838.0369,329.6574,821.2255,220.0741
948.9474,190.0113,993.7007,291.8589,859.8617,350.6697,815.1083,248.8221
963.6567,216.5496,958.1774,327.7228,831.0289,321.4561,836.5082,210.2829
971.8304,223.3226,956.8316,332.8991,828.6865,315.3586,843.6853,205.7821
958.8735,213.7157,963.1845,317.3489,837.6661,322.5704,833.3550,218.9371
959.5585,213.6270,960.4403,321.7851,838.3620,322.7804,837.4802,214.6223
960.8416,214.7894,959.1305,323.8715,836.6360,321.9501,838.3470,212.8680
958.5973,208.4445,968.9855,311.5862,847.1256,323.8597,836.7374,220.7180
958.5914,210.5647,963.3679,314.0617,846.2126,319.4685,841.4362,215.9716
956.3490,203.2809,977.2592,298.8122,857.6812,324.9858,836.7710,229.4544
956.7313,203.5980,975.6396,296.9293,861.0085,320.1528,842.1002,226.8215
956.5643,204.6385,974.0308,297.6410,862.4607,318.5946,844.9942,225.5921
956.6263,204.0571,975.8176,299.2464,865.2750,321.5331,846.0837,226.3438
954.9335,202.2016,982.1699,294.9682,869.3862,328.0815,842.1498,235.3150
947.5708,197.7724,985.4639,284.0973,881.4559,329.7525,843.5628,243.4276
922.4421,187.6709,991.9246,259.6404,911.1035,337.6685,841.6210,265.6990
940.2224,193.7572,991.6044,274.6456,899.9925,332.8395,848.6104,251.9511
909.0342,188.1045,991.3292,242.5914,930.9816,333.7380,848.6866,279.2511
899.6454,191.7622,986.5388,229.3062,942.3619,331.5508,855.4686,294.0068
886.3599,197.0870,977.3740,215.1038,954.6118,330.0900,863.5978,312.0732
891.3301,194.1997,981.8239,216.6611,953.0629,332.5348,862.5692,310.0734
893.9768,194.5066,976.2410,209.1414,954.4914,331.3979,872.2272,316.7630
892.8721,195.6406,972.1383,205.3854,957.7460,322.4549,878.4799,312.7101
888.4183,191.9918,976.1319,206.2108,957.7921,319.3450,870.0785,305.1260
892.4606,190.0678,981.9411,209.9775,957.5208,319.7301,868.0403,299.8205
962.6641,308.4665,891.6360,310.5070,888.2932,194.1455,959.3212,192.1050
966.8606,314.2501,895.8360,318.5827,888.3199,195.3719,959.3445,191.0392
969.4105,315.2916,900.4438,321.0580,889.9158,195.1421,958.8825,189.3757
970.8772,310.8946,903.2227,317.3584,891.5801,195.4975,959.2346,189.0338
969.8995,312.4313,904.7247,318.5415,893.2716,196.3765,958.4465,190.2663
968.9330,318.0621,903.8357,322.9091,894.2850,194.6393,959.3823,189.7923
969.1997,317.5235,904.3744,322.7248,894.0335,193.8438,958.8588,188.6425
967.5987,321.0249,902.7714,325.5349,893.7256,195.5105,958.5529,191.0005
969.2963,321.5995,904.2867,326.8256,893.9996,198.8580,959.0091,193.6320
969.3804,324.7021,904.7587,329.7448,894.3023,195.7471,958.9240,190.7045
967.5706,325.2389,905.7952,329.3174,896.9432,195.2412,958.7186,191.1627
965.5939,326.0554,905.2593,329.2065,898.1835,193.7285,958.5181,190.5773
964.8691,326.0504,904.9203,328.5557,899.2701,193.3520,959.2190,190.8467
967.5510,321.0748,907.5266,325.2718,898.5804,197.3252,958.6049,193.1282
965.6617,320.5245,906.4346,323.8452,899.3142,196.8490,958.5413,193.5282
965.1109,322.0367,905.8711,324.8846,899.7507,197.5749,958.9905,194.7270
965.4503,320.2418,908.2824,323.3253,901.5613,198.7164,958.7292,195.6329
965.4823,318.7535,907.3248,321.9922,900.4631,198.7746,958.6206,195.5360
964.7731,323.0680,907.4028,325.5281,902.0764,201.3147,959.4466,198.8546
965.4084,323.2032,908.2424,326.2050,901.7554,202.6658,958.9215,199.6640
964.8583,324.5834,906.6460,327.0973,901.0867,198.3635,959.2990,195.8497
965.3898,324.5876,907.0992,327.6594,900.6183,204.6787,958.9089,201.6069
964.7583,321.6886,905.5679,324.2679,900.2581,202.4153,959.4484,199.8360
965.2809,319.8154,906.2543,322.9613,899.9001,203.7365,958.9268,200.5906
963.3216,322.8652,904.2230,324.9966,899.8287,203.1593,958.9274,201.0278
899.6843,197.7081,965.1103,201.1172,958.8358,321.5319,893.4098,318.1227
899.2183,198.0127,966.5161,202.0284,959.4288,320.8013,892.1310,316.7856
898.0450,197.6933,963.3492,200.1927,958.5353,325.9710,893.2311,323.4716
897.1056,198.2251,962.4208,199.7310,959.4974,326.5311,894.1822,325.0252
895.8939,198.9572,962.8021,200.9499,959.0596,326.6173,892.1513,324.6247
896.1814,196.5622,965.6403,200.6178,958.1501,328.8982,888.6912,324.8426
901.0914,193.1032,975.6824,204.5581,956.5601,329.0776,881.9691,317.6227
963.3732,320.4886,900.9507,322.7671,896.4060,198.2599,958.8286,195.9814
962.7670,317.6797,899.9229,319.4677,896.4942,198.9583,959.3384,197.1703
963.0956,316.0422,899.9828,318.2262,895.8979,200.1805,959.0108,197.9966
962.5720,317.1089,898.0916,318.7573,895.0531,199.9003,959.5335,198.2519
964.4771,316.0013,899.5468,318.6114,894.7151,198.4117,959.6454,195.8017
965.5920,316.5133,899.4135,320.4449,892.5035,204.1306,958.6820,200.1991
962.4220,319.6571,896.9648,321.1581,894.2279,201.8053,959.6851,200.3043
963.0367,318.8058,898.0978,320.9627,894.1849,203.1587,959.1239,201.0018
963.2822,322.9540,897.0931,325.3324,892.6722,202.3032,958.8613,199.9248
962.7542,316.7048,894.9125,318.7158,891.5443,205.0866,959.3860,203.0756
896.6186,199.8470,966.7244,204.5436,959.2476,316.1497,889.1418,311.4531
896.4960,199.6776,965.0837,203.3541,958.9017,318.6846,890.3140,315.0082
896.9460,198.0228,966.5441,202.2941,959.4446,317.9756,889.8465,313.7043
899.7826,193.3581,969.0388,200.4086,957.3560,315.1659,888.0999,308.1153
900.9343,197.5042,971.6956,206.4783,958.5491,310.1400,887.7878,301.1659
901.0067,198.1703,971.0711,207.1665,957.3473,314.0503,887.2829,305.0540
932.9146,194.3775,996.1133,249.3215,914.7000,342.9663,851.5012,288.0223
926.7307,193.5017,995.7899,246.1451,920.7177,344.6270,851.6585,291.9836
927.9709,193.1313,996.6944,247.5273,918.3951,346.4500,849.6716,292.0541
934.4391,193.8150,996.2297,248.8940,912.9689,342.3003,851.1784,287.2213
922.2762,192.2771,995.1587,243.2035,924.9425,343.6922,852.0601,292.7658
931.9388,194.0358,996.5350,249.0842,915.5342,344.1343,850.9380,289.0860
927.1723,192.9836,995.8745,246.8058,918.4551,345.6289,849.7530,291.8066
922.1360,191.4852,994.6409,242.2706,923.3536,344.0454,850.8488,293.2599
925.7194,192.4795,994.9567,243.8199,920.9768,343.5887,851.7394,292.2483
917.9254,192.3806,994.1637,242.3064,928.1059,343.1787,851.8676,293.2529
930.0494,195.3858,996.7337,253.2492,916.2635,345.9864,849.5793,288.1230
931.9712,192.9124,998.4841,255.4797,910.6442,348.8588,844.1313,286.2915
947.9655,200.1250,996.0107,280.4191,893.8375,341.5561,845.7922,261.2620
974.5142,221.8763,957.9279,321.9190,845.1813,303.2264,861.7676,203.1837
979.8438,225.2531,957.2220,326.0124,843.4816,300.4763,866.1033,199.7169
969.4691,320.0101,893.1520,327.3600,882.4318,216.0470,958.7488,208.6971
990.3998,238.0993,953.3434,331.2654,842.2801,287.0904,879.3365,193.9243
973.8204,223.7844,958.7389,315.7981,839.5822,296.2677,854.6637,204.2541
974.3781,308.6053,894.0934,322.3323,877.2221,223.6580,957.5067,209.9309
979.3100,227.2638,958.5989,315.9047,849.9164,290.5109,870.6274,201.8700
986.8839,302.6263,887.3933,335.5314,854.4929,236.0551,953.9835,203.1500
989.8392,292.8069,903.0075,335.2826,858.7196,244.7463,945.5513,202.2706
995.7516,251.1928,950.7614,324.4856,843.5870,258.6976,888.5772,185.4047
993.9365,280.3614,922.5270,331.1786,856.4708,238.3550,927.8803,187.5378
1001.2493,264.5438,940.2744,333.9728,832.9916,239.7534,893.9665,170.3244
1000.1959,252.9380,951.5721,324.5432,830.1055,242.0608,878.7294,170.4556
1001.8899,264.7318,939.6313,334.1158,830.8307,236.4885,893.0892,167.1045
1000.1755,250.6750,954.6359,322.5497,830.3041,243.7733,875.8438,171.8986
1001.7343,260.4500,947.2216,331.1552,829.6837,240.5351,884.1964,169.8299
999.1898,252.2005,952.6307,324.6556,827.8558,244.4762,874.4150,172.0210
996.3828,244.2446,953.0280,320.9837,826.2221,249.3430,869.5768,172.6039
989.1383,233.8557,955.1889,312.2492,826.9736,256.7238,860.9230,178.3303
988.6276,231.9573,955.2340,313.1732,825.5397,259.8465,858.9334,178.6307
988.9510,232.1926,954.4512,312.0461,827.1489,257.0467,861.6486,177.1931
991.4001,235.4879,954.8759,313.8050,828.0700,254.6674,864.5942,176.3504
990.4880,234.5629,954.2921,313.1725,828.0211,255.0307,864.2170,176.4211
988.7792,232.1391,955.0739,310.6335,828.6172,256.3334,862.3224,177.8390
988.9901,232.9655,954.2920,311.1598,828.3514,255.2748,863.0495,177.0804
990.6750,236.2818,952.9388,314.0383,828.3567,253.5770,866.0929,175.8205
989.4918,233.9455,953.6243,312.5986,828.8076,255.6794,864.6751,177.0264
990.6163,236.2871,953.0153,313.9904,828.7169,253.8418,866.3179,176.1384
990.7392,234.3461,954.0896,313.3045,828.7050,255.1056,865.3546,176.1472
989.1335,231.2643,954.7083,311.5331,828.0806,257.2258,862.5058,176.9570
992.0405,235.7649,952.6765,314.4355,831.0123,253.5591,870.3763,174.8885
997.6522,247.3626,950.2745,319.3938,833.2730,242.4373,880.6508,170.4061
1001.1663,255.3638,947.3381,324.7523,830.9454,234.4607,884.7736,165.0721
1001.1159,251.8051,949.9297,323.1725,828.9440,236.3990,880.1302,165.0316
1003.3420,259.3388,949.5024,327.0954,828.0570,230.5944,881.8966,162.8378
1003.7339,258.4698,950.2072,326.3453,824.8553,227.4925,878.3821,159.6170
1003.9374,258.2520,951.9002,326.0492,824.0516,227.9200,876.0887,160.1229
1003.6262,256.9764,952.0417,325.4780,823.5854,228.7451,875.1700,160.2435
1000.9112,252.0983,950.8635,322.5869,822.7401,231.6178,872.7877,161.1292
1000.8090,251.2409,950.9998,322.0001,820.5883,230.2002,870.3975,159.4410
1004.3305,255.6538,951.5428,325.2270,821.8288,226.8082,874.6166,157.2350
1004.4641,258.0205,953.0662,325.9722,821.2307,226.2533,872.6286,158.3016
1004.4954,256.9857,951.8525,326.5708,820.1651,226.9460,872.8080,157.3609
1005.0393,259.3184,950.9798,328.5246,820.2903,226.4382,874.3499,157.2320
1005.0410,258.4766,951.6202,328.6839,819.3056,228.0056,872.7264,157.7983
1002.2389,253.9437,951.3326,323.8307,820.2543,228.3524,871.1606,158.4654
999.1741,250.9818,949.4696,321.7956,819.4018,230.5004,869.1063,159.6866
997.6936,248.2663,949.2896,319.9086,819.9424,232.5172,868.3464,160.8749
992.7056,240.9039,945.2402,318.2603,817.6543,239.9744,865.1196,162.6180
986.8243,230.4847,946.0149,310.8806,817.9503,245.8743,858.7598,165.4783
990.3603,229.9900,950.5887,312.5873,817.6777,248.5891,857.4492,165.9918
991.0657,231.8526,950.5328,314.9202,819.6998,251.0803,860.2327,168.0126
991.3383,233.5821,952.2127,318.1424,822.6593,258.1987,861.7849,173.6384
983.8318,223.7846,956.1509,313.0104,826.0815,272.6584,853.7624,183.4326
972.7670,216.1031,957.6797,310.9887,827.0692,290.2210,842.1564,195.3354
966.6572,212.2950,958.9302,309.3377,829.1434,299.0035,836.8704,201.9608
966.7964,214.2738,958.7191,310.1866,828.2549,299.1994,836.3323,203.2867
966.1204,214.2089,959.5023,307.0711,828.9436,297.7665,835.5616,204.9043
964.5431,213.5553,959.2427,305.3276,828.3161,297.7659,833.6165,205.9935
964.2027,212.8279,959.6284,305.3549,827.5969,298.8276,832.1712,206.3006
964.8050,213.5546,958.8580,307.2419,828.9544,298.9960,834.9014,205.3087
968.1992,215.2503,959.2617,309.8304,828.1005,297.4361,837.0380,202.8560
968.1189,214.7714,959.4077,309.6080,828.4392,297.5779,837.1505,202.7412
968.2976,215.3848,959.1856,311.4581,827.6188,298.9797,836.7308,202.9064
971.7461,218.1527,959.1096,314.2750,825.8271,296.7532,838.4637,200.6310
962.2539,213.3824,959.6556,305.4319,819.9649,301.4888,822.5633,209.4392
959.4265,213.3855,960.5723,305.7844,814.5509,307.5950,813.4052,215.1962
958.8672,212.5014,961.1363,306.1412,808.0242,309.8513,805.7551,216.2116
958.8646,212.1444,963.0656,305.3785,804.2444,312.5348,800.0434,219.3007
958.9960,212.8673,961.0067,309.9407,802.3812,313.2263,800.3705,216.1530
962.3531,216.2656,959.5863,315.7199,801.0500,311.3095,803.8168,211.8553
964.5564,217.8463,959.1450,317.2285,799.4854,308.5349,804.8968,209.1527
964.6379,218.5204,959.0615,318.6032,798.3865,309.6508,803.9629,209.5679
966.3389,220.7092,959.2469,319.8677,798.1937,308.3491,805.2855,209.1906
966.2112,221.2546,959.4362,320.6156,794.8969,309.3964,801.6719,210.0355
962.0595,220.4944,959.8579,316.7863,782.3604,312.7281,784.5620,216.4362
960.6697,219.6306,959.3049,317.2067,775.5486,314.6364,776.9135,217.0603
959.2571,218.8075,960.7495,314.3965,767.9014,317.4074,766.4089,221.8184
959.2234,219.3208,960.7817,313.6993,764.7953,316.9354,763.2370,222.5569
959.5334,220.2989,960.4642,314.6963,760.5418,316.6676,759.6110,222.2703
959.9679,221.1482,960.0331,316.3273,758.3101,316.4656,758.2448,221.2865
960.3148,221.8225,959.6703,316.9201,757.1323,315.5473,757.7768,220.4498
960.4685,221.6770,959.5132,316.9622,755.8707,314.9207,756.8260,219.6354
959.9554,221.6100,960.0461,315.8173,758.2237,316.0116,758.1330,221.8044
960.3647,222.1735,959.6285,319.3324,757.9612,317.8043,758.6974,220.6455
960.5619,222.7551,959.4172,320.0183,754.0966,317.6018,755.2413,220.3387
960.7507,222.2659,959.2110,319.4982,754.0426,316.2494,755.5823,219.0171
962.1475,222.6252,959.7703,320.8029,769.6133,316.1984,771.9907,218.0207
962.4117,223.0507,959.4709,321.3271,772.4761,315.7315,775.4169,217.4551
964.4405,224.6933,959.3147,324.3319,771.8301,314.6870,776.9559,215.0484
962.4788,223.4723,959.4166,318.5144,769.6398,312.4000,772.7020,217.3579
959.6913,219.5185,960.3083,313.8839,767.6975,315.1434,767.0805,220.7779
962.9139,223.5162,958.8657,321.2848,764.4387,313.2343,768.4870,215.4658
962.3683,223.6236,959.4544,318.7670,762.8021,312.7441,765.7160,217.6008
962.1819,223.2813,959.6925,317.7513,760.6007,312.5052,763.0900,218.0352
960.6635,222.2773,959.2825,316.6895,757.8998,313.7439,759.2808,219.3317
960.2961,221.5839,959.6847,313.8887,755.7912,312.5380,756.4027,220.2332
962.3406,222.6611,959.4779,318.0284,757.9849,311.9801,760.8475,216.6127
962.1981,222.3686,959.6644,317.1287,757.5700,311.7250,760.1038,216.9649
962.5501,224.1318,959.2468,318.7931,752.3590,311.5736,755.6623,216.9123
963.9583,226.6698,959.8384,320.1282,743.6309,310.5974,747.7507,217.1391
962.8010,228.0955,959.0278,319.9732,742.5747,311.0838,746.3480,219.2061
962.4715,229.1067,959.3928,320.2200,740.1637,312.8123,743.2424,221.6990
964.5166,232.6569,959.1226,323.1733,738.1890,310.0074,743.5830,219.4910
964.6416,234.3717,958.8837,325.2599,735.7132,311.1219,741.4710,220.2337
969.4197,247.0748,958.7008,330.7372,735.5300,302.1441,746.2489,218.4817
968.1562,246.7971,958.3297,330.0283,733.7783,303.5171,743.6049,220.2859
967.7914,245.3236,958.8975,329.9458,735.5899,306.4758,744.4838,221.8536
964.9505,242.6334,958.3937,329.9734,731.0335,312.9050,737.5903,225.5650
964.6617,240.8559,958.8376,327.8442,729.3514,312.4796,735.1755,225.4913
969.3530,245.0038,958.8913,330.7580,727.6428,302.5464,738.1046,216.7923
968.2755,246.8008,958.1893,330.9066,727.7056,303.2661,737.7919,219.1603
964.4839,235.7039,959.1058,323.4807,727.5400,309.2925,732.9182,221.5158
964.2375,239.1863,959.3707,323.3675,727.7574,309.9769,732.6243,225.7958
967.4323,247.3032,959.2715,324.9788,724.5633,300.3197,732.7241,222.6440
966.4719,248.7988,958.2446,324.9315,718.6396,299.0384,726.8669,222.9056
968.0639,257.7561,957.2542,329.2713,713.0284,292.3561,723.8380,220.8409
969.1199,257.4859,957.7983,330.5797,710.7443,292.3134,722.0659,219.2196
967.7816,252.7746,958.4443,327.9853,708.3641,296.9382,717.7015,221.7275
967.9040,253.1219,957.8531,327.6198,705.1426,293.5253,715.1935,219.0274
967.1709,244.7584,957.0065,327.9134,707.6746,297.4366,717.8389,214.2817
965.5844,242.8319,957.2347,327.5720,712.9999,303.5071,721.3495,218.7670
968.1746,257.1750,957.0519,330.6058,706.0511,292.5862,717.1738,219.1554
964.7024,259.2290,954.5845,327.5026,705.3069,290.5603,715.4249,222.2868
960.4404,253.6123,959.5477,334.4703,756.5601,332.2294,757.4528,251.3714
958.4045,250.1593,963.3810,331.6311,787.2416,342.3902,782.2651,260.9183
958.3539,249.8578,966.9523,331.6801,796.9199,349.5480,788.3215,267.7258
959.0743,252.9732,964.6291,329.5045,789.2883,342.2310,783.7335,265.6997
2
0
0
0
0
1
644.8431,297.1257,599.2680,357.3091,420.8460,222.1956,466.4211,162.0122
638.0781,267.8051,594.2608,341.0290,419.2623,236.3097,463.0796,163.0858
629.6779,276.6787,578.5560,352.7870,411.4854,240.5659,462.6072,164.4576
625.3863,255.3831,576.6188,344.3959,410.8055,253.5518,459.5730,164.5390
625.7161,247.9228,582.4025,339.4232,409.7418,257.6907,453.0555,166.1903
625.7370,239.1975,582.8450,337.9094,409.3411,262.5190,452.2331,163.8072
617.4879,233.3849,579.4589,331.0925,410.9268,265.4979,448.9557,167.7903
617.1910,233.2574,577.0795,333.3289,409.6954,266.2366,449.8068,166.1652
614.0015,232.5524,570.4835,334.7644,410.2644,266.5493,453.7824,164.3372
616.1949,229.5524,578.2665,329.8057,409.0436,265.7843,446.9720,165.5310
615.3391,232.0616,579.3552,330.2471,407.8604,267.3962,443.8442,169.2108
614.8497,235.2251,576.4725,332.2465,407.4461,265.3875,445.8233,168.3661
611.9442,231.7434,577.5930,328.8156,406.3450,268.2158,440.6961,171.1435
604.2623,236.9348,567.4827,330.4881,405.7130,266.8899,442.4926,173.3366
605.4395,233.6632,573.1807,327.1091,405.8477,269.3435,438.1065,175.8976
602.8157,235.2750,572.6583,325.4767,404.4425,269.2366,434.5999,179.0349
600.8195,231.9084,571.7689,325.6758,404.1575,273.7473,433.2081,179.9798
600.0877,229.3143,574.0925,328.2208,402.6206,283.1535,428.6158,184.2469
596.0339,224.6112,573.4061,328.7457,401.3503,291.3590,423.9781,187.2245
592.0165,219.6067,573.0702,331.8017,403.2851,303.1301,422.2314,190.9351
592.9175,221.5023,573.1939,327.2250,401.3017,295.1568,421.0253,189.4341
590.4510,217.9685,573.3823,324.6274,402.2131,297.2351,419.2819,190.5761
577.3342,208.0098,572.3844,311.8481,404.8958,303.8643,409.8456,200.0260
565.1739,196.4538,574.1021,290.0569,406.8033,306.0146,397.8751,212.4114
562.3954,194.1010,572.1762,294.7190,407.8329,310.6944,398.0521,210.0764
561.8893,196.2698,570.1223,296.5050,403.4048,310.1986,395.1718,209.9634
559.8004,194.1254,571.5272,292.2872,400.9702,312.6627,389.2434,214.5008
554.3801,192.1150,569.2020,293.0783,400.1492,317.8962,385.3273,216.9328
554.1431,191.8570,568.6984,297.2047,400.5166,320.4416,385.9612,215.0939
554.3497,190.0827,568.1432,302.3470,400.4358,322.9527,386.6422,210.6884
549.0298,183.6851,571.1934,290.1689,404.4765,324.8694,382.3129,218.3856
540.9045,176.2473,570.5922,277.7250,407.3932,325.4695,377.7056,223.9917
533.0652,176.0401,566.6924,282.3190,411.7373,331.3477,378.1101,225.0687
541.0629,181.9348,567.5535,301.5160,409.9122,336.4380,383.4216,216.8568
532.1705,180.3898,563.3133,300.3471,413.5581,339.2258,382.4153,219.2685
513.0923,169.3119,561.5469,270.6828,422.8951,336.9574,374.4406,235.5865
494.5159,163.2369,565.3732,258.0882,440.9860,351.0098,370.1288,256.1585
487.4409,158.8396,567.2128,246.8547,448.3035,354.6273,368.5316,266.6122
478.7659,160.2656,563.2888,244.8578,453.2851,354.7713,368.7622,270.1790
483.8156,160.2639,565.5306,246.2442,451.1413,354.9590,369.4262,268.9786
466.0822,163.4566,559.7469,238.1584,464.8853,357.1006,371.2206,282.3989
467.5031,164.7533,558.8894,241.1058,461.2258,357.9995,369.8394,281.6469
470.6238,168.8100,557.1674,247.1341,456.8372,357.9930,370.2936,279.6689
474.5717,169.9563,557.9502,254.1632,452.4513,358.6242,369.0728,274.4173
477.4513,172.6618,555.6426,258.4759,446.9762,357.4896,368.7849,271.6755
478.7308,173.7856,553.2020,257.1909,441.5177,356.9119,367.0465,273.5066
470.8186,175.4346,551.1798,256.8250,448.3788,358.3262,368.0176,276.9359
464.4953,179.3583,546.5104,256.7484,448.3133,360.8139,366.2982,283.4237
454.5544,180.8628,543.5101,251.8147,455.2547,362.4647,366.2990,291.5128
448.9339,183.2901,540.6743,249.5392,458.8849,362.7995,367.1444,296.5503
448.0937,185.0055,539.4872,255.8973,455.2938,364.4391,363.9003,293.5473
450.1564,186.0638,537.6308,259.2043,453.2403,360.1336,365.7658,286.9931
447.2787,183.6876,537.3141,259.1602,449.9580,363.3721,359.9226,287.8995
465.6831,186.7798,537.3536,277.7572,433.1714,359.8303,361.5009,268.8530
485.3798,192.6805,533.0479,298.2609,412.9047,352.5039,365.2366,246.9236
486.4816,195.1906,532.1004,300.0574,410.7585,352.8431,365.1398,247.9763
482.6017,194.4685,531.1583,298.0702,412.9872,353.4551,364.4307,249.8534
477.4839,194.1495,531.3867,294.8000,418.0462,355.4988,364.1434,254.8483
489.8615,201.8839,526.4442,308.9119,404.3950,350.6288,367.8124,243.6008
483.8901,197.5169,527.3998,298.7816,408.3903,349.9155,364.8806,248.6508
486.3272,199.8726,525.8768,302.4291,404.0178,349.4225,364.4682,246.8660
484.5101,198.5250,525.3342,300.1194,405.3050,348.3513,364.4808,246.7569
487.7195,202.5785,520.2832,305.2404,396.5346,344.4927,363.9709,241.8309
484.1394,200.7626,520.7759,304.6345,399.0801,347.5576,362.4436,243.6857
497.1433,208.4139,515.5068,312.0035,387.3539,334.7213,368.9904,231.1318
492.9946,207.1472,514.8867,315.0441,389.4124,340.5025,367.5204,232.6056
476.5259,197.3104,521.2364,303.7697,403.5157,353.2096,358.8053,246.7503
470.7874,194.8911,523.5272,296.5113,407.2507,356.8576,354.5109,255.2374
465.1621,191.3405,525.4249,287.0896,413.3740,357.6125,353.1112,261.8635
461.6993,191.1903,524.7442,283.5977,412.8438,359.9418,349.7988,267.5345
458.3949,190.8646,524.3860,282.8596,413.6649,362.2836,347.6738,270.2886
452.6995,189.9634,523.5351,276.4366,415.5479,364.8957,344.7123,278.4224
452.6873,185.5837,526.5505,271.4627,418.9619,363.9981,345.0987,278.1190
454.9909,187.9736,525.9712,275.0694,415.6281,364.9956,344.6477,277.8998
461.1986,188.7475,524.9208,277.9569,409.1524,360.6501,345.4302,271.4408
459.9272,186.5442,525.8184,272.5165,410.2156,361.1171,344.3244,275.1448
474.2547,188.5849,526.5865,280.6672,402.4113,351.2380,350.0795,259.1557
495.4957,202.1016,525.3635,302.5463,378.9161,346.0933,349.0483,245.6487
497.1617,204.3207,522.5482,304.1805,372.5430,342.3151,347.1564,242.4553
498.6765,204.4447,523.0139,302.5753,370.7959,340.3271,346.4584,242.1965
496.0784,201.4808,524.3524,301.6308,372.9275,344.3805,344.6535,244.2305
495.3831,200.5347,522.4996,304.5855,371.7171,343.8807,344.6006,239.8299
489.8315,198.5914,521.1613,301.1144,372.8473,346.4374,341.5175,243.9144
487.4187,198.6499,518.9109,302.4828,374.8120,346.1876,343.3198,242.3547
481.0627,194.5685,519.4128,293.9649,379.5702,347.9203,341.2202,248.5239
488.7840,196.9334,520.6647,300.4861,372.5141,346.0971,340.6334,242.5444
491.0588,198.1058,520.0869,303.1640,370.1498,344.5921,341.1219,239.5340
493.9864,201.1929,519.5398,304.9389,363.2500,343.4342,337.6966,239.6883
492.0661,204.4349,513.7665,305.9059,348.2710,341.2984,326.5706,239.8274
492.6513,200.2626,515.9960,298.8533,354.6656,337.0538,331.3209,238.4631
496.0298,203.7267,515.4929,302.8656,341.9549,336.9347,322.4919,237.7958
495.9241,207.7377,513.1283,309.2242,337.8941,338.9304,320.6899,237.4438
496.8180,222.0392,501.1830,319.9739,319.6733,328.0641,315.3082,230.1293
499.8017,220.8418,504.1958,317.8722,319.0120,326.2585,314.6178,229.2281
499.1489,216.8371,508.5069,311.0802,321.2860,329.6706,311.9280,235.4274
496.0402,209.3242,508.2860,311.3115,326.0024,333.1986,313.7567,231.2113
495.1033,209.3184,508.4327,308.8597,329.2713,332.8509,315.9419,233.3096
488.7278,200.9126,507.4444,304.1551,333.4294,335.7019,314.7127,232.4594
488.3658,201.8704,505.5873,306.1398,327.3506,335.5780,310.1291,231.3086
486.4806,203.4433,501.7556,308.2760,322.6150,334.3783,307.3399,229.5457
488.4467,208.1091,499.8552,310.9458,317.8746,331.1344,306.4661,228.2978
483.0836,200.5728,500.1548,306.4157,325.5211,334.5819,308.4499,228.7390
479.6309,193.1790,502.3924,298.2991,327.9738,336.0657,305.2123,230.9456
478.5401,193.3605,502.1170,298.7105,325.4748,338.2424,301.8978,232.8924
476.4352,192.8872,501.2666,297.3601,330.0029,338.0666,305.1714,233.5937
472.2341,188.0531,503.2793,292.0020,335.6600,342.0630,304.6147,238.1140
469.7766,184.1871,504.7704,289.0904,340.6233,343.8467,305.6296,238.9434
465.6778,179.8958,505.0378,285.3364,341.3549,346.4378,301.9948,240.9972
467.5512,180.6776,502.8094,284.3814,338.4533,340.2609,303.1950,236.5570
470.2465,180.8320,503.5745,289.0229,336.1203,340.6068,302.7924,232.4159
471.4397,179.6600,506.3636,289.1521,336.8307,343.2268,301.9068,233.7346
473.2648,182.6602,505.6708,291.3596,334.4021,342.4190,301.9961,233.7196
480.8367,191.1423,502.7837,298.1768,328.1150,333.9918,306.1680,226.9573
480.2768,192.0997,503.7958,301.1942,328.1377,339.0633,304.6187,229.9688
481.8181,195.4244,503.0364,304.1568,323.7519,339.1428,302.5336,230.4104
478.4273,193.1291,502.6257,298.3949,324.5613,339.3281,300.3630,234.0623
472.9449,191.0003,501.3207,303.4377,322.0946,348.6691,293.7187,236.2317
461.7694,188.6259,494.9627,294.8430,324.5434,348.0998,291.3501,241.8826
453.3067,184.6067,492.2896,289.9362,329.3548,350.2390,290.3719,244.9095
449.5635,186.9255,485.6466,297.7806,301.7554,357.6368,265.6723,246.7817
444.6213,193.2703,474.5372,306.2917,284.1120,356.6957,254.1961,243.6743
434.9826,193.4584,468.8434,310.8082,247.2675,374.7429,213.4068,257.3931
423.4470,193.4688,461.0453,308.9100,251.6855,377.0968,214.0872,261.6557
426.5916,201.9133,453.2402,323.8598,239.4517,370.5784,212.8031,248.6319
406.1156,188.9161,453.7162,309.0265,282.2635,376.9745,234.6628,256.8641
404.4360,191.6680,449.8557,315.4553,282.0531,377.0250,236.6334,253.2377
397.7702,214.2188,426.6922,339.5193,272.5431,375.1003,243.6211,249.7997
389.0110,200.4533,434.2962,323.7449,282.2706,379.5841,236.9855,256.2925
399.9627,202.6399,429.8406,331.8196,258.4684,371.4562,228.5905,242.2764
395.8711,218.2371,412.0079,349.4059,259.7015,368.1431,243.5647,236.9743
396.5324,217.5544,412.2944,351.0946,250.4386,370.1988,234.6766,236.6586
392.9051,209.4856,418.3206,340.9513,253.3416,372.8459,227.9260,241.3802
395.6911,230.7158,395.9262,365.6617,240.1182,365.9330,239.8832,230.9871
392.5320,228.2374,402.6953,357.0112,257.4236,368.4766,247.2602,239.7029
406.9375,224.4628,405.0200,361.7544,238.6507,359.4308,240.5682,222.1393
375.0455,217.5568,391.2086,345.8244,250.7196,363.5275,234.5565,235.2599
329.1125,198.3548,410.6421,291.7982,300.9231,387.5283,219.3935,294.0848
352.3215,194.8273,411.0678,309.0238,282.1112,375.3632,223.3649,261.1667
366.6566,205.7298,401.7589,328.1871,267.2787,366.7357,232.1764,244.2784
378.1630,358.4543,261.6845,370.0160,248.6144,238.3417,365.0928,226.7800
406.1330,312.8240,306.2299,396.3211,220.0414,293.1979,319.9446,209.7008
345.4805,198.8606,409.5901,303.2029,285.7177,379.3120,221.6081,274.9698
311.6007,204.6888,396.6718,281.9120,299.1458,389.3493,214.0746,312.1261
331.6862,200.9652,403.4002,294.8063,289.3645,381.9532,217.6505,288.1121
343.9973,363.1504,261.7137,373.5499,246.2908,251.5207,328.5745,241.1211
325.3045,200.6228,403.2118,289.3856,291.3420,387.5739,213.4347,298.8112
314.0703,206.9136,393.8531,272.1817,298.8417,388.3224,219.0589,323.0543
309.0283,210.2495,389.3358,270.0894,300.3979,389.4474,220.0904,329.6075
306.0227,212.9717,388.2457,273.9415,302.7948,389.1794,220.5718,328.2095
290.4802,220.0521,377.7326,269.7505,311.1465,386.6516,223.8941,336.9533
293.3669,217.7408,379.4967,268.3584,309.4104,387.6158,223.2806,336.9983
277.4170,225.7833,367.2577,261.9259,318.1896,383.8958,228.3490,347.7531
264.5963,236.0464,355.9650,257.3406,327.8719,377.8813,236.5034,356.5871
280.1847,225.4029,369.7979,265.0097,317.5957,383.1210,227.9825,343.5143
262.0660,238.1251,353.9800,256.3062,330.3219,375.9088,238.4079,357.7277
255.6691,246.6061,346.8006,253.8668,337.3781,372.1308,246.2467,364.8701
256.5856,245.3694,346.7713,255.4134,333.5310,374.2979,243.3454,364.2539
253.2650,248.8779,343.8871,255.4868,335.2305,374.1877,244.6085,367.5789
255.4813,245.9841,345.4460,254.7353,333.7750,374.7164,243.8103,365.9652
339.7509,367.8526,250.3922,370.0814,247.4251,251.1183,336.7838,248.8896
250.4915,247.4148,341.7502,250.7342,337.3607,371.4102,246.1021,368.0908
253.7926,247.9539,342.2768,252.2062,336.5165,372.0679,248.0323,367.8156
249.0297,249.7136,340.4951,250.2938,339.7465,368.2914,248.2812,367.7112
342.9744,360.2013,261.6476,372.2620,244.3376,255.5385,325.6644,243.4778
343.3557,359.3126,263.8351,372.6961,244.4168,257.3188,323.9374,243.9353
342.2396,359.4665,260.7586,372.8864,241.7448,257.4417,323.2259,244.0218
344.0505,356.8241,263.2717,373.0903,240.3727,259.3730,321.1515,243.1068
344.5314,356.9946,262.0854,373.0193,239.7623,258.1686,322.2083,242.1439
341.8075,358.9844,261.2159,373.0396,241.1146,257.7793,321.7061,243.7241
343.1199,358.1472,262.2354,373.7612,240.0589,258.8821,320.9434,243.2681
344.6795,355.8889,264.7754,373.5336,239.7624,260.2625,319.6665,242.6177
344.2439,356.2452,264.5946,373.3126,240.2897,259.8874,319.9390,242.8200
342.8406,356.6832,262.5382,371.5644,241.7660,259.4729,322.0683,244.5916
342.1728,359.2153,261.8477,372.9577,242.2862,258.6190,322.6112,244.8766
340.3140,361.6907,261.1296,371.2722,246.9547,254.1266,326.1391,244.5452
339.7926,362.7134,259.8113,370.5103,248.2656,252.0717,328.2469,244.2749
254.7492,239.0045,341.6601,243.1557,335.5056,372.0088,248.5947,367.8576
260.1968,233.1156,349.9404,244.2070,333.7018,375.5984,243.9582,364.5071
338.2533,367.4018,256.7142,372.2798,249.5480,252.4940,331.0872,247.6160
260.3474,235.7798,345.8061,245.2013,331.2640,377.1075,245.8053,367.6861
263.0451,232.7465,351.2631,247.8274,329.2275,376.7275,241.0095,361.6465
339.5542,363.4388,257.7847,370.0236,248.4734,254.3979,330.2429,247.8131
338.5005,366.0158,256.7527,369.7753,251.3777,252.8988,333.1255,249.1394
258.8501,236.9043,345.6458,246.3554,331.7652,373.8306,244.9695,364.3795
260.1074,237.2723,347.1518,247.6546,332.0399,374.3518,244.9955,363.9695
341.5751,358.7963,263.3738,371.5664,244.6788,257.0828,322.8801,244.3126
260.1362,236.6761,346.6231,246.1874,332.6341,373.3909,246.1471,363.8795
259.6414,236.4375,347.9313,246.4550,333.5047,373.6052,245.2148,363.5877
259.8261,236.6931,346.6555,246.1270,332.6339,375.1797,245.8046,365.7457
261.4119,233.2673,349.2579,243.8003,333.6020,374.3716,245.7560,363.8387
259.7873,236.5311,347.3383,246.3756,332.7842,375.8109,245.2333,365.9665
259.1939,238.2460,346.4432,246.3010,334.6370,374.1830,247.3876,366.1281
257.5479,239.5293,342.7090,244.7440,335.0080,370.5085,249.8469,365.2938
255.3548,242.3494,338.0151,243.6887,335.9738,369.6721,253.3135,368.3328
336.8933,367.1574,255.2030,368.7848,252.7730,246.8090,334.4633,245.1816
336.6931,367.7749,254.3039,370.1312,250.7875,247.1815,333.1768,244.8252
335.8127,368.6022,254.3665,371.3262,250.2216,247.3955,331.6678,244.6715
338.2336,366.3476,256.6707,371.3285,249.2342,249.5554,330.7970,244.5744
340.4183,361.1389,261.7944,371.6895,246.1141,254.8387,324.7380,244.2881
341.0731,359.1941,263.0731,371.3301,245.0972,255.7958,323.0971,243.6598
339.3163,361.8526,259.7621,371.1475,246.1069,254.2729,325.6611,244.9781
339.5590,363.1369,259.4305,371.9034,246.6179,254.7926,326.7463,246.0261
339.6868,362.7764,255.9343,372.3954,242.5745,256.0713,326.3270,246.4523
342.8134,361.5210,260.2335,373.1830,243.8730,257.3325,326.4529,245.6705
341.3037,365.4499,260.7095,371.9513,251.2520,254.7121,331.8463,248.2107
342.2353,365.1119,260.0823,372.2474,249.7585,253.3869,331.9115,246.2514
341.3954,364.5810,259.9240,372.6670,248.0444,252.9743,329.5158,244.8882
342.5593,361.5266,262.1490,371.2822,247.6927,252.1269,328.1031,242.3713
344.0330,359.8084,263.0967,372.5834,244.0335,251.8080,324.9698,239.0330
345.4857,357.2480,264.5012,372.6141,241.6897,252.3896,322.6743,237.0235
343.2735,359.2834,261.4729,371.4799,243.3639,250.0259,325.1645,237.8293
2
0
0
0
0
1
228.6625,206.0308,257.6543,296.6105,80.2166,353.4030,51.2247,262.8233
225.5204,206.7494,254.4265,301.2100,80.7209,354.3660,51.8148,259.9054
229.0183,207.9339,255.4122,304.3067,79.5346,352.4749,53.1407,256.1020
232.3220,210.5144,254.9022,309.7056,77.6455,350.0570,55.0653,250.8657
231.3660,211.0445,253.3500,308.6328,77.3754,348.2750,55.3915,250.6867
234.7473,213.4355,253.4301,311.8339,67.8912,347.0618,49.2085,248.6633
240.6681,217.0783,252.4456,310.9390,36.9879,337.9742,25.2105,244.1136
243.0950,220.5141,251.9437,312.7459,29.0838,334.1271,20.2350,241.8953
242.5317,219.6608,251.2602,312.1836,25.5008,333.4814,16.7723,240.9587
240.5698,218.5462,250.2943,311.4236,28.7657,334.6182,19.0413,241.7408
240.2553,217.7881,249.7678,310.4813,26.7440,333.3688,17.2314,240.6756
237.5215,216.7292,247.8492,308.8690,26.6878,333.6585,16.3601,241.5187
232.9037,216.0165,243.9150,307.4564,25.6742,333.7374,14.6628,242.2974
233.1530,215.0820,244.5969,305.8630,23.1257,333.7819,11.6817,243.0010
230.6709,215.0037,242.1982,305.1006,23.4373,333.0898,11.9099,242.9929
232.1696,213.9923,243.2954,304.8225,23.0131,331.8050,11.8872,240.9748
227.7090,213.2454,239.8923,304.9758,26.0283,333.3806,13.8449,241.6502
227.4529,214.6330,237.3942,305.1537,24.6031,328.5233,14.6617,238.0025
226.6604,214.3905,236.4137,308.0822,25.6009,330.0279,15.8476,236.3362
228.8878,218.0478,235.1045,311.7263,22.8956,325.8089,16.6790,232.1303
228.9492,225.8841,229.0543,321.1294,18.8877,321.3615,18.7825,226.1161
236.9481,230.4243,227.8676,328.6259,7.9484,308.2904,17.0289,210.0888
237.6481,234.7384,223.8195,332.5065,5.5235,301.6301,19.3522,203.8620
232.2982,236.2868,214.2245,335.4110,4.6699,297.2019,22.7437,198.0778
232.5046,240.2280,212.8441,337.1851,4.4238,294.9225,24.0843,197.9654
232.2202,239.5135,211.0016,338.3950,3.1438,293.7917,24.3624,194.9101
225.8213,238.1991,203.2662,338.9737,3.0202,294.1550,25.5753,193.3805
224.8039,238.4423,202.3310,338.7389,1.0642,293.6422,23.5371,193.3456
223.8406,239.0640,201.0342,339.0247,1.3429,293.4645,24.1492,193.5038
224.2934,238.3241,202.9935,338.2334,1.7344,295.3265,23.0343,195.4172
223.3425,238.5051,202.0450,337.5677,1.1033,294.3673,22.4008,195.3047
223.4811,239.0225,201.7485,337.7486,0.8439,293.5234,22.5765,194.7973
222.5418,239.2843,200.6039,337.6320,0.7203,293.0449,22.6582,194.6972
223.7590,240.0923,201.0116,338.6624,0.7172,292.4398,23.4646,193.8696
224.3419,241.4967,199.1052,340.5483,-1.4155,289.4590,23.8212,190.4075
226.1701,244.5463,197.7846,343.3356,-3.4877,285.5033,24.8978,186.7140
230.4138,249.2233,199.3137,345.0196,-6.8685,278.0829,24.2316,182.2866
230.2994,249.0137,199.7265,344.3108,-6.2499,278.2302,24.3229,182.9331
232.9843,249.8500,202.9596,344.3596,-5.8649,278.0183,24.1597,183.5087
233.3583,248.4330,206.1579,342.6600,-5.0941,281.6782,22.1064,187.4511
233.0475,247.5794,207.6044,341.4866,-3.4119,284.3141,22.0313,190.4069
229.8535,245.9554,205.0181,339.7771,-3.3309,284.6252,21.5046,190.8035
230.2630,245.8649,204.7662,341.2706,-4.4613,285.3553,21.0355,189.9496
231.0927,246.9534,205.7492,340.8791,-3.6779,284.3705,21.6656,190.4447
232.0925,246.2549,206.5647,340.7921,-4.0925,283.9086,21.4353,189.3714
230.8923,246.7862,205.8000,339.8661,-3.8752,283.3421,21.2171,190.2622
230.3887,246.0264,203.5573,341.3018,-5.5025,282.4266,21.3288,187.1512
229.3982,248.8778,198.6555,344.3594,-8.8002,277.5638,21.9424,182.0823
231.8698,250.8361,197.8102,346.0345,-10.7008,271.4345,23.3588,176.2361
229.2092,252.6447,188.3714,349.9537,-12.5805,265.6201,28.2572,168.3111
229.3569,252.5994,187.3778,349.9620,-12.5656,263.7538,29.4135,166.3912
228.7311,256.1714,187.1870,350.6615,-14.6955,261.9006,26.8486,167.4105
227.1695,255.2542,185.0068,349.7131,-14.8847,260.4897,27.2779,166.0307
227.4252,254.7494,184.6588,350.4236,-15.2380,261.0695,27.5285,165.3954
227.4061,253.9410,184.7838,349.4218,-15.0299,260.2256,27.5924,164.7448
229.1414,254.6422,186.4496,350.0589,-14.7473,260.0385,27.9446,164.6217
228.3376,255.0910,185.5114,351.0355,-15.1861,261.4514,27.6400,165.5069
227.5455,255.5594,183.6455,351.5674,-15.4341,260.5374,28.4659,164.5295
227.4278,254.7444,184.7587,350.1992,-15.6259,260.6255,27.0431,165.1708
228.4372,255.5381,184.9742,351.5484,-15.6462,260.7292,27.8168,164.7189
229.4972,255.5287,185.7654,351.8834,-14.6618,260.9168,29.0700,164.5622
229.7268,255.8989,185.0069,352.6491,-15.1433,260.1357,29.5766,163.3855
229.7264,255.9817,185.1475,352.7040,-15.2471,260.3431,29.3318,163.6207
230.1995,256.7962,186.8737,351.8961,-15.3776,259.7541,27.9482,164.6542
229.3189,257.1850,184.8377,353.0450,-16.0559,259.8260,28.4253,163.9659
227.4745,255.6586,184.1495,350.5214,-14.5634,259.7668,28.7616,164.9040
229.4077,256.6557,185.2136,352.1339,-14.4893,259.6971,29.7048,164.2189
228.4209,257.0172,184.0307,352.1294,-14.8022,259.3314,29.5880,164.2192
227.5100,257.0909,182.6678,352.6353,-14.4720,260.1110,30.3702,164.5665
226.6122,255.6950,183.1533,351.7465,-13.8871,262.5947,29.5719,166.5432
225.0947,254.3089,180.5208,351.0127,-12.7963,261.9066,31.7776,165.2028
226.1473,257.4150,177.7768,353.9464,-11.4530,259.1259,36.9176,162.5946
225.2689,258.6134,176.2029,355.1410,-11.5249,259.7168,37.5411,163.1893
226.1749,259.3385,176.4172,354.5619,-10.2485,257.0222,39.5092,161.7989
228.4094,260.8154,176.9164,356.4400,-9.9196,255.8305,41.5733,160.2058
223.1339,258.9492,168.5627,356.0275,-9.5766,255.8890,44.9946,158.8107
223.4797,260.1967,168.8361,355.7386,-9.1400,253.9481,45.5036,158.4062
222.9072,260.5286,167.3434,356.4422,-8.3190,254.6790,47.2448,158.7655
220.7996,259.0957,164.1442,355.6035,-7.8013,254.6622,48.8540,158.1544
221.6965,258.7657,167.5951,353.3369,-7.4139,253.2195,46.6874,158.6482
218.0378,260.0403,162.7871,353.7720,-8.0399,253.0770,47.2109,159.3453
219.9475,259.0130,165.3823,352.4825,-7.4233,251.6030,47.1419,158.1334
219.4905,260.2252,164.8443,352.9642,-7.2901,251.5345,47.3561,158.7954
219.7920,260.1176,165.8558,352.8307,-6.5749,252.5184,47.3613,159.8053
219.7685,259.6741,164.9445,352.8740,-6.1630,252.2216,48.6610,159.0217
219.0479,259.6621,163.0721,353.3303,-6.7284,251.8581,49.2474,158.1899
220.4696,261.3284,162.1669,356.0850,-6.4815,252.3176,51.8212,157.5610
222.1433,261.1328,165.8709,355.1411,-5.5444,252.5337,50.7280,158.5254
221.9466,264.1343,161.8660,359.1575,-6.5393,252.6793,53.5414,157.6561
220.1739,263.4164,160.3683,358.1412,-6.0943,253.0432,53.7113,158.3183
219.6843,261.1336,162.0729,355.8943,-1.4530,256.4759,56.1584,161.7152
225.1270,257.4379,174.7401,357.3024,10.2997,274.3336,60.6867,174.4690
228.1868,248.6993,198.0170,348.1705,23.6741,295.2919,53.8439,195.8207
220.5634,233.4375,203.2895,337.8792,37.7366,310.4980,55.0105,206.0563
209.1223,226.8314,199.9042,331.8731,49.8358,318.7037,59.0539,213.6619
210.9699,224.7910,205.9129,328.4739,53.5178,321.0411,58.5747,217.3582
200.2081,219.3557,202.6249,323.4170,60.9799,326.7066,58.5631,222.6453
197.9378,219.3326,201.0408,323.5467,62.4327,327.6738,59.3298,223.4596
197.2725,220.6012,199.3915,324.8125,62.1826,327.6025,60.0636,223.3912
196.8998,219.2819,201.1039,324.3638,64.4719,329.8302,60.2678,224.7482
195.2557,218.1640,201.3748,322.7725,68.1959,330.5630,62.0767,225.9544
199.0954,221.5007,202.7883,323.4563,63.5182,328.5008,59.8252,226.5452
196.2057,221.7249,199.6334,324.2621,63.0900,328.8266,59.6623,226.2894
194.6602,223.5364,196.8595,324.5185,63.1730,327.4301,60.9737,226.4479
193.5289,223.8023,194.2268,325.1670,63.2136,326.0691,62.5156,224.7044
189.2672,225.5324,187.1450,327.1007,62.4619,324.4956,64.5840,222.9274
187.8912,230.0055,177.3632,333.2045,60.2589,321.2579,70.7869,218.0589
187.6139,228.2595,179.9313,330.2161,62.9082,321.3982,70.5907,219.4416
192.0894,232.0636,178.8018,333.1911,61.2508,317.7455,74.5385,216.6180
191.3924,234.0938,175.0947,334.5800,59.8885,315.8948,76.1863,215.4087
190.8801,232.8125,175.7657,332.8642,61.4280,315.5916,76.5425,215.5399
195.3814,240.4668,169.9693,337.0610,58.9932,307.8653,84.4053,211.2711
198.2994,244.5234,163.3526,344.3620,56.4343,306.9370,91.3811,207.0984
198.8773,243.5946,166.5717,342.8352,57.2134,307.2361,89.5190,207.9955
193.4496,234.3774,172.0356,339.6640,60.0231,316.8821,81.4370,211.5955
186.7095,213.7643,200.5229,320.2415,76.7556,336.2979,62.9423,229.8206
184.5794,203.3894,215.8979,307.0682,86.5855,346.1299,55.2670,242.4510
197.7108,207.3461,217.4570,313.0511,77.1831,339.2549,57.4370,233.5499
209.4626,219.9884,209.9633,321.2405,65.2561,321.9561,64.7554,220.7040
208.2871,218.2547,211.1142,321.7039,66.4672,325.6569,63.6401,222.2076
208.5463,219.8180,209.6098,320.9082,65.5371,322.4239,64.4736,221.3337
209.6344,220.1773,209.3960,319.1360,65.8798,318.7902,66.1183,219.8315
195.6039,204.7088,218.5304,310.0427,80.0541,340.1829,57.1275,234.8490
199.4976,207.6815,217.9291,314.2009,77.3284,338.5296,58.8969,232.0102
197.8144,208.0092,216.7277,313.2252,72.7453,339.1071,53.8319,233.8912
201.4288,210.4518,215.8221,315.5164,66.9278,335.9143,52.5344,230.8497
205.2525,213.4720,215.1324,317.4742,64.5533,331.7788,54.6733,227.7766
208.2907,216.6603,214.4678,323.1686,61.7584,332.0253,55.5812,225.5170
208.4213,218.7843,212.9822,325.9074,60.9071,332.3822,56.3462,225.2591
207.1198,217.9619,214.5845,327.4926,64.1479,337.7453,56.6831,228.2146
207.3086,217.6507,216.6932,326.4212,66.4630,339.3830,57.0784,230.6124
212.3631,220.7295,218.5428,330.4965,65.5298,339.1110,59.3500,229.3440
221.1213,220.3781,226.1270,331.4115,64.2190,338.7108,59.2132,227.6774
224.9118,218.7086,232.0676,330.5067,64.3214,341.2435,57.1656,229.4454
227.3557,217.3599,236.3405,330.3965,65.4465,343.9802,56.4617,230.9435
230.8835,219.7104,237.7347,330.5189,63.2428,341.3075,56.3916,230.4991
234.0164,223.2779,238.7491,334.0876,63.8375,341.5581,59.1048,230.7484
232.4438,221.0291,239.2399,337.3069,66.6223,347.3959,59.8262,231.1181
233.0706,222.5742,238.9576,336.2600,67.1662,345.1558,61.2792,231.4701
234.8532,222.6444,240.5759,334.5966,67.8846,343.4242,62.1618,231.4720
236.2097,223.7475,240.5615,337.7989,68.5000,344.3643,64.1482,230.3129
235.1779,223.1430,240.3721,338.1757,68.7053,345.9272,63.5111,230.8945
238.3586,225.6254,241.3736,334.9131,69.3976,339.6575,66.3826,230.3698
237.2676,224.9253,240.0507,338.8511,69.6418,343.0140,66.8587,229.0882
240.8328,229.0478,240.7743,335.3486,68.1095,335.2536,68.1680,228.9528
239.7468,225.4777,241.6814,335.0403,68.5004,338.0983,66.5658,228.5356
241.7519,228.0589,241.6784,336.1858,68.4713,336.0681,68.5448,227.9412
240.8612,227.6241,240.0755,336.7516,68.4991,335.5162,69.2848,226.3887
240.5356,226.8692,240.7018,336.9264,68.5613,337.1864,68.3951,227.1292
240.9753,227.7978,239.9520,339.0480,68.6050,337.4720,69.6283,226.2217
241.3742,227.2661,241.0390,337.2306,67.8272,336.7026,68.1624,226.7381
242.4311,228.7192,240.2640,338.2790,67.8351,334.8684,70.0021,225.3086
242.3106,227.6463,240.1642,342.1126,67.3682,338.8724,69.5146,224.4061
244.1730,230.4123,239.8106,343.0788,66.8587,336.3821,71.2211,223.7156
247.3182,232.7776,240.2713,342.0773,66.3237,330.8623,73.3706,221.5626
249.1864,237.5256,236.2595,349.3801,62.2728,329.2726,75.1997,217.4181
252.8402,244.0399,232.7850,352.1722,60.4415,320.2078,80.4967,212.0756
257.4440,254.0865,225.1570,363.6536,56.2944,313.8935,88.5814,204.3264
258.8470,260.7312,217.8306,370.3734,52.8911,308.6705,93.9075,199.0284
259.8338,261.0953,223.1765,363.1935,53.1536,302.1486,89.8108,200.0504
259.3675,261.3389,222.7264,362.2202,52.7201,300.4722,89.3612,199.5910
259.7402,260.8539,223.7128,361.5466,54.2764,300.9230,90.3037,200.2304
260.4029,264.5852,219.9260,366.1472,53.5069,299.8221,93.9838,198.2600
259.9482,263.4807,220.6349,364.6127,54.9694,300.2132,94.2826,199.0813
263.8026,266.6582,221.4652,370.2268,53.9038,301.7302,96.2411,198.1615
272.2170,266.9639,232.6055,370.4091,54.4802,302.2011,94.0917,198.7558
281.5883,273.0049,235.3380,381.8093,53.5106,304.5186,99.7609,195.7142
290.5434,267.1223,257.1929,370.3883,56.2298,305.4859,89.5803,202.2198
295.4579,267.6304,264.0606,369.3510,54.9719,304.8132,86.3691,203.0927
297.0074,267.1108,264.5211,366.5029,52.4645,297.1922,84.9509,197.8001
296.1484,263.7671,266.5265,362.7302,52.8433,298.7699,82.4652,199.8068
303.0398,263.7453,272.3487,367.8141,52.2995,302.9191,82.9906,198.8503
302.1938,266.0561,271.4317,363.9710,48.6793,293.9885,79.4414,196.0737
300.6212,265.9877,271.7570,362.2511,47.1831,294.9134,76.0473,198.6501
296.9193,264.2310,267.2868,363.5795,44.2194,297.0454,73.8519,197.6970
299.4473,262.0058,269.2388,366.2729,46.2229,301.6602,76.4314,197.3931
298.9892,264.1281,270.3466,360.4240,43.5214,292.9563,72.1641,196.6604
296.0814,262.5290,264.4623,366.4449,45.2649,299.7485,76.8839,195.8326
299.0879,268.0734,266.4819,368.2523,42.7616,295.4364,75.3676,195.2575
301.6518,268.4807,272.1238,366.3553,38.8828,295.9886,68.4107,198.1139
301.7611,267.9150,272.5500,367.6798,38.5249,299.1573,67.7360,199.3925
305.0558,265.5466,280.6712,361.8788,35.8685,299.9117,60.2531,203.5795
302.0836,257.4637,282.8543,359.2523,39.6044,313.2991,58.8336,211.5105
302.6608,255.4747,284.9068,360.8948,39.9651,319.6437,57.7192,214.2236
302.5234,253.0993,284.9797,363.4115,46.0938,325.4199,63.6374,215.1077
294.0593,246.1882,283.6281,355.3812,47.4720,332.8213,57.9032,223.6283
295.6614,243.8682,289.9107,350.6431,45.8786,337.4998,51.6294,230.7250
288.1829,238.8314,287.8145,344.3263,44.6376,343.4773,45.0060,237.9823
284.2171,236.1426,285.7680,339.1066,49.9661,342.6585,48.4151,239.6945
289.4253,239.3523,288.5527,348.3618,45.1312,346.4134,46.0038,237.4039
296.4607,244.4951,291.1841,350.6611,44.9260,338.4219,50.2025,232.2558
291.8909,244.2346,287.8636,346.6067,45.4499,337.0702,49.4772,234.6982
299.5433,248.8185,289.2855,361.1238,42.0255,338.5394,52.2833,226.2341
299.2735,246.9593,292.1177,356.4508,38.9086,339.9024,46.0644,230.4109
301.0056,248.8170,292.0373,352.6100,45.5809,331.3147,54.5492,227.5217
300.3891,248.3512,290.4556,357.3298,47.7193,335.2042,57.6527,226.2256
301.7382,250.1859,290.8169,356.2740,47.4818,331.2238,58.4031,225.1357
308.6492,256.4464,292.3846,359.4837,50.8303,321.3541,67.0948,218.3168
302.2878,251.5853,289.5739,350.4100,50.0979,319.6012,62.8118,220.7765
305.8941,253.1901,291.6020,353.5374,48.4907,318.9121,62.7827,218.5648
301.8022,250.8629,287.9612,351.6893,51.5180,319.2312,65.3591,218.4048
304.7575,250.1013,290.9421,350.9169,52.8779,318.2933,66.6933,217.4777
307.4169,252.2172,291.1928,351.6889,50.5022,312.4317,66.7263,212.9601
309.8344,251.6198,292.7348,352.4798,53.5746,311.9330,70.6742,211.0730
317.0645,241.3572,305.3095,346.2232,57.2747,318.4197,69.0297,213.5536
325.2174,236.8694,317.9459,339.7210,61.0810,321.5608,68.3525,218.7092
323.8830,239.9134,312.6069,344.7819,60.5444,317.6787,71.8204,212.8101
325.7939,238.0015,314.5465,344.4546,63.1133,317.8890,74.3608,211.4360
323.6712,233.8093,315.3452,340.4544,61.9321,320.6699,70.2581,214.0248
323.9483,230.7072,317.3931,339.8800,62.8866,324.5983,69.4418,215.4255
323.6031,230.4655,315.5078,338.7601,63.7012,319.9371,71.7964,211.6424
324.2214,229.6944,316.9541,337.0726,63.3914,319.9115,70.6588,212.5333
326.3351,230.6910,316.4520,337.9661,62.5084,314.5707,72.3914,207.2956
326.5466,230.4923,316.2068,336.5487,61.6724,311.7334,72.0122,205.6769
329.7795,230.0619,318.8958,337.7477,65.4929,312.1363,76.3766,204.4505
328.4970,225.9358,321.0600,333.0145,69.1556,315.5190,76.5926,208.4402
333.0482,228.8052,325.0648,333.8997,71.5484,314.6415,79.5319,209.5470
337.0400,230.1951,327.5746,333.1924,68.6422,309.3969,78.1075,206.3995
330.9776,231.4976,319.8857,335.9342,68.0992,309.1925,79.1912,204.7559
309.1186,235.7197,294.4767,335.1610,63.4992,301.1518,78.1410,201.7105
302.4956,234.3439,287.0639,339.9096,65.2350,307.4826,80.6667,201.9169
303.6620,234.6766,288.0585,342.4790,67.6133,310.5713,83.2168,202.7690
307.2693,237.5700,289.9276,343.8185,76.8023,309.0325,94.1440,202.7841
310.0963,237.6548,290.6871,343.7083,87.7926,306.5759,107.2018,200.5224
312.9733,236.5074,294.3715,347.6459,88.2040,313.1385,106.8058,202.0001
313.5414,235.0231,298.1211,339.0471,99.9167,309.6657,115.3370,205.6417
317.2704,233.1664,300.1220,338.5394,109.1791,307.4653,126.3276,202.0923
331.2905,241.8829,304.4890,346.6018,117.7550,298.8095,144.5565,194.0907
338.8999,245.8164,309.0639,349.7535,120.5049,295.6262,150.3409,191.6890
335.0596,237.9972,315.9357,334.8423,124.0446,296.9500,143.1684,200.1048
334.8790,236.4217,315.4982,336.2829,126.3589,299.5753,145.7397,199.7141
336.6469,231.9637,324.7174,325.5755,128.7904,300.6075,140.7199,206.9957
335.1833,227.0474,328.8181,331.9859,134.2212,320.1822,140.5865,215.2438
341.6333,226.4169,333.6930,335.3769,134.8378,320.8856,142.7781,211.9256
364.2758,247.9203,327.7179,360.9395,133.8108,298.2170,170.3688,185.1978
355.3739,235.1157,328.5053,362.3015,134.2389,321.2618,161.1075,194.0761
379.0946,238.4721,353.8052,364.5630,134.8549,320.6493,160.1443,194.5583
389.0953,226.4709,380.4359,329.2945,141.3797,309.1619,150.0391,206.3383
402.1073,225.4475,394.2109,325.3784,142.7987,305.5120,150.6952,205.5811
408.5497,225.8949,400.2913,333.1541,147.5042,313.6907,155.7627,206.4314
402.5013,224.4108,393.8764,330.1926,150.8276,310.3757,159.4525,204.5938
404.4854,225.1947,396.2756,327.9486,149.6055,308.2401,157.8154,205.4862
411.4629,222.7257,403.7900,334.9166,153.7192,317.8138,161.3921,205.6230
410.9388,223.1879,399.8619,348.1769,154.5798,326.4392,165.6567,201.4502
413.1187,225.4684,400.7262,342.3713,154.4190,316.2611,166.8115,199.3583
413.6510,223.8534,401.8317,340.4235,154.4080,315.3365,166.2273,198.7665
413.4926,222.2493,401.9277,340.8535,157.2859,316.9988,168.8508,198.3947
414.5527,222.7655,401.0502,353.1848,161.2042,328.3531,174.7067,197.9338
414.3106,220.7355,403.6231,343.8945,162.4043,322.9619,173.0919,199.8029
413.1469,216.5834,406.3189,341.5414,169.0383,328.5757,175.8663,203.6178
416.5746,218.3064,409.3290,338.0931,172.5625,323.7716,179.8082,203.9850
417.7389,215.7973,413.1029,332.3474,174.2718,322.8476,178.9078,206.2974
419.1714,207.9218,422.3956,332.5274,184.4995,338.6831,181.2752,214.0775
431.1984,208.4725,433.9260,341.0440,187.0398,346.1236,184.3122,213.5521
425.7417,195.8020,442.5795,328.5120,195.0573,359.9168,178.2195,227.2068
427.5729,192.8969,448.8065,330.7733,204.9946,368.3214,183.7610,230.4451
430.4947,190.1231,452.1780,318.3369,207.2382,359.7608,185.5549,231.5470
432.0454,189.9679,454.5473,315.3668,210.1624,359.2198,187.6605,233.8210
429.5546,185.2580,455.6723,311.5414,214.2761,361.4667,188.1583,235.1832
429.8065,186.3094,455.8753,313.8104,221.8501,361.6591,195.7813,234.1580
451.3668,199.8522,459.9695,293.5577,212.8004,316.2492,204.1978,222.5437
435.3900,189.8309,454.6006,299.2881,217.1320,340.9658,197.9214,231.5085
453.3893,202.2137,460.2800,296.3500,216.9581,314.1609,210.0674,220.0245
452.7460,203.6790,457.0929,297.4723,217.9821,308.5541,213.6351,214.7608
452.4169,204.7147,457.4514,296.5283,218.8232,309.6134,213.7886,217.7998
454.7308,204.5391,459.1404,297.2391,220.1944,308.6054,215.7847,215.9054
455.1670,202.3607,460.5490,295.9784,220.3729,309.7858,214.9909,216.1682
463.7549,201.8725,469.9289,293.2115,221.8499,309.9802,215.6760,218.6411
467.0623,202.5213,472.6806,293.7353,223.3435,309.0933,217.7251,217.8793
467.5257,201.1559,474.1853,293.8536,224.0165,311.8263,217.3569,219.1286
466.1528,202.8441,471.6472,294.5755,224.4479,309.3820,218.9535,217.6507
469.8336,203.4462,474.0812,295.1105,226.7932,306.5694,222.5456,214.9052
468.2090,203.5948,471.7086,295.7979,230.0981,304.9684,226.5984,212.7652
469.0333,203.1474,472.8787,295.8375,230.7898,305.8811,226.9443,213.1910
469.8971,202.7899,473.9997,295.6196,231.1330,306.3530,227.0304,213.5233
467.9326,202.9964,471.9845,296.0519,232.9279,306.4612,228.8760,213.4056
467.6575,202.3742,472.2065,295.1688,233.4070,306.8753,228.8580,214.0807
469.1153,200.2487,474.6304,294.5671,233.9342,308.6415,228.4190,214.3231
469.1544,200.2795,474.5851,294.4034,233.2047,308.3303,227.7740,214.2063
467.3119,200.7789,472.5107,295.6874,235.1864,308.6874,229.9876,213.7789
468.8584,202.7661,473.1269,295.6314,235.1837,306.5683,230.9152,213.7030
468.9239,202.9165,473.0524,295.4229,235.6544,306.0177,231.5259,213.5113
470.1357,203.4995,473.8249,296.9661,237.1774,306.3067,233.4882,212.8400
471.2479,202.8063,474.7163,297.9859,238.0201,306.6112,234.5517,211.4315
472.7298,202.5548,477.1681,297.7567,238.0560,308.9039,233.6178,213.7021
471.8835,202.8426,476.1083,297.7697,238.3953,308.3491,234.1706,213.4220
467.4080,200.8831,474.2702,311.7829,242.9638,326.0956,236.1015,215.1958
464.5657,199.1110,473.3558,311.4437,243.4606,329.4332,234.6705,217.1004
463.1657,194.9640,474.1588,306.2564,246.2522,328.7681,235.2591,217.4757
460.3899,192.9805,475.1417,310.5815,245.4149,339.3982,230.6631,221.7972
462.0337,193.4010,475.6708,304.8541,247.6126,332.7587,233.9755,221.3055
460.1225,189.5501,478.2035,304.8275,247.7572,340.9724,229.6763,225.6950
463.7421,192.5866,476.3021,305.5296,247.6664,330.9555,235.1064,218.0124
463.7151,191.2527,477.2389,301.2714,247.6651,329.4910,234.1414,219.4723
463.7493,192.2303,477.1245,301.8458,245.8637,330.0640,232.4886,220.4484
461.3669,191.1442,476.7234,306.7852,247.0700,337.2818,231.7136,221.6409
460.0194,192.7602,474.6092,313.1811,250.6030,340.3208,236.0133,219.9000
461.0899,191.2636,475.2308,304.8267,248.0829,333.1111,233.9420,219.5480
461.1228,188.4399,477.4624,304.8880,248.4323,337.0247,232.0928,220.5766
462.8835,188.3676,478.0565,304.9687,247.0006,335.0355,231.8276,218.4343
463.8192,188.6516,478.6846,305.0163,247.4788,334.5523,232.6135,218.1876
465.3404,190.4364,478.5963,300.3494,247.4948,328.2210,234.2389,218.3080
462.4119,188.9847,477.6683,302.7332,248.1960,333.5110,232.9396,219.7625
460.6906,186.4659,478.3933,299.3621,247.2077,335.6133,229.5049,222.7171
462.4987,185.0797,480.8812,295.6376,245.6966,334.7418,227.3141,224.1839
458.3859,182.5620,480.1581,296.8934,245.4074,341.5972,223.6351,227.2658
456.4046,183.3818,478.4427,301.5778,247.7396,344.5932,225.7016,226.3972
462.5768,186.1030,479.8236,295.6200,244.4742,332.6828,227.2274,223.1658
455.2672,182.2857,478.5784,300.0106,249.6820,345.3352,226.3708,227.6104
458.4811,181.4279,479.7608,296.7758,247.6025,339.6051,226.3227,224.2572
461.1389,183.7395,481.9865,304.9731,250.2372,344.8252,229.3896,223.5916
462.1562,183.0448,481.8628,299.2622,250.7953,338.4434,231.0887,222.2260
461.0680,183.2141,481.0558,300.9980,251.7509,339.9107,231.7631,222.1268
462.1479,183.3831,482.0818,302.0415,251.7501,340.7359,231.8162,222.0774
463.1000,184.9250,482.5093,304.7689,251.3936,342.1992,231.9843,222.3553
462.0127,184.5258,481.5649,301.4692,251.9628,339.8573,232.4105,222.9138
463.4465,183.0087,483.4193,295.9985,248.8738,337.4583,228.9010,224.4684
461.2642,182.0747,482.7003,300.7189,253.0607,342.2090,231.6247,223.5648
459.5996,181.4277,481.8727,300.4018,253.0180,343.2456,230.7449,224.2715
465.2363,181.6678,484.4336,294.7452,248.5426,334.7927,229.3454,221.7153
460.5927,179.1646,483.4547,295.4318,251.9623,340.9509,229.1003,224.6837
461.9571,178.9792,484.9703,295.4383,252.4343,341.3891,229.4211,224.9300
459.2043,178.3297,483.7823,296.5734,254.8455,344.1600,230.2674,225.9164
458.7888,175.8414,485.2257,294.2301,257.1736,345.1556,230.7366,226.7670
460.3702,176.8079,485.7890,292.8397,254.6165,343.4821,229.1977,227.4503
458.2858,172.4940,488.0627,293.2096,259.5773,349.5701,229.8004,228.8546
460.8673,174.5852,488.4716,293.6459,256.2868,347.4779,228.6826,228.4172
460.7580,172.8475,489.5062,293.4287,256.4001,349.0043,227.6520,228.4231
467.8517,175.7635,490.7553,289.4480,250.6674,337.8177,227.7637,224.1332
475.2127,176.2125,490.6310,293.3549,244.4882,325.7521,229.0700,208.6097
475.3444,175.9480,491.0988,299.5478,248.7063,330.4439,232.9518,206.8441
489.4002,183.1488,491.4872,329.5841,230.7650,333.3001,228.6779,186.8648
485.6385,178.0091,497.0691,310.3685,238.2509,332.7202,226.8202,200.3608
483.0495,178.1988,492.5479,313.3445,238.5440,331.1966,229.0455,196.0509
488.8607,179.0647,501.4478,296.3115,236.9662,324.7051,224.3791,207.4584
486.1078,178.5018,499.3484,295.5887,237.5224,325.1968,224.2819,208.1100
486.4859,178.3859,499.4072,294.6812,231.0597,324.4965,218.1385,208.2012
479.9247,178.1586,496.0544,304.0343,242.3162,336.5484,226.1865,210.6727
480.8805,175.8981,496.0374,295.0841,236.7343,328.0598,221.5774,208.8737
475.3760,171.3073,494.3035,301.0534,245.5223,337.3458,226.5948,207.5996
480.7548,175.2213,493.5633,312.1937,235.8232,336.2953,223.0146,199.3230
481.2997,171.1390,496.8187,297.2289,236.7877,329.2332,221.2687,203.1433
477.2807,169.5969,494.6362,290.4655,240.1375,327.0090,222.7820,206.1404
462.3805,156.0827,498.2197,279.0540,256.5131,349.4979,220.6738,226.5266
461.1772,152.6204,497.9012,270.1049,255.5866,345.8490,218.8626,228.3645
461.3842,151.6901,497.6914,266.0467,258.5943,341.9578,222.2871,227.6012
461.1134,152.0488,497.6197,265.8134,257.3692,342.9081,220.8629,229.1435
457.5948,150.9780,497.0291,265.2249,260.0149,347.0344,220.5806,232.7875
461.1518,150.5552,499.5680,263.9665,260.6236,344.9049,222.2074,231.4936
456.0020,150.7991,497.4981,266.0765,266.8705,349.0949,225.3744,233.8175
458.8250,150.5476,498.2972,264.9510,264.1576,345.7353,224.6854,231.3319
458.1659,148.6860,499.4782,261.4200,265.7983,347.0539,224.4861,234.3199
453.0549,147.6688,498.0541,262.2338,268.2426,352.4998,223.2434,237.9348
451.2007,150.2076,494.7692,265.8305,269.9479,350.5468,226.3793,234.9238
447.4889,149.8307,493.2109,267.4268,270.6451,353.9616,224.9230,236.3655
447.0800,149.2512,493.5074,266.6525,271.1767,354.5753,224.7492,237.1740
453.7029,154.2741,492.0096,266.7660,266.3037,343.6254,227.9970,231.1335
452.2438,150.1440,495.7296,262.4126,268.4800,350.4349,224.9942,238.1663
450.5547,151.3248,494.3115,263.8811,270.2796,350.9746,226.5228,238.4184
449.6058,148.4674,496.5550,261.0730,271.3046,354.9878,224.3554,242.3822
449.9594,148.6598,496.4725,262.0287,269.9972,354.9473,223.4841,241.5785
451.7868,150.1427,496.9479,260.8157,271.9829,352.6147,226.8218,241.9417
451.7129,150.9211,495.9938,262.4097,268.9378,352.5915,224.6569,241.1029
450.8542,148.6967,497.2763,261.8284,271.4900,354.4767,225.0680,241.3451
455.8604,150.4728,497.9723,260.6328,267.7804,348.6304,225.6685,238.4704
451.5490,148.3207,497.5001,258.9151,271.7867,352.6972,225.8356,242.1028
456.4443,151.7648,498.2586,260.3477,269.5478,348.4221,227.7335,239.8392
456.0444,151.7767,498.2326,260.4224,267.5201,350.0103,225.3320,241.3646
455.5631,154.7698,494.9173,263.6685,267.4424,345.8742,228.0882,236.9756
455.0174,152.2102,498.7957,263.7030,267.3177,354.5942,223.5394,243.1014
446.9535,149.7893,497.4948,264.0488,270.9608,364.2534,220.4195,249.9938
456.9764,153.9048,496.9319,261.7082,267.2198,346.8471,227.2643,239.0437
454.1688,151.5818,498.9555,260.7336,267.8738,355.5501,223.0870,246.3983
454.0285,152.6237,497.9404,260.7831,269.5139,353.5225,225.6020,245.3631
447.1568,149.0890,497.0559,262.7787,271.2065,361.9055,221.3073,248.2157
449.0563,148.6697,498.0801,261.5840,271.3261,360.0334,222.3022,247.1192
447.8700,148.3973,497.8709,260.4769,270.8536,361.7538,220.8526,249.6742
456.0132,155.5152,495.8256,261.8211,265.2822,348.1616,225.4697,241.8556
450.4681,150.7512,497.5112,261.0114,270.9384,357.6799,223.8953,247.4197
454.7520,154.3768,494.9117,262.9499,265.5276,347.7960,225.3678,239.2230
451.7642,154.3639,496.2508,263.0746,267.7600,356.5774,223.2735,247.8667
450.1479,151.2203,497.5508,263.2906,270.7504,359.2216,223.3474,247.1513
451.7989,153.3417,497.0938,261.6880,268.6592,357.1867,223.3642,248.8404
439.8908,143.2398,498.6740,258.5192,273.6820,373.2468,214.8989,257.9674
445.5297,146.0827,498.8832,259.1301,273.3048,365.5935,219.9512,252.5461
445.2264,148.1217,498.5610,260.6845,273.3931,367.3738,220.0585,254.8110
447.1659,150.2879,496.6638,259.8954,272.2422,361.2424,222.7443,251.6350
442.9964,148.3020,496.6993,262.1412,275.7878,366.3547,222.0850,252.5155
451.5088,151.7992,496.6974,261.4470,271.5174,354.2493,226.3288,244.6015
448.4455,151.0623,496.7549,260.7388,272.8645,359.3562,224.5551,249.6797
450.1015,150.7379,497.8104,260.2124,273.7143,357.8734,226.0053,248.3989
442.2438,147.6268,497.4824,264.0688,277.0669,368.6312,221.8282,252.1892
445.6963,149.6810,496.8364,264.0074,276.7465,362.4573,225.6063,248.1310
441.2247,148.7441,495.0368,263.3537,279.6768,364.4707,225.8647,249.8611
442.6331,146.3455,497.6955,258.7341,274.7574,367.9578,219.6950,255.5692
444.8734,150.0779,495.5447,260.7183,278.1942,360.2610,227.5229,249.6206
449.4136,149.3109,498.3336,257.7192,273.8322,359.0269,224.9123,250.6186
447.1361,148.5463,497.9863,258.5111,274.6512,361.7864,223.8009,251.8216
445.2617,146.0252,499.8057,258.0944,275.5954,367.2174,221.0514,255.1481
456.4152,153.0287,497.7838,260.1280,272.1752,347.2724,230.8066,240.1731
455.9700,153.8584,497.7491,259.5373,268.7925,350.0529,227.0135,244.3741
450.3860,149.0968,499.3546,259.2645,271.9583,360.3404,222.9897,250.1727
449.0366,150.0281,498.2933,260.5927,275.8898,359.6739,226.6331,249.1094
445.6238,146.6120,498.6252,258.1282,275.3877,364.2283,222.3863,252.7121
448.3846,147.9226,498.8617,258.1274,275.5178,360.4255,225.0407,250.2206
451.5390,149.3073,499.5742,256.6144,274.4197,357.4033,226.3844,250.0963
448.8686,147.7672,499.4628,258.3706,275.4344,360.8498,224.8401,250.2464
448.6343,147.7078,499.4324,257.4093,276.8568,360.4745,226.0587,250.7731
448.5730,149.4991,498.2096,259.2903,275.9368,359.7798,226.3002,249.9885
449.8826,150.2727,498.5121,260.5923,275.0215,359.1085,226.3919,248.7888
446.7859,148.6552,499.1516,259.9776,279.1181,363.4807,226.7524,252.1583
447.7321,148.4270,498.9787,259.8009,273.7141,363.4521,222.4675,252.0783
444.1802,146.9352,499.0892,259.5388,277.2332,367.7227,222.3241,255.1191
453.2941,151.2693,499.8730,260.1539,269.6965,358.6193,223.1176,249.7348
448.8353,148.9693,499.6013,261.5630,273.1530,363.6636,222.3870,251.0699
449.8684,149.0438,499.6882,259.5224,274.1569,361.2246,224.3371,250.7459
446.8560,147.2900,500.3740,259.4467,276.7783,366.1404,223.2602,253.9836
450.1094,149.9240,498.9456,259.3870,274.8388,359.3707,226.0027,249.9076
450.6223,149.6691,500.8963,261.2901,273.3943,363.7568,223.1203,252.1358
456.9266,151.5233,500.5756,258.7068,272.1971,351.7109,228.5481,244.5274
457.1166,152.1564,498.8856,260.5020,271.2378,348.2639,229.4688,239.9183
452.6131,150.8782,500.9449,260.1577,276.4204,359.4598,228.0885,250.1803
455.4634,153.1261,500.7910,263.2299,273.5808,356.7677,228.2533,246.6638
464.6261,166.0826,496.6176,269.0928,264.0342,341.3253,232.0427,238.3151
450.7233,157.1220,496.0239,272.4662,266.6457,362.5529,221.3450,247.2088
453.5855,160.3644,496.7276,277.8910,266.1849,362.5194,223.0429,244.9928
452.6039,159.7290,496.3727,280.3866,265.9125,363.9865,222.1437,243.3289
451.5153,161.3289,494.2754,280.2367,270.1635,360.8289,227.4035,241.9210
451.9482,160.2389,494.7643,277.6478,268.8121,360.0470,225.9960,242.6382
451.8663,160.1104,496.3218,278.5400,273.4714,362.1925,229.0159,243.7629
450.8668,160.6473,496.4587,279.6983,275.7150,364.2346,230.1231,245.1836
452.7486,161.1788,497.0710,279.3222,274.7532,362.7263,230.4308,244.5829
454.4931,161.2788,497.5446,279.9435,275.4185,360.5306,232.3671,241.8658
453.2147,159.8655,498.3930,279.0168,276.8621,363.0142,231.6837,243.8628
458.1528,164.2572,497.8799,280.8120,276.3980,356.3029,236.6710,239.7481
455.5638,161.4402,499.9416,280.2802,280.3679,362.2746,235.9900,243.4347
463.1102,167.2824,499.6332,282.3660,277.0541,353.0039,240.5311,237.9202
463.8407,168.7395,499.6172,286.1926,277.6122,353.8159,241.8356,236.3628
478.4708,182.5576,499.7888,300.5160,275.4703,341.0559,254.1523,223.0975
479.0773,175.1449,506.5074,302.6461,272.3082,353.0309,244.8781,225.5296
484.7194,178.5582,507.6407,305.6613,271.2791,348.2857,248.3579,221.1825
503.1745,193.2684,509.4101,295.4957,267.2285,310.2681,260.9930,208.0408
491.1323,178.1253,513.1310,305.9828,272.3102,347.4177,250.3115,219.5601
494.6791,179.6186,513.4711,304.2247,273.7690,340.3745,254.9770,215.7683
492.1877,178.8295,513.5255,306.1057,276.2415,345.8863,254.9036,218.6100
509.4761,194.5101,513.5685,297.1042,270.6971,306.7920,266.6048,204.1979
512.0167,196.2864,515.0146,296.2837,271.2624,303.5914,268.2645,203.5941
492.7927,177.0286,515.7778,301.3023,279.8756,344.9336,256.8905,220.6599
496.3546,170.0474,508.7260,313.7502,282.2395,333.2485,269.8680,189.5457
509.0328,195.8745,504.8951,315.5158,284.1069,307.8801,288.2446,188.2387
506.3611,198.4807,510.8785,310.8399,285.2661,319.9107,280.7486,207.5515
496.3280,186.1417,515.0394,308.0441,286.5374,343.1180,267.8260,221.2156
501.8782,191.9147,515.4083,305.7332,296.8969,331.7086,283.3668,217.8902
505.4217,194.7164,517.2827,308.4832,297.8491,331.3607,285.9881,217.5939
506.9729,193.9574,520.0119,307.7082,304.5920,332.4014,291.5530,218.6506
521.8846,202.8241,525.7775,305.2170,304.6491,313.6243,300.7562,211.2314
535.1836,202.7949,537.9536,303.7955,305.4424,310.1720,302.6725,209.1715
548.0748,202.0068,550.7814,305.4812,308.4190,311.8206,305.7125,208.3461
550.7495,193.6270,556.9364,294.0759,314.3479,309.0175,308.1610,208.5686
553.5378,185.7896,564.3235,288.3952,327.1574,313.3257,316.3717,210.7201
557.7162,190.8327,565.4977,290.6411,332.3954,308.8146,324.6140,209.0062
561.9220,189.8503,569.6791,289.7069,332.3940,308.1399,324.6369,208.2832
562.1950,190.6095,569.4866,290.5005,337.1049,307.4634,329.8133,207.5724
564.1809,195.8552,567.7632,294.4299,336.9156,302.8191,333.3333,204.2444
562.5759,191.9748,567.3718,293.8332,344.2006,304.3409,339.4047,202.4826
562.9763,188.2429,568.8320,294.4398,348.2383,306.6033,342.3826,200.4064
562.6519,189.5517,567.2676,294.1219,350.4388,303.6927,345.8231,199.1225
569.4877,197.0372,568.4828,298.9929,349.5030,296.8347,350.5078,194.8790
573.3187,205.7352,568.2252,302.6144,348.7912,291.0774,353.8847,194.1982
573.5244,203.3402,570.3687,307.0546,353.0193,300.4415,356.1750,196.7270
572.5245,202.7327,569.9440,304.6307,356.1297,299.2158,358.7103,197.3178
572.3716,205.1574,567.3596,309.3053,357.3110,299.1970,362.3230,195.0491
570.9548,202.5443,568.4650,305.6235,360.4388,300.5989,362.9285,197.5197
565.8889,198.4244,569.7478,306.1707,368.5173,313.3777,364.6584,205.6313
568.8736,196.0958,582.8380,300.2825,384.1458,326.9138,370.1813,222.7271
578.7074,203.1413,586.8627,304.1717,387.1981,320.2888,379.0428,219.2584
561.6129,187.8464,587.9785,292.5801,402.8566,339.1826,376.4910,234.4488
562.2966,184.7723,591.3524,302.9389,418.5390,345.4316,389.4832,227.2651
590.2007,209.1878,597.1887,325.1790,412.8366,336.2854,405.8487,220.2942
566.5820,167.5533,628.6434,295.8950,470.2170,372.5042,408.1556,244.1626
626.4208,257.3796,603.3262,363.3400,424.0333,324.2621,447.1280,218.3017
621.9839,248.9122,603.5700,362.9417,435.3390,335.7751,453.7529,221.7457
547.8291,138.9062,666.8168,237.2632,547.2714,381.8837,428.2837,283.5266
559.3102,132.2852,672.7347,232.4980,552.2754,368.8383,438.8508,268.6255
561.6052,130.8575,665.4719,218.8549,554.6741,349.6338,450.8074,261.6364
557.4952,132.1867,658.1883,211.2842,561.4889,334.3849,460.7958,255.2874
545.0377,131.5734,665.1254,209.3264,581.5245,338.4458,461.4369,260.6928
532.9894,134.8145,649.9696,187.2758,587.6263,326.2911,470.6462,273.8298
651.5291,157.8780,657.4916,272.1364,497.6569,280.4772,491.6944,166.2188
530.7803,139.0851,650.5437,182.4597,597.7491,328.2326,477.9857,284.8578
573.7515,132.9051,672.1147,238.5622,559.5761,343.3320,461.2128,237.6749
634.5679,146.2261,657.3423,237.4027,505.2219,275.3999,482.4474,184.2234
630.1290,141.2072,660.1333,231.6529,502.5917,283.9156,472.5873,193.4699
640.2313,148.2836,659.6290,234.9024,494.2534,271.9370,474.8558,185.3182
641.9848,145.4084,668.6224,254.2675,499.1720,295.7318,472.5343,186.8726
2
0
0
0
0
1
871.9157,231.8021,867.6946,302.9204,709.9304,293.5566,714.1515,222.4383
873.4945,232.0734,867.1335,304.8867,709.9810,291.1578,716.3420,218.3446
876.1022,232.7397,868.6606,305.3379,703.6567,288.4243,711.0983,215.8261
886.7490,248.1953,870.9778,316.9496,695.3455,276.6624,711.1167,207.9081
892.0392,255.7819,872.1403,324.0588,694.5069,272.2886,714.4058,204.0117
893.4441,258.4304,872.7642,326.6335,693.6437,272.3222,714.3236,204.1192
896.1861,259.2207,875.1712,328.1325,695.2928,273.2780,716.3077,204.3662
899.8708,263.8045,876.8046,331.8333,692.4988,269.3415,715.5651,201.3126
892.8221,259.0099,870.7063,328.3530,693.2767,271.7647,715.3926,202.4216
891.1324,252.8208,872.4379,322.6024,696.4869,275.4653,715.1813,205.6836
897.1454,249.9778,881.3544,319.1143,696.4108,276.8724,712.2018,207.7360
905.9482,246.1188,892.7363,316.4424,698.9158,280.0289,712.1277,209.7052
910.0099,242.5385,898.6325,314.4746,703.3791,283.5935,714.7565,211.6574
916.1871,239.8278,904.7131,316.0378,703.5072,285.7448,714.9811,209.5348
920.7114,241.6797,908.4462,318.6355,704.0864,286.0649,716.3515,209.1091
922.0490,240.6497,908.7131,320.2411,706.2264,286.3135,719.5623,206.7222
925.7541,243.1500,910.8965,322.6378,708.2892,284.7673,723.1468,205.2795
926.8983,244.4741,910.8569,323.0942,711.7421,282.4677,727.7833,203.8476
930.9622,245.1661,912.8861,325.1672,714.9860,280.4521,733.0620,200.4510
934.6326,245.1181,917.5895,324.1545,715.7136,280.6230,732.7567,201.5866
945.9827,247.9575,928.9420,326.4983,717.1056,280.5371,734.1462,201.9963
957.2522,249.9157,939.7501,328.6710,716.8783,279.1412,734.3804,200.3859
961.0485,250.8633,942.7560,331.7899,718.4856,281.0962,736.7781,200.1696
960.8786,250.2984,941.7258,330.4594,720.0155,277.4861,739.1683,197.3252
961.1066,247.7746,941.6288,330.8993,723.4329,279.7716,742.9106,196.6469
962.7981,248.9502,943.6227,329.0180,725.7134,276.8309,744.8889,196.7631
962.0385,245.5593,942.9722,330.6807,727.7249,282.4674,746.7913,197.3461
967.1974,246.0040,947.0364,333.3056,730.1881,283.2278,750.3491,195.9261
973.0961,250.6115,947.1595,343.0122,733.4067,283.0126,759.3433,190.6119
973.7067,251.3830,944.8411,348.0722,733.6825,285.0330,762.5480,188.3438
