1
221.2476,323.2245,172.0590,311.7471,197.1675,204.1391,246.3562,215.6164
185.0000,324.0000,185.0000,209.0000,233.0000,209.0000,233.0000,324.0000
222.7765,324.8752,174.6687,317.5862,191.0871,209.2253,239.1948,216.5144
227.5608,298.3453,181.6879,295.9309,186.1243,211.6382,231.9972,214.0525
225.8483,299.8207,179.5034,295.9586,186.2552,214.9379,232.6000,218.8000
219.9513,318.3081,170.7054,310.5324,185.5270,216.6622,234.7730,224.4379
221.9090,330.3347,170.9640,326.8612,177.9172,224.8807,228.8622,228.3542
221.4292,324.4193,170.8400,321.1200,176.9148,227.9727,227.5040,231.2720
179.0000,332.0000,179.0000,232.0000,224.0000,232.0000,224.0000,332.0000
182.0000,335.0000,182.0000,231.0000,225.0000,231.0000,225.0000,335.0000
226.4523,335.8585,182.1446,333.3969,187.9169,229.4954,232.2246,231.9569
216.4865,339.0811,169.7838,331.2973,187.5135,224.9189,234.2162,232.7027
216.6999,337.9709,166.7774,330.7358,182.4347,222.7007,232.3571,229.9358
216.3930,338.9540,167.1801,332.6039,181.4647,221.8987,230.6776,228.2488
213.5769,340.1154,163.9615,330.1923,186.7692,216.1539,236.3846,226.0770
214.1891,339.7192,161.5816,325.1060,192.7851,212.7737,245.3925,227.3868
225.1910,329.8438,171.9238,322.3414,186.7536,217.0497,240.0208,224.5522
228.6285,333.7974,168.9933,319.9287,196.5818,201.2981,256.2170,215.1667
208.7687,329.0054,170.8179,230.0032,237.1100,204.5912,275.0608,303.5934
240.5649,334.7760,180.2986,326.5203,196.7528,206.4045,257.0192,214.6602
248.6946,329.5623,183.8757,322.2440,196.6566,209.0419,261.4755,216.3601
247.3455,335.2063,189.9721,329.6896,201.5405,209.3789,258.9139,214.8955
201.3380,328.1109,196.6447,215.4731,255.4177,213.0243,260.1109,325.6620
216.7220,337.0235,201.0038,225.2495,251.8116,218.1046,267.5298,329.8786
271.8412,345.0647,208.2941,340.1765,217.2470,223.7882,280.7941,228.6765
260.2347,344.0310,214.3167,341.5264,220.6480,225.4536,266.5659,227.9582
259.0832,346.0568,212.6734,339.7282,228.6349,222.6775,275.0446,229.0061
270.2000,344.6000,217.4200,337.0600,233.8600,221.9800,286.6400,229.5200
278.0102,330.8578,222.7919,326.9137,230.2386,222.6599,285.4568,226.6041
287.9276,323.2310,231.7690,319.9276,237.5690,221.3276,293.7276,224.6311
292.7826,338.3035,236.5727,337.2226,238.7812,222.3804,294.9911,223.4614
294.4865,334.7076,237.2944,328.4685,249.1689,219.6184,306.3610,225.8576
296.4216,337.9763,241.0690,332.6196,252.0948,218.6866,307.4474,224.0433
250.0000,335.0000,250.0000,221.0000,307.0000,221.0000,307.0000,335.0000
262.2769,339.2154,248.0308,225.2462,306.0000,218.0000,320.2462,331.9693
258.8662,339.5154,256.0172,222.7069,315.8109,221.2485,318.6599,338.0571
260.9211,341.1420,254.9994,226.6552,318.7943,223.3554,324.7160,337.8423
276.1680,341.5702,256.8286,232.7860,314.3873,222.5534,333.7267,331.3375
274.7898,343.2237,247.3494,241.9054,312.0999,224.3688,339.5403,325.6871
277.0696,337.1318,274.7221,231.4951,332.0494,230.2211,334.3969,335.8578
278.2000,336.4000,272.2069,234.5172,330.5345,231.0862,336.5276,332.9690
282.0859,336.1232,279.9475,233.4803,334.6738,232.3401,336.8121,334.9831
283.7112,335.5017,279.2046,234.1020,333.8965,231.6713,338.4032,333.0710
292.6916,334.9745,272.4358,239.4833,324.5457,228.4297,344.8014,323.9209
282.8683,331.4935,281.1302,232.4188,334.4120,231.4840,336.1502,330.5588
284.3790,335.5811,279.2095,232.1895,328.7855,229.7107,333.9551,333.1023
280.0000,333.0000,280.0000,230.0000,331.0000,230.0000,331.0000,333.0000
303.8763,339.7217,262.6804,247.0309,309.6289,226.1650,350.8248,318.8557
309.4001,344.8000,261.0000,248.0000,307.0000,225.0000,355.4001,321.8000
316.8247,345.6862,261.9915,247.5636,305.6289,223.1780,360.4622,321.3006
320.7869,343.6996,256.7357,253.4457,300.7578,222.2042,364.8090,312.4581
319.7038,338.9552,256.1382,252.6877,300.1759,220.2388,363.7415,306.5063
317.5376,339.0058,254.5896,253.1676,299.3729,220.3266,362.3209,306.1648
314.1176,342.5294,256.1471,245.9118,302.1765,218.2941,360.1471,314.9118
311.6091,341.7996,256.7208,243.4582,302.5934,217.8549,357.4816,316.1964
303.4406,336.3841,255.2257,242.2503,298.5829,220.0429,346.7979,314.1768
292.4124,334.0722,255.3247,237.6444,297.2732,221.5103,334.3608,317.9382
290.1796,337.0801,253.4974,241.2988,304.3198,221.8350,341.0020,317.6163
283.4000,341.8000,239.0000,253.0000,293.4000,225.8000,337.8000,314.6000
274.2000,342.6000,241.8000,245.4000,297.6000,226.8000,330.0000,324.0000
269.2435,342.4665,236.1409,247.0532,293.5565,227.1335,326.6591,322.5468
259.3049,340.7439,247.8781,237.9024,311.7561,230.8049,323.1829,333.6464
257.7054,342.5148,241.3947,238.1258,303.9304,228.3546,320.2412,332.7436
264.7788,345.2753,224.3377,246.0106,277.3212,224.4247,317.7624,323.6894
262.5000,348.5000,227.0000,242.0000,275.6000,225.8000,311.1000,332.3000
264.5022,349.1865,217.2984,246.1965,262.1650,225.6327,309.3687,328.6227
264.9238,349.4988,206.0748,252.0303,249.0501,226.0829,307.8990,323.5515
269.1724,345.9310,197.6724,261.4310,236.4931,228.5827,307.9931,313.0827
267.7705,346.5245,194.9836,259.1803,234.2295,226.4754,307.0164,313.8196
247.1229,344.1324,195.1843,249.6987,240.7121,224.6584,292.6507,319.0922
237.0129,340.1150,187.1192,247.1312,232.1908,222.9464,282.0845,315.9302
222.7877,339.9833,189.4191,238.1214,234.3554,223.4008,267.7240,325.2628
214.4923,337.9592,175.2012,240.5855,223.3298,221.1652,262.6210,318.5389
199.9611,331.5545,172.5729,234.6425,230.7724,218.1948,258.1606,315.1068
205.5065,346.2144,149.1568,249.3633,201.3179,219.0151,257.6676,315.8661
189.2336,334.6423,153.8467,237.3285,215.4306,214.9343,250.8175,312.2481
184.4278,340.8335,159.3783,233.4784,204.7102,222.9009,229.7598,330.2560
194.0994,344.6045,128.4665,258.2455,173.9280,223.6947,239.5608,310.0537
188.9628,337.4005,129.8196,251.3740,172.5995,221.9628,231.7427,307.9894
189.8316,336.6208,120.1323,264.8715,160.4977,225.6594,230.1970,297.4087
189.2728,336.6735,113.3945,268.5379,154.1379,223.1646,230.0161,291.3002
152.9590,334.3481,130.7563,227.3713,181.0249,216.9382,203.2276,323.9150
149.7622,341.2270,115.7514,230.6919,171.5459,213.5243,205.5567,324.0594
145.3855,338.8137,111.7711,227.6273,171.1571,209.6734,204.7715,320.8598
131.0000,330.0000,131.0000,218.0000,208.0000,218.0000,208.0000,330.0000
128.0309,331.1185,126.9016,217.0604,204.0822,216.2962,205.2115,330.3544
127.1003,334.4088,123.6793,218.0977,171.8729,216.6802,175.2939,332.9913
127.9800,338.1400,100.1110,223.5676,149.1807,211.6317,177.0496,326.2041
137.5070,340.4386,91.6862,230.1823,138.0877,210.8986,183.9085,321.1549
143.0774,340.2208,93.0102,228.1656,132.8272,210.3751,182.8943,322.4302
128.7250,340.7898,101.3969,220.5462,142.3281,211.2436,169.6562,331.4872
124.8106,341.4550,93.7785,219.3953,140.1538,207.6050,171.1859,329.6646
122.7615,339.7923,89.5769,218.1154,140.0077,204.3615,173.1923,326.0385
109.7763,331.8335,100.1590,210.0137,168.4439,204.6228,178.0612,326.4426
182.8678,324.9182,100.9490,323.8260,102.4686,209.8596,184.3873,210.9518
184.0535,329.4977,97.5970,325.3008,103.2656,208.5274,189.7221,212.7243
179.5892,328.3457,97.6440,324.4060,103.2127,208.5775,185.1579,212.5172
107.1344,324.5059,96.9826,210.8051,170.8934,204.2059,181.0452,317.9067
118.8832,327.8589,83.2370,216.9595,142.1503,198.0231,177.7965,308.9225
118.4848,331.1783,79.3937,218.2483,135.7900,198.7265,174.8811,311.6565
108.4332,328.9509,90.1856,209.3276,148.1917,200.4792,166.4394,320.1025
103.3211,317.5731,97.9716,203.8955,154.7869,201.2218,160.1364,314.8995
104.0000,309.0000,104.0000,198.0000,158.0000,198.0000,158.0000,309.0000
158.5513,310.0314,104.6889,308.4236,108.0336,196.3741,161.8961,197.9820
107.0000,307.0000,107.0000,194.0000,162.0000,194.0000,162.0000,307.0000
115.2686,307.8184,110.0076,193.8304,168.7593,191.1188,174.0203,305.1068
117.0000,304.0000,117.0000,193.0000,168.0000,193.0000,168.0000,304.0000
122.0000,305.0000,122.0000,193.0000,170.0000,193.0000,170.0000,305.0000
133.5095,308.5789,119.9432,195.5268,176.5284,188.7366,190.0947,301.7887
143.5493,313.7430,115.6782,199.9360,165.6409,187.7002,193.5120,301.5073
148.3143,312.4973,126.4841,194.6141,167.7719,186.9682,189.6021,304.8515
146.9476,311.6070,130.8865,191.1485,177.0655,184.9913,193.1266,305.4498
157.1169,312.9131,122.0578,195.5412,167.1632,182.0681,202.2224,299.4401
160.6177,316.1481,112.6732,201.9273,165.8265,179.6160,213.7710,293.8368
212.2195,300.3914,145.7036,297.2240,151.2172,181.4389,217.7330,184.6064
151.5703,305.4924,106.2171,206.6873,173.0260,176.0209,218.3792,274.8260
153.4493,304.0640,108.2935,207.5240,178.0484,174.8967,223.2043,271.4367
201.3176,299.2426,150.3135,294.6887,160.4828,180.7931,211.4869,185.3470
160.8288,296.2607,153.7626,183.2023,203.3813,180.1011,210.4475,293.1595
179.7465,302.2801,130.3177,205.2532,189.6843,175.0099,239.1131,272.0367
190.3594,300.8925,144.5951,197.0428,196.4561,174.1889,242.2204,278.0385
203.9296,300.9006,147.3507,198.7443,196.0448,171.7752,252.6236,273.9315
207.0853,295.4547,153.7807,195.1165,200.9155,170.0762,254.2201,270.4143
205.3848,293.9011,159.1254,189.4445,207.6035,167.9756,253.8628,272.4322
188.1561,290.5807,168.2128,177.0572,220.8190,167.8156,240.7623,281.3391
184.3959,284.8168,175.2153,173.1193,237.2075,168.0240,246.3881,279.7215
181.2524,285.5882,165.3634,176.6345,236.8636,166.2074,252.7527,275.1611
184.6833,284.7532,164.3481,179.0100,235.8203,165.2654,256.1555,271.0085
192.1301,282.4890,188.9180,171.6690,248.3608,169.9460,251.5729,280.7660
204.1277,283.2156,181.5066,178.5932,236.0642,166.7969,258.6853,271.4194
213.4466,284.6961,186.3546,178.0211,232.6540,166.2625,259.7460,272.9375
203.0706,282.9176,194.4470,170.8118,240.0235,167.3059,248.6470,279.4118
206.3436,282.0129,197.2021,170.7916,241.2198,167.1737,250.3613,278.3950
213.6154,284.0769,191.0385,171.1923,237.3846,161.9231,259.9615,274.8077
215.5997,284.3465,186.0903,174.0744,236.2713,160.6457,265.7808,270.9178
208.4165,276.9983,196.9180,166.6127,260.1692,160.0240,271.6677,270.4096
206.4034,272.6895,190.6553,167.7017,257.7946,157.6308,273.5428,262.6186
206.0313,271.2567,176.3153,177.4168,240.8596,156.9778,270.5756,250.8177
208.6518,263.9581,188.0299,170.3663,251.3781,156.4082,272.0000,250.0000
212.8098,272.1234,186.9511,172.3830,245.4627,157.2134,271.3213,256.9537
220.6987,274.1843,191.3062,172.9434,244.1430,157.6036,273.5355,258.8445
222.7692,270.8461,201.9615,166.8077,248.6923,157.4615,269.5000,261.5000
223.1892,268.1351,205.7838,163.7027,252.3243,155.9459,269.7297,260.3784
237.9892,275.5034,205.1697,169.4713,250.1247,155.5567,282.9442,261.5887
249.2115,271.2268,206.9682,173.4001,249.2634,155.1363,291.5067,252.9630
238.0559,270.7908,210.7329,167.2510,256.0104,155.3028,283.3334,258.8426
231.3145,269.1256,214.0900,162.6472,260.8660,155.0805,278.0905,261.5589
230.0580,269.9932,216.8976,158.1297,263.1400,152.6895,276.3004,264.5529
263.5117,264.3470,217.6294,260.8176,225.6294,156.8176,271.5117,160.3470
264.2376,265.6237,219.1881,261.1188,229.4456,158.5446,274.4951,163.0495
260.5208,268.7659,217.1422,260.5033,237.0547,155.9629,280.4333,164.2254
260.1202,266.6953,218.2554,256.7275,241.7854,157.9013,283.6502,167.8691
263.9478,260.5245,222.5508,250.5585,244.5265,159.2749,285.9235,169.2408
272.8318,263.2930,227.9329,258.6483,237.7870,163.3918,282.6859,168.0365
233.1881,254.0887,231.1519,166.5313,281.1016,165.3697,283.1378,252.9270
234.1742,256.2216,227.0776,165.7390,282.5208,161.3905,289.6175,251.8732
234.1185,256.3425,225.9631,163.9150,288.0095,158.4403,296.1649,250.8678
236.0888,256.2130,229.2243,162.3982,291.7675,157.8219,298.6320,251.6367
241.0000,256.0000,241.0000,161.0000,296.0000,161.0000,296.0000,256.0000
245.7462,259.6628,226.3975,164.6783,283.8647,152.9720,303.2134,247.9565
253.0282,258.8115,230.9640,165.4630,281.8312,153.4399,303.8954,246.7884
260.0104,260.8394,235.5285,167.8083,283.2746,155.2435,307.7565,248.2746
253.0654,259.7979,245.2290,164.1944,291.9805,160.3623,299.8169,255.9659
251.0000,257.0000,251.0000,161.0000,296.0000,161.0000,296.0000,257.0000
258.0000,260.0000,258.0000,159.0000,299.0000,159.0000,299.0000,260.0000
260.0000,257.0000,260.0000,157.0000,301.0000,157.0000,301.0000,257.0000
261.0000,257.0000,261.0000,159.0000,304.0000,159.0000,304.0000,257.0000
264.0000,256.0000,264.0000,159.0000,307.0000,159.0000,307.0000,256.0000
266.0000,256.0000,266.0000,160.0000,309.0000,160.0000,309.0000,256.0000
272.9646,258.4691,266.6239,163.3584,311.0929,160.3938,317.4336,255.5044
272.0000,260.0000,272.0000,162.0000,315.0000,162.0000,315.0000,260.0000
314.8241,260.9897,270.5655,258.3862,276.6207,155.4483,320.8793,158.0518
313.8524,260.6229,268.4098,256.4918,277.9590,151.4508,323.4016,155.5819
317.9110,253.4041,270.8274,251.6603,274.4507,153.8315,321.5343,155.5754
267.0000,253.0000,267.0000,157.0000,324.0000,157.0000,324.0000,253.0000
274.4166,258.8952,263.3771,162.2998,318.4859,156.0016,329.5254,252.5971
334.7791,251.3447,264.7060,247.7816,269.2946,157.5404,339.3676,161.1034
264.0454,251.0441,262.6790,159.4973,336.7223,158.3922,338.0887,249.9390
263.4862,254.5848,253.7737,163.0089,328.7784,155.0538,338.4910,246.6297
267.6463,254.8171,257.4756,163.2805,329.2561,155.3049,339.4268,246.8414
271.2702,254.6467,264.2797,160.2756,330.3615,155.3806,337.3520,249.7517
276.0719,254.7413,274.6101,158.2635,330.6427,157.4145,332.1045,253.8924
280.2473,257.3287,274.5110,156.9422,323.5224,154.1416,329.2588,254.5281
282.4670,257.8333,276.0218,146.9755,315.8754,144.6584,322.3207,255.5162
280.7896,256.5815,275.5068,145.6425,315.1313,143.7556,320.4141,254.6946
280.7738,257.2489,275.7987,152.7715,315.4706,150.8824,320.4457,255.3597
285.9774,254.0634,273.6914,152.7041,314.4860,147.7593,326.7719,249.1186
281.4287,252.7166,276.5177,152.8598,318.3183,150.8040,323.2293,250.6609
279.1527,251.1641,277.4249,147.4929,321.3460,146.7609,323.0739,250.4321
313.9400,251.5414,276.7812,250.9115,278.5686,145.4503,315.7274,146.0802
310.7348,251.0387,275.2542,249.1713,280.6602,146.4558,316.1409,148.3232
276.5246,250.2660,275.4170,148.3650,312.9561,147.9570,314.0637,249.8580
279.1087,252.0276,274.7371,150.3876,313.7724,148.7087,318.1440,250.3487
281.6334,252.6066,274.7402,148.0611,314.3702,145.4481,321.2633,249.9936
279.4187,253.9100,268.1277,151.1618,313.2531,146.2030,324.5441,248.9512
325.9109,252.8911,274.5247,247.7525,284.3465,149.5347,335.7327,154.6733
274.5752,256.6283,267.7788,154.6814,320.1460,151.1902,326.9425,253.1372
319.0357,264.0860,271.4676,254.6976,292.4216,148.5306,339.9897,157.9190
316.4424,264.9996,273.2180,257.5185,292.2165,147.7490,335.4409,155.2302
318.4803,261.6259,277.4192,258.4055,286.0871,147.8892,327.1483,151.1097
316.0427,261.0517,278.3371,257.4607,289.2360,143.0225,326.9416,146.6135
307.0000,262.0000,273.9189,256.4865,293.2162,140.7027,326.2973,146.2162
311.2559,261.4009,274.2823,255.4852,292.1232,143.9797,329.0967,149.8955
311.4846,263.8945,273.2054,257.0777,293.3982,143.6873,331.6774,150.5042
312.0769,265.6154,271.8846,257.5769,294.6538,143.7308,334.8462,151.7693
314.9906,267.4776,270.1071,258.8698,291.6532,146.5225,336.5367,155.1303
271.0000,262.0000,271.0000,153.0000,320.0000,153.0000,320.0000,262.0000
322.6194,269.2529,268.5175,263.1569,280.6891,155.1339,334.7910,161.2299
325.5735,266.9532,269.5478,264.5521,274.1055,158.2046,330.1312,160.6057
323.4962,274.9296,269.4302,263.2951,292.4257,156.4334,346.4917,168.0678
274.0000,265.0000,274.0000,160.0000,330.0000,160.0000,330.0000,265.0000
328.3084,271.1483,274.4535,264.2941,288.1757,156.4769,342.0306,163.3311
276.0000,267.0000,276.0000,161.0000,331.0000,161.0000,331.0000,267.0000
278.0000,267.0000,278.0000,159.0000,328.0000,159.0000,328.0000,267.0000
280.1299,268.5106,274.4874,159.4231,317.7338,157.1862,323.3763,266.2737
280.3814,268.5989,274.7120,158.6128,312.6730,156.6561,318.3424,266.6422
276.6864,270.3199,275.5672,157.2815,311.9497,156.9213,313.0689,269.9597
310.3950,274.3292,274.8803,273.7828,276.6837,156.5644,312.1983,157.1108
310.3022,280.3585,274.7875,279.8121,276.6988,155.5800,312.2134,156.1264
279.2530,282.4103,276.9327,159.4352,311.9014,158.7754,314.2217,281.7505
278.0000,285.0000,278.0000,159.0000,315.0000,159.0000,315.0000,285.0000
313.9415,285.7850,274.4593,284.4905,278.6000,158.2000,318.0822,159.4945
273.2095,286.3109,270.9527,164.4453,315.9373,163.6123,318.1940,285.4779
299.1765,293.2941,253.5294,281.8824,283.6471,161.4118,329.2941,172.8235
270.6840,290.7669,264.0267,166.4986,310.7854,163.9936,317.4426,288.2620
269.3692,286.3539,261.2840,169.1183,308.1302,165.8876,316.2154,283.1231
266.0000,286.0000,266.0000,167.0000,310.0000,167.0000,310.0000,286.0000
269.1243,287.3619,262.9144,169.3729,303.2238,167.2514,309.4337,285.2404
270.1389,287.7505,264.1543,169.2548,299.6496,167.4622,305.6342,285.9579
272.2229,287.7195,262.4111,168.0155,297.5683,165.1338,307.3802,284.8377
263.0000,286.0000,263.0000,166.0000,296.0000,166.0000,296.0000,286.0000
261.7212,286.1708,260.6000,166.2000,294.9334,165.8791,296.0547,285.8499
291.9688,285.1860,257.2369,284.8455,258.4144,164.7394,293.1463,165.0799
286.7860,289.6712,251.9677,288.3573,256.6602,164.0060,291.4785,165.3199
283.9636,290.8092,250.6977,289.3107,256.2595,165.8405,289.5253,167.3390
281.9315,292.9735,249.2116,291.4517,255.0011,166.9768,287.7210,168.4986
250.0000,294.0000,250.0000,169.0000,284.0000,169.0000,284.0000,294.0000
248.0000,295.0000,248.0000,170.0000,284.0000,170.0000,284.0000,295.0000
282.1533,290.1899,243.8970,289.5922,245.7906,168.4030,284.0469,169.0008
279.4745,292.8669,240.8902,291.7321,244.5324,167.8980,283.1167,169.0328
244.0348,294.2810,237.5281,179.3286,276.7233,177.1100,283.2300,292.0624
238.0000,298.0000,238.0000,179.0000,278.0000,179.0000,278.0000,298.0000
234.0000,302.0000,234.0000,180.0000,277.0000,180.0000,277.0000,302.0000
276.7740,301.3997,228.9250,300.7783,230.4982,179.6429,278.3472,180.2643
229.1990,301.7099,224.1483,182.1768,273.5952,180.0876,278.6459,299.6206
228.3836,304.8300,220.3608,182.8842,271.3506,179.5296,279.3734,301.4755
228.7793,309.1286,217.9046,181.7399,269.0805,177.3712,279.9551,304.7599
230.0558,303.8706,213.8651,183.1766,264.1433,176.4320,280.3340,297.1259
232.5877,303.7854,210.7603,183.0072,256.6472,174.7144,278.4746,295.4926
230.3485,304.9603,208.5122,182.1312,253.7061,174.0967,275.5424,296.9258
222.5679,306.5883,207.8131,178.7139,253.2467,173.4715,268.0015,301.3460
216.8568,306.5662,207.2851,177.3493,253.4762,173.9277,263.0478,303.1446
217.0902,306.9918,205.4263,178.6885,250.3279,174.6066,261.9919,302.9098
209.9822,307.4673,205.5727,175.1809,251.1554,173.6615,255.5649,305.9478
245.8179,311.6409,200.3815,309.3691,207.0898,175.2045,252.5262,177.4763
204.0000,313.0000,204.0000,183.0000,249.0000,183.0000,249.0000,313.0000
246.7313,313.0178,199.6861,311.8704,202.8472,182.2646,249.8924,183.4120
246.5478,312.6624,196.6828,310.8816,201.2191,183.8650,251.0841,185.6459
244.0884,314.6796,191.6146,311.6288,199.0678,183.4341,251.5416,186.4850
246.3872,314.7720,191.6592,312.8848,196.1033,184.0036,250.8314,185.8907
192.0905,314.1688,188.4821,187.8719,244.2365,186.2790,247.8450,312.5758
194.2284,313.5623,186.2377,188.9079,242.6086,185.2943,250.5993,309.9488
196.2388,312.1760,178.0969,192.4399,232.4847,184.1993,250.6266,303.9354
198.8813,311.8557,172.4608,196.2661,227.8255,183.6114,254.2459,299.2009
203.2604,310.0813,168.9307,198.9185,225.2103,181.5380,259.5400,292.7009
183.1415,309.5477,176.2769,185.9846,231.3846,182.9231,238.2492,306.4861
181.8977,306.4060,180.3982,180.4476,232.6765,179.8253,234.1760,305.7836
181.0000,305.0000,181.0000,179.0000,233.0000,179.0000,233.0000,305.0000
184.1045,308.9709,180.7080,179.9024,231.3045,178.5709,234.7010,307.6394
185.4341,314.4649,178.4859,178.9751,229.6335,176.3522,236.5816,311.8420
188.4045,315.2472,175.6809,181.6494,228.4876,176.6202,241.2112,310.2180
204.5860,315.1843,171.0183,190.0683,223.7359,175.9246,257.3036,301.0405
192.5352,316.3601,175.0352,186.8601,228.1729,179.6794,245.6729,309.1794
194.6382,317.9249,179.2048,186.7406,228.4642,180.9454,243.8976,312.1297
203.3756,312.4195,177.1512,190.0390,225.3659,179.7073,251.5903,302.0878
195.4577,311.0049,181.1048,185.4166,232.9984,179.4859,247.3513,305.0741
221.1408,309.3744,163.1952,292.4736,197.0304,176.4672,254.9760,193.3680
228.3701,308.2705,176.9261,301.2951,193.6302,178.1024,245.0742,185.0779
230.7368,306.5618,180.6343,303.6712,187.9679,176.5559,238.0704,179.4464
184.5465,305.4385,182.8012,176.2865,232.4543,175.6155,234.1996,304.7676
184.1743,302.3381,180.2451,170.7091,232.4821,169.1498,236.4113,300.7787
184.7491,308.1681,156.7340,163.7830,220.6846,151.3747,248.6997,295.7598
181.2795,309.0960,161.0611,157.4585,223.4192,149.1441,243.6376,300.7816
178.1343,326.2016,162.3183,170.0184,230.0541,163.1591,245.8701,319.3422
174.1060,320.6927,161.1361,183.5817,232.7654,176.8060,245.7354,313.9169
183.0000,318.0000,183.0000,180.0000,242.0000,180.0000,242.0000,318.0000
181.0000,323.0000,181.0000,180.0000,241.0000,180.0000,241.0000,323.0000
188.3974,318.7488,181.2603,179.5764,229.3390,177.1108,236.4761,316.2833
188.5214,315.4742,175.6629,180.4607,226.0157,175.6652,238.8742,310.6787
182.0000,314.0000,182.0000,176.0000,229.0000,176.0000,229.0000,314.0000
226.5487,313.8613,178.8355,312.1872,183.6588,174.7249,231.3720,176.3990
221.6135,315.4447,174.4053,311.3396,186.4765,172.5197,233.6848,176.6248
177.0000,311.0000,177.0000,177.0000,230.0000,177.0000,230.0000,311.0000
179.4862,311.9541,173.1743,176.2477,226.7329,173.7566,233.0448,309.4630
183.3586,314.3035,172.1793,180.1517,224.4828,175.7931,235.6621,309.9448
179.0577,314.1336,175.4226,179.6373,227.2226,178.2372,230.8577,312.7336
225.1996,318.8779,173.6544,316.8697,179.0189,179.1826,230.5640,181.1908
221.5049,323.9505,167.9406,318.5941,181.9802,178.1980,235.5445,183.5545
218.3800,327.3400,164.2000,319.6000,184.5000,177.5000,238.6800,185.2400
217.0600,327.5800,160.9200,319.5600,181.1000,178.3000,237.2400,186.3200
217.3539,331.1692,158.6461,323.8307,176.3846,181.9231,235.0923,189.2615
215.4618,329.8302,155.0969,321.7325,173.6450,183.4646,234.0099,191.5623
215.3537,330.8171,153.4512,323.9390,169.3658,180.7073,231.2683,187.5854
217.7257,329.5312,153.6777,326.2040,161.2707,180.0400,225.3186,183.3672
153.0000,329.0000,153.0000,182.0000,216.0000,182.0000,216.0000,329.0000
154.4575,330.3633,139.8568,191.0957,200.9674,184.6889,215.5681,323.9566
153.0102,330.7000,143.0270,189.8249,199.9145,185.7935,209.8978,326.6686
149.6618,331.2053,144.1507,187.9173,200.9129,185.7341,206.4239,329.0222
197.7599,331.5627,142.4930,330.3066,145.7991,184.8363,201.0661,186.0923
185.7449,333.1291,136.6179,327.5885,153.3059,179.6209,202.4329,185.1616
181.2989,333.5252,134.9605,326.3460,157.9407,178.0190,204.2792,185.1982
180.5086,335.2166,134.3499,328.1646,156.9906,179.9708,203.1493,187.0228
181.4495,335.5010,135.6738,329.9025,153.2243,186.4015,199.0000,191.9999
180.3431,335.7023,130.6584,328.7611,150.7264,185.1162,200.4111,192.0574
180.9604,332.5583,127.5119,331.1994,131.0284,192.8820,184.4769,194.2409
125.1394,333.4762,123.8775,193.4065,178.7830,192.9119,180.0449,332.9816
122.2538,333.9590,119.7422,195.8229,177.5595,194.7717,180.0710,332.9078
118.5771,336.1494,113.2751,196.9705,175.8034,194.5885,181.1054,333.7674
117.7466,338.0818,110.8852,199.4809,174.3337,196.3399,181.1951,334.9408
116.8765,340.6074,108.4528,200.2128,173.8573,196.2886,182.2810,336.6832
117.2429,342.3491,105.1591,202.8366,170.3238,197.1924,182.4075,336.7049
117.3418,342.3144,103.4632,204.5967,169.3906,197.9529,183.2691,335.6706
117.0000,337.0000,117.0000,200.0000,183.0000,200.0000,183.0000,337.0000
119.5909,343.5281,102.1388,206.0935,167.2164,197.8297,184.6685,335.2643
119.0000,337.0000,119.0000,200.0000,184.0000,200.0000,184.0000,337.0000
121.3346,343.8914,103.0021,208.0156,165.2733,199.6139,183.6057,335.4897
121.0000,336.0000,121.0000,200.0000,180.0000,200.0000,180.0000,336.0000
122.0598,337.3155,115.9814,203.5918,172.2742,201.0330,178.3526,334.7567
123.3931,338.7173,112.2897,205.4759,166.4966,200.9586,177.6000,334.2000
124.2777,340.2201,119.0532,204.3826,170.2083,202.4151,175.4328,338.2526
125.0915,340.1234,122.6178,201.5961,171.7450,200.7188,174.2187,339.2461
171.4672,342.5869,124.8526,340.7589,130.3789,199.8384,176.9935,201.6664
129.0000,341.0000,129.0000,202.0000,174.0000,202.0000,174.0000,341.0000
172.5478,344.3406,128.2089,342.8376,132.9171,203.9464,177.2559,205.4493
173.5303,345.3871,129.0412,343.8260,133.9456,204.0508,178.4347,205.6118
174.5748,343.3302,131.1093,341.8314,135.8634,203.9608,179.3290,205.4596
175.8141,342.5933,133.1080,341.8441,135.5179,204.4828,178.2240,205.2320
136.0000,341.0000,136.0000,204.0000,177.0000,204.0000,177.0000,341.0000
137.1851,339.2921,134.9592,203.5089,176.8987,202.8213,179.1247,338.6046
138.0000,339.0000,138.0000,203.0000,179.0000,203.0000,179.0000,339.0000
137.1340,338.3043,135.0078,206.4838,178.9641,205.7748,181.0903,337.5953
138.2367,338.8110,134.1523,204.0257,179.0807,202.6642,183.1651,337.4495
137.3301,340.0886,131.7933,204.4370,178.7151,202.5219,184.2520,338.1734
136.4844,341.5917,129.7793,208.8293,178.5035,206.3685,185.2086,339.1309
135.3156,341.8894,131.4059,207.0028,181.2770,205.5572,185.1868,340.4439
135.3215,341.9317,131.2913,204.9032,182.1590,203.4071,186.1893,340.4356
135.3207,342.0632,131.3727,205.8588,183.2132,204.3561,187.1612,340.5605
135.7878,342.9838,128.0750,206.0803,180.6265,203.1196,188.3393,340.0231
135.1066,344.4924,125.3909,208.4720,179.6142,204.5989,189.3300,340.6193
134.8808,343.7534,126.6668,206.1692,181.1145,202.9186,189.3285,340.5028
135.9823,344.7706,125.3529,206.5882,178.8059,202.4765,189.4353,340.6588
136.2315,345.9304,123.1258,208.3214,177.2539,203.1663,190.3596,340.7753
137.8833,347.5957,120.0205,209.1587,173.6121,202.2437,191.4749,340.6807
138.1889,346.9660,119.1812,208.3219,172.3591,201.0314,191.3668,339.6755
138.0254,346.8926,119.1741,208.2803,172.3741,201.0451,191.2254,339.6573
138.6232,346.3773,120.4653,207.9226,171.4571,201.2351,189.6151,339.6898
138.4925,344.7925,122.3593,206.5081,172.3291,200.6783,188.4623,338.9627
138.7788,342.4710,128.5843,205.4111,173.1148,202.0989,183.3093,339.1588
139.6187,342.8989,130.9339,203.9416,172.5214,201.3424,181.2062,340.2996
139.9875,341.7425,133.2930,203.3890,172.4433,201.4947,179.1378,339.8481
137.7700,343.9494,133.7936,204.7773,172.1337,203.6819,176.1101,342.8540
137.4594,344.3159,136.0995,204.2514,173.6882,203.8865,175.0481,343.9510
136.8982,346.6057,134.2356,205.4861,173.4481,204.7462,176.1107,345.8658
135.8411,347.4119,133.6052,205.4314,173.8708,204.7973,176.1067,346.7778
136.0000,345.0000,136.0000,204.0000,175.0000,204.0000,175.0000,345.0000
136.0000,347.0000,136.0000,206.0000,176.0000,206.0000,176.0000,347.0000
137.4017,348.2128,136.2658,206.2299,175.9273,205.9126,177.0632,347.8955
138.4245,347.2161,137.2782,206.2172,175.9179,205.9031,177.0643,346.9019
140.0000,347.0000,140.0000,207.0000,178.0000,207.0000,178.0000,347.0000
141.0000,349.0000,141.0000,209.0000,180.0000,209.0000,180.0000,349.0000
143.0000,348.0000,143.0000,207.0000,183.0000,207.0000,183.0000,348.0000
143.0000,349.0000,143.0000,209.0000,184.0000,209.0000,184.0000,349.0000
181.9082,345.6977,139.0335,343.3802,146.4770,205.6744,189.3518,207.9920
182.8639,349.3763,142.0167,348.3422,145.5865,207.3313,186.4338,208.3654
145.0000,346.0000,145.0000,209.0000,188.0000,209.0000,188.0000,346.0000
147.3517,346.6145,144.6895,209.5109,179.4143,208.8366,182.0765,345.9403
147.7322,346.6181,144.5093,209.6469,180.8422,208.7920,184.0650,345.7632
147.8344,346.4167,146.1505,208.3396,182.3524,207.8982,184.0363,345.9752
149.7267,347.6572,146.4251,210.6404,181.7660,209.7888,185.0676,346.8056
148.0000,347.0000,148.0000,210.0000,185.0000,210.0000,185.0000,347.0000
148.0000,347.0000,148.0000,210.0000,186.0000,210.0000,186.0000,347.0000
149.8260,348.4253,148.0684,211.3325,185.2930,210.8552,187.0506,347.9481
149.0000,349.0000,149.0000,211.0000,191.0000,211.0000,191.0000,349.0000
150.8410,351.2770,149.0545,208.3618,188.2734,207.8716,190.0598,350.7868
150.0000,350.0000,150.0000,210.0000,193.0000,210.0000,193.0000,350.0000
151.6763,350.5232,148.4231,211.7166,187.8077,210.7935,191.0610,349.6002
190.9619,349.4464,147.0187,348.2900,150.6519,210.2277,194.5951,211.3841
150.0000,350.0000,150.0000,212.0000,194.0000,212.0000,194.0000,350.0000
149.9410,347.5139,148.1632,212.4057,188.2353,211.8784,190.0130,346.9867
150.0000,349.0000,150.0000,213.0000,196.0000,213.0000,196.0000,349.0000
150.0000,350.0000,150.0000,213.0000,196.0000,213.0000,196.0000,350.0000
151.0000,351.0000,151.0000,212.0000,196.0000,212.0000,196.0000,351.0000
197.7646,351.4169,149.6742,350.5732,152.0976,212.4403,200.1880,213.2840
193.1661,352.2994,145.9763,349.1001,155.2814,211.8496,202.4713,215.0489
190.7030,351.3167,144.6396,347.1917,156.8822,210.4820,202.9456,214.6071
193.9559,350.4987,143.5877,349.0172,147.6215,211.8712,197.9897,213.3526
193.9496,351.2762,142.7156,350.4880,144.8249,213.3820,196.0589,214.1702
195.8094,351.8759,142.2995,349.2443,148.9960,213.0818,202.5059,215.7134
197.9445,352.3325,143.7262,351.4288,146.0117,214.3002,200.2299,215.2039
145.1750,351.8520,142.9787,215.6778,197.8193,214.7932,200.0156,350.9675
145.5957,351.7155,138.7129,216.3535,193.2668,213.5796,200.1496,348.9415
146.7716,351.8020,137.1777,217.4873,190.6193,213.6700,200.2132,347.9847
146.8681,351.5399,137.5141,216.4259,190.9120,212.7292,200.2661,347.8431
147.5850,350.6134,140.2432,217.4118,192.8079,214.5145,200.1497,347.7161
147.6600,350.4781,139.2875,217.5646,191.8898,214.2510,200.2623,347.1646
148.3387,349.4665,143.0351,216.8786,194.8722,214.8051,200.1757,347.3930
147.5532,349.8022,141.3150,216.7196,193.9649,214.2516,200.2032,347.3342
147.1719,347.6585,145.0258,214.5964,197.9314,213.7431,200.0775,346.8052
148.0000,348.0000,148.0000,215.0000,202.0000,215.0000,202.0000,348.0000
201.9289,348.2655,147.8273,347.3638,150.0453,214.2841,204.1469,215.1858
204.4844,348.7297,148.5846,346.5231,153.8358,213.4935,209.7355,215.7001
149.7614,351.6599,140.2081,217.9137,194.7158,214.0203,204.2690,347.7665
150.6946,351.3452,142.4527,216.7274,196.1291,213.4411,204.3710,348.0589
210.0630,350.6070,149.7100,349.0187,153.2913,212.9287,213.6443,214.5170
152.4888,351.7756,145.7481,216.9626,198.5661,214.3217,205.3067,349.1347
211.9237,351.3417,151.7931,350.4827,153.7370,214.4105,213.8676,215.2695
152.4686,350.5972,147.0551,216.6139,199.8477,214.4809,205.2612,348.4642
153.3224,352.1211,149.3803,216.1194,214.2099,214.2403,218.1519,350.2420
154.0000,352.0000,154.0000,216.0000,217.0000,216.0000,217.0000,352.0000
213.7690,351.7394,152.6145,349.9139,156.6769,213.8262,217.8313,215.6517
213.8208,352.1226,152.5019,349.4566,158.4226,213.2792,219.7415,215.9452
212.7448,352.3379,153.1862,348.8345,161.1793,212.9518,220.7379,216.4552
208.5793,352.1518,153.4173,348.9070,161.3586,213.9035,216.5207,217.1483
209.7320,350.8969,155.4804,348.4309,161.6103,213.5732,215.8618,216.0392
209.8244,350.6195,155.6585,348.9268,159.9102,212.8722,214.0761,214.5649
208.8145,349.8959,155.5068,347.3575,161.8484,214.1833,215.1561,216.7217
209.8108,349.9102,156.5002,347.3307,162.9439,214.1586,216.2546,216.7381
210.7603,350.8735,157.3976,348.2491,163.9960,214.0818,217.3587,216.7062
210.8184,353.0055,157.1642,343.9554,179.2816,212.8307,232.9358,221.8808
210.3516,354.5415,156.9881,344.2433,182.5003,212.0439,235.8638,222.3421
210.4543,354.5659,157.8127,343.8112,184.6131,212.6306,237.2546,223.3853
213.4805,352.5461,159.9447,348.2972,170.6858,212.9592,224.2216,217.2080
213.3819,353.6968,161.3483,348.8937,173.9228,212.6698,225.9563,217.4729
214.5592,353.0299,164.9650,347.6056,179.5409,214.3404,229.1351,219.7648
214.4715,353.3601,166.5095,347.5465,183.0018,211.4850,230.9638,217.2986
215.1068,352.8950,169.8133,346.0323,189.9165,213.3510,235.2101,220.2137
217.2676,353.9805,172.8459,347.4479,192.5157,213.6935,236.9374,220.2260
223.5586,357.2966,178.7862,353.5656,190.2828,215.6069,235.0552,219.3380
227.8310,355.1688,184.9690,353.4312,190.5872,214.8481,233.4492,216.5858
191.3204,353.1466,189.2488,216.4205,230.1333,215.8011,232.2049,352.5272
199.6753,354.6561,185.9489,219.3530,227.8222,215.1050,241.5486,350.4081
200.1238,351.4240,188.6567,219.5516,229.9531,215.9606,241.4203,347.8330
194.0000,352.0000,194.0000,216.0000,236.0000,216.0000,236.0000,352.0000
200.1525,346.7028,188.6988,218.8031,232.7929,214.8544,244.2466,342.7541
202.1330,345.3742,189.9134,219.1052,234.1763,214.8217,246.3959,341.0907
204.0392,348.7381,191.3928,218.0588,235.1763,213.8216,247.8227,344.5010
199.0000,348.0000,199.0000,213.0000,243.0000,213.0000,243.0000,348.0000
205.9793,350.7517,194.6414,214.6965,238.5035,211.0414,249.8414,347.0966
203.0000,348.0000,203.0000,212.0000,245.0000,212.0000,245.0000,348.0000
207.1312,348.3654,205.3839,210.3242,246.1368,209.8084,247.8842,347.8496
247.5128,347.4631,207.8522,346.9735,209.5349,210.6732,249.1955,211.1629
250.1575,347.9146,207.8006,346.9733,210.7922,212.3510,253.1491,213.2922
209.0000,345.0000,209.0000,213.0000,254.0000,213.0000,254.0000,345.0000
210.0501,345.2034,207.0847,214.7254,256.8998,213.5932,259.8653,344.0713
211.3632,346.3896,197.9824,221.5019,253.3115,215.5738,266.6923,340.4615
263.5138,349.7330,211.6417,344.6723,224.2357,215.5840,276.1078,220.6446
265.8918,352.3278,212.7511,343.6320,233.3445,217.7837,286.4852,226.4794
215.3145,345.6871,194.4414,233.7312,260.8451,221.3509,281.7182,333.3068
216.2531,345.5947,198.4036,233.1423,269.6250,221.8373,287.4746,334.2897
220.0686,339.1268,216.4314,226.3732,288.5177,224.0478,292.1549,336.8015
296.8234,339.3876,222.8046,336.9608,226.5560,222.5428,300.5748,224.9697
297.7849,340.9471,225.5302,337.8056,230.5698,221.8943,302.8245,225.0358
297.9811,343.7145,226.5108,334.2750,241.8114,218.4279,313.2817,227.8674
298.0227,349.3754,236.8166,325.9130,278.1543,218.0757,339.3604,241.5381
301.9874,346.2581,239.6300,332.7022,265.1534,215.2942,327.5108,228.8502
303.2980,349.2955,246.8878,328.4029,292.5573,205.0953,348.9675,225.9879
305.7837,347.7571,260.8593,338.2661,288.5378,207.2545,333.4622,216.7455
308.8235,349.7059,257.0588,336.7647,289.7058,206.1765,341.4706,219.1176
306.4052,347.6393,250.9013,328.5598,293.2009,205.5065,348.7048,224.5860
321.3020,347.2886,272.6410,338.7014,295.0302,211.8289,343.6913,220.4161
318.5422,344.5816,272.2308,329.8461,310.3564,210.0225,356.6679,224.7580
331.7920,345.1440,285.2400,336.6800,307.8320,212.4240,354.3840,220.8880
339.1040,340.0772,291.2987,331.6410,312.1577,213.4396,359.9631,221.8759
346.6918,341.2004,299.4577,334.2315,317.8270,209.7286,365.0611,216.6975
366.8245,339.0358,320.4774,337.0208,325.6812,217.3340,372.0283,219.3491
367.1621,342.0270,319.4865,334.0811,338.6757,218.9460,386.3513,226.8919
375.9969,339.6404,324.1773,329.0107,346.6530,219.4417,398.4726,230.0713
381.3046,313.9580,363.3816,184.0164,408.3875,177.8087,426.3105,307.7503
389.7059,309.8235,356.8824,178.5294,401.1176,167.4706,433.9412,298.7647
418.0075,299.4088,364.9326,295.0761,374.5528,177.2288,427.6277,181.5614
367.0000,306.0000,367.0000,186.0000,420.0000,186.0000,420.0000,306.0000
371.1320,317.8668,360.2060,184.0240,414.8217,179.5656,425.7477,313.4084
374.5643,316.6366,354.3855,186.5954,410.4493,177.8958,430.6282,307.9370
370.7693,317.1539,355.5231,195.1846,418.6615,187.2923,433.9077,309.2615
420.2355,324.2777,353.4648,313.5944,372.8845,192.2216,439.6552,202.9049
426.9895,325.5490,358.1788,319.5281,369.1092,194.6095,437.9198,200.6305
365.8638,323.2325,362.2953,198.3344,421.6753,196.6378,425.2439,321.5359
362.0000,322.0000,362.0000,202.0000,426.0000,202.0000,426.0000,322.0000
422.5552,328.5621,357.1931,324.7173,364.2828,204.1931,429.6448,208.0380
417.0923,328.8408,351.0871,324.7580,358.4231,206.1602,424.4283,210.2430
346.0000,325.0000,346.0000,212.0000,420.0000,212.0000,420.0000,325.0000
2
0
0
0
0
1
418.6393,328.5307,385.3498,208.3185,428.4450,196.3845,461.7345,316.5966
399.6025,321.8507,393.1685,195.3134,446.8433,192.5842,453.2773,319.1215
423.3934,322.0369,374.7820,210.0192,424.0190,188.6522,472.6304,300.6699
391.0000,314.0000,391.0000,190.0000,443.0000,190.0000,443.0000,314.0000
402.8665,316.9456,377.6526,193.3975,418.0124,185.1608,443.2263,308.7089
407.6654,312.7801,371.7049,194.3217,417.6003,180.3892,453.5609,298.8476
392.4154,307.3231,376.9384,183.5077,423.0923,177.7385,438.5692,301.5539
387.6708,305.0366,374.2195,183.9756,419.5488,178.9390,433.0001,300.0000
381.1394,304.5328,370.0410,182.4508,414.8524,178.3770,425.9508,300.4590
374.5689,301.6370,364.3606,182.5405,409.9684,178.6313,420.1767,297.7277
368.0537,303.0782,366.4516,181.3230,413.7198,180.7010,415.3218,302.4563
364.0000,302.0000,364.0000,181.0000,412.0000,181.0000,412.0000,302.0000
361.0000,302.0000,361.0000,182.0000,408.0000,182.0000,408.0000,302.0000
357.0000,302.0000,357.0000,182.0000,403.0000,182.0000,403.0000,302.0000
352.0000,300.0000,352.0000,182.0000,398.0000,182.0000,398.0000,300.0000
396.3130,298.4529,349.8056,296.9280,353.6403,179.9718,400.1476,181.4966
394.2956,296.3840,346.5857,293.8729,352.6161,179.2956,400.3260,181.8066
393.6513,293.3699,344.3473,289.6489,352.8117,177.4952,402.1158,181.2163
394.5247,291.7525,342.2475,286.5247,353.3069,175.9307,405.5841,181.1584
393.0154,290.8770,339.8462,284.2308,353.6769,173.5847,406.8462,180.2308
394.4823,290.7655,341.1859,287.2124,348.7965,173.0531,402.0930,176.6062
396.5800,289.0600,341.6097,287.7816,344.2746,173.1924,399.2449,174.4708
372.4494,290.7256,324.3895,274.9559,360.0020,166.4225,408.0620,182.1922
382.1148,284.8355,337.0190,281.7255,344.8083,168.7799,389.9041,171.8900
382.0694,282.5020,336.4935,281.2360,339.6099,169.0447,385.1858,170.3107
379.6545,277.7096,335.1163,274.1934,343.5258,167.6731,388.0640,171.1893
382.9357,276.0904,337.4711,274.6914,340.6940,169.9444,386.1587,171.3434
342.3597,275.5543,337.4547,172.5498,382.2579,170.4163,387.1629,273.4208
345.6066,278.6721,336.1066,174.1721,379.7459,170.2049,389.2459,274.7049
347.1768,280.1213,336.5706,175.3852,380.6628,170.9202,391.2690,275.6563
347.7943,278.6210,341.8172,174.6197,385.2026,172.1263,391.1797,276.1276
348.1105,277.6402,345.6329,173.5802,385.6102,172.6283,388.0878,276.6884
348.1166,277.5720,345.7709,175.5340,383.7623,174.6606,386.1080,276.6987
352.2955,278.9871,338.6980,178.3652,382.5724,172.4362,396.1700,273.0581
348.1551,279.1281,338.5506,178.2809,383.1461,174.0337,392.7506,274.8809
343.1620,278.4530,340.9277,175.6755,382.9079,174.7629,385.1422,277.5404
381.9378,279.3481,339.8505,278.8587,341.0631,174.5705,383.1505,175.0599
379.8721,280.6938,337.6574,279.7451,340.0728,172.2601,382.2875,173.2087
378.8492,281.6329,337.5524,280.6944,339.9953,173.2044,381.2922,174.1430
377.7779,283.6615,336.4894,282.7124,339.0075,173.1726,380.2961,174.1217
375.6664,284.8989,333.7926,283.4874,337.5257,172.7368,379.3995,174.1483
375.5612,286.8714,333.7348,285.4455,337.5753,172.7923,379.4017,174.2182
373.6304,286.8397,332.7348,285.4455,336.5400,173.8253,377.4357,175.2194
372.5328,288.8607,331.6915,287.4840,335.4561,175.8019,376.2974,177.1786
372.6569,288.5802,331.4092,287.6096,334.0557,175.1307,375.3035,176.1013
371.5883,292.5242,330.4087,291.6091,332.9511,177.1989,374.1308,178.1140
332.0000,290.0000,332.0000,179.0000,372.0000,179.0000,372.0000,290.0000
331.0000,290.0000,331.0000,179.0000,371.0000,179.0000,371.0000,290.0000
331.0000,290.0000,331.0000,180.0000,370.0000,180.0000,370.0000,290.0000
330.4054,290.4324,327.8546,180.7476,367.8795,179.8168,370.4303,289.5016
331.0214,289.6199,327.2435,180.0606,365.8872,178.7281,369.6651,288.2874
325.5784,288.7732,321.7993,179.1794,364.8860,177.6936,368.6651,287.2874
321.4967,287.9035,317.8567,181.1299,364.9497,179.5244,368.5897,286.2981
317.0000,285.0000,317.0000,178.0000,365.0000,178.0000,365.0000,285.0000
314.0000,284.0000,314.0000,177.0000,365.0000,177.0000,365.0000,284.0000
361.7991,285.4425,310.8434,284.3584,313.1669,175.1525,364.1226,176.2366
360.7990,284.4312,309.3493,282.8234,312.7600,173.6800,364.2097,175.2878
359.8957,284.4769,309.3213,282.9596,312.6273,172.7588,363.2018,174.2760
312.5586,284.4202,311.4590,173.3618,356.9397,172.9115,358.0393,283.9699
353.8670,286.2835,308.5257,283.6423,315.0894,170.9664,360.4307,173.6076
354.6170,287.2360,310.5499,286.2567,313.0854,172.1575,357.1525,173.1367
350.8875,290.5331,305.5081,287.2025,314.0104,171.3586,359.3898,174.6892
315.4681,291.0633,307.1515,177.4036,351.2811,174.1746,359.5977,287.8343
314.6882,292.0842,306.0132,177.5748,350.9975,174.1668,359.6725,288.6763
314.9898,293.4130,301.7953,181.2594,347.8635,175.8396,361.0580,287.9932
351.8821,293.8977,304.7809,292.9557,307.1128,176.3623,354.2139,177.3043
301.0000,291.0000,301.0000,177.0000,352.0000,177.0000,352.0000,291.0000
299.0000,295.0000,299.0000,177.0000,352.0000,177.0000,352.0000,295.0000
297.0000,296.0000,297.0000,177.0000,352.0000,177.0000,352.0000,296.0000
295.0000,298.0000,295.0000,178.0000,352.0000,178.0000,352.0000,298.0000
296.6821,297.4335,279.3873,185.0173,337.7745,176.0347,355.0693,288.4509
296.6615,297.2923,282.3846,183.0769,340.6000,175.8000,354.8769,290.0154
297.6631,298.2656,277.3051,184.8427,332.8490,174.8732,353.2070,288.2962
297.6986,295.7502,280.7892,180.7663,333.3006,173.0440,350.2100,288.0280
300.2802,297.9120,274.8114,184.7174,326.8281,173.0137,352.2968,286.2082
294.3414,298.7592,272.9267,179.4490,328.2471,169.5197,349.6618,288.8300
292.5044,298.7798,274.4659,175.5172,329.4112,167.4764,347.4496,290.7391
292.2593,296.2231,276.5026,173.3202,330.7141,166.3700,346.4708,289.2729
292.6196,293.6805,277.7837,172.0264,330.8962,165.5493,345.7321,287.2034
291.0112,293.6180,279.2360,169.9775,331.5236,164.9978,343.2989,288.6382
290.7718,293.1671,282.6372,168.4367,334.1139,165.0795,342.2485,289.8099
289.7418,289.9297,286.6367,168.8298,335.3483,167.5808,338.4534,288.6807
289.0000,289.0000,289.0000,171.0000,336.0000,171.0000,336.0000,289.0000
337.1184,289.1837,287.8116,288.4366,289.5832,171.5089,338.8901,172.2560
336.4926,289.4427,283.6021,285.8365,291.4376,170.9162,344.3281,174.5224
338.7875,287.3115,278.6837,284.9073,283.1789,172.5271,343.2827,174.9313
340.8442,286.2852,275.6395,283.9142,279.7260,171.5355,344.9307,173.9066
342.8266,286.3531,275.4895,282.8701,281.2733,171.0486,348.6104,174.5316
343.8828,284.2816,275.5771,281.8421,279.5822,169.6994,347.8879,172.1389
279.0000,283.0000,279.0000,170.0000,346.0000,170.0000,346.0000,283.0000
279.1855,284.2763,276.8936,169.6821,343.9268,168.3415,346.2187,282.9356
281.3043,285.0848,275.5362,169.7232,339.6758,166.5162,345.4439,281.8778
281.4368,285.8802,275.5751,166.6930,339.5188,163.5482,345.3804,282.7354
284.2516,283.5340,278.8454,164.5979,338.9031,161.8680,344.3093,280.8041
286.4001,284.5217,277.7070,164.5575,336.9467,160.2647,345.6398,280.2290
287.3527,282.0563,277.0038,163.0432,333.2739,158.1501,343.6229,277.1633
287.2685,281.7052,278.6349,162.5627,333.6216,158.5782,342.2551,277.7206
287.1345,280.2862,280.1759,161.9897,335.3380,158.7448,342.2966,277.0414
285.1024,278.2780,281.4702,162.0478,337.1346,160.3083,340.7668,276.5385
284.1428,278.3560,280.3651,163.1356,336.1084,161.3079,339.8861,276.5283
286.0456,278.7068,278.7357,165.4041,334.3109,161.8186,341.6207,275.1212
283.0000,272.0000,283.0000,163.0000,338.0000,163.0000,338.0000,272.0000
285.0000,277.0000,285.0000,162.0000,338.0000,162.0000,338.0000,277.0000
288.0000,278.0000,288.0000,161.0000,340.0000,161.0000,340.0000,278.0000
291.0000,278.0000,291.0000,159.0000,341.0000,159.0000,341.0000,278.0000
342.8805,278.4416,294.1541,277.8248,295.6762,157.5782,344.4026,158.1950
345.9016,277.4640,298.2220,276.9095,299.6090,157.6234,347.2886,158.1778
303.7188,275.0974,302.3450,158.3254,348.7621,157.7793,350.1359,274.5514
307.2654,275.4057,300.3078,159.9092,349.7308,156.9319,356.6885,272.4284
308.5419,275.6225,297.6390,162.5047,350.9152,157.3696,361.8181,270.4874
310.5139,274.5111,297.9364,164.1085,351.4945,158.0070,364.0720,268.4095
312.4570,273.5800,298.6931,165.7626,352.7065,158.8672,366.4704,266.6846
316.7369,271.2900,307.1201,163.1004,358.0730,158.5713,367.6899,266.7609
318.6905,273.6164,309.2570,161.7614,360.1839,157.4664,369.6175,269.3214
318.2182,270.1347,311.4243,160.0726,363.6328,156.8498,370.4267,266.9119
318.9755,270.4359,314.1472,159.3849,367.3510,157.0717,372.1793,268.1226
321.6023,274.5510,316.4421,158.4470,369.2932,156.0981,374.4534,272.2021
326.3736,276.1875,323.7945,157.5479,372.7279,156.4842,375.3070,275.1237
330.0577,276.2701,324.6928,158.2412,373.2289,156.0351,378.5938,274.0639
334.8800,274.3793,326.3834,159.6753,371.5799,156.3274,380.0764,271.0314
339.3036,274.2957,329.9745,157.6820,371.9062,154.3275,381.2353,270.9412
345.4800,271.3600,329.0400,156.2800,370.0600,150.4200,386.5000,265.5000
374.0460,268.4903,316.3062,169.9929,357.1115,146.0726,414.8513,244.5699
330.1247,267.6164,325.9917,147.7589,379.1010,145.9276,383.2340,265.7850
337.2955,267.3634,330.0719,146.0076,374.3555,143.3717,381.5790,264.7275
332.2925,260.9929,329.3751,141.3811,374.3971,140.2830,377.3145,259.8948
327.0000,255.0000,327.0000,138.0000,374.0000,138.0000,374.0000,255.0000
339.7846,258.2769,324.7846,138.2769,368.2308,132.8462,383.2308,252.8462
348.3887,239.3388,319.7217,140.5969,349.3235,132.0029,377.9904,230.7447
338.3853,242.4130,323.8191,136.0796,365.5430,130.3640,380.1092,236.6974
322.0000,248.0000,322.0000,129.0000,364.0000,129.0000,364.0000,248.0000
327.3588,252.2437,320.3770,130.7599,360.1652,128.4733,367.1470,249.9570
328.5865,248.6584,317.6293,133.6067,356.5618,129.8989,367.5191,244.9506
331.8725,246.4269,319.9131,136.4008,356.2018,132.4564,368.1611,242.4825
335.3000,246.1000,320.2600,140.8200,353.7200,136.0400,368.7600,241.3200
337.3838,253.8986,319.7613,143.7582,352.4836,138.5226,370.1060,248.6630
336.8720,253.6974,318.0497,146.1413,352.1795,140.1686,371.0018,247.7247
334.6045,254.1311,319.9592,154.0548,354.9417,148.9354,369.5871,249.0117
325.0643,253.5734,322.6096,155.3848,362.7095,154.3823,365.1642,252.5709
361.8817,256.6614,321.0513,254.8467,325.5254,154.1789,366.3558,155.9936
326.6473,257.7708,323.1580,156.5808,361.6295,155.2542,365.1188,256.4442
336.9048,259.7386,318.5337,160.9937,355.8019,154.0601,374.1730,252.8050
333.6462,259.1693,321.2154,159.7231,357.8923,155.1385,370.3231,254.5846
334.5644,259.6436,324.5742,159.7426,359.7227,156.2278,369.7129,256.1287
333.2471,260.0759,327.1190,158.9625,361.8399,156.8582,367.9680,257.9716
336.4749,259.6806,323.8199,161.6039,359.7697,156.9652,372.4248,255.0419
337.6615,261.4965,319.4210,165.0825,357.1516,157.9443,375.3921,254.3582
344.3530,265.4118,319.6471,166.5882,355.1765,157.7059,379.8824,256.5294
343.6820,261.0957,321.6065,166.7730,354.8695,158.9880,376.9451,253.3108
349.8651,265.4157,327.4157,168.1348,355.6067,161.6292,378.0562,258.9101
348.4005,266.4587,322.4927,172.0804,353.0343,163.6965,378.9421,258.0747
370.2548,274.7297,319.7025,273.0722,323.0749,170.2156,373.6272,171.8730
335.0000,282.0000,335.0000,171.0000,369.0000,171.0000,369.0000,282.0000
334.0000,283.0000,334.0000,171.0000,368.0000,171.0000,368.0000,283.0000
341.5000,287.5000,325.2000,173.4000,358.3800,168.6600,374.6800,282.7600
344.8798,286.7824,328.0931,172.6334,360.1931,167.9128,376.9797,282.0618
350.1102,294.8213,323.7017,183.5284,358.4245,175.2891,384.8330,286.5820
350.2053,296.8607,321.0203,184.0120,358.3349,174.3616,387.5199,287.2103
2
0
0
0
0
1
368.6585,310.9268,324.5572,307.0919,333.8556,200.1613,377.9569,203.9962
369.5375,314.3915,324.4219,308.2394,338.5335,204.7546,383.6491,210.9067
338.9167,319.1809,325.3024,212.5359,371.1719,206.6802,384.7862,313.3252
347.1279,323.7934,322.5115,219.1738,366.7672,208.7607,391.3836,313.3803
345.3728,318.9054,325.1689,215.6409,367.3372,207.3906,387.5412,310.6550
336.0000,306.0000,336.0000,210.0000,378.0000,210.0000,378.0000,306.0000
336.0000,306.0000,336.0000,212.0000,379.0000,212.0000,379.0000,306.0000
336.0000,302.0000,336.0000,214.0000,382.0000,214.0000,382.0000,302.0000
382.4192,303.5178,332.2383,298.2356,341.1534,213.5425,391.3343,218.8247
337.4000,301.8000,332.4207,217.1517,377.7931,214.4828,382.7724,299.1310
339.0769,304.6154,328.4770,219.8154,371.6770,214.4154,382.2769,299.2154
378.4268,307.6103,334.5630,305.6165,338.7176,214.2144,382.5815,216.2083
337.0000,309.0000,337.0000,214.0000,378.0000,214.0000,378.0000,309.0000
337.7971,320.6859,331.3427,215.2647,374.9751,212.5934,381.4295,318.0146
336.9068,323.3419,334.7269,214.3455,378.0496,213.4790,380.2295,322.4754
376.7171,326.5774,335.8390,325.7258,338.0512,219.5427,378.9293,220.3943
369.8922,331.1598,328.4665,325.7565,342.7807,216.0149,384.2063,221.4182
367.3277,330.9772,324.0812,321.2119,348.4564,213.2644,391.7029,223.0297
369.1444,330.6670,323.9073,320.1117,348.8609,213.1675,394.0980,223.7228
372.5769,331.1154,324.6923,321.5385,346.4615,212.6923,394.3462,222.2692
375.9474,330.3503,326.0900,320.5423,347.3019,212.7151,397.1594,222.5231
377.1369,331.3876,326.3325,321.3932,347.8859,211.8300,398.6903,221.8243
381.3800,329.3400,330.4200,322.0599,346.2000,211.6000,397.1600,218.8800
379.2029,329.2751,328.1144,319.7502,348.2057,211.9875,399.2943,221.5125
379.5906,329.0334,329.5518,320.2547,348.2858,213.4712,398.3246,222.2499
378.0570,328.4921,330.0371,319.5995,350.1963,210.7401,398.2162,219.6326
377.2623,326.2332,331.3962,318.4447,349.3868,212.4997,395.2529,220.2882
350.8661,324.0183,336.2617,216.9189,379.5923,211.0102,394.1968,318.1096
342.0000,323.0000,342.0000,213.0000,382.0000,213.0000,382.0000,323.0000
370.0045,323.5261,332.8687,317.8613,349.6432,207.8947,386.7791,213.5595
374.6882,319.0529,336.5294,316.1176,344.8412,208.0647,383.0000,211.0000
375.9323,320.3869,336.0030,318.4391,341.4605,206.5590,381.3899,208.5068
339.0000,319.0000,339.0000,211.0000,379.0000,211.0000,379.0000,319.0000
339.1578,318.7314,336.9916,212.5920,377.7502,211.7602,379.9163,317.8997
340.3468,320.4961,335.9244,212.1460,377.4470,210.4511,381.8694,318.8013
337.0000,320.0000,337.0000,212.0000,380.0000,212.0000,380.0000,320.0000
335.0000,320.0000,335.0000,210.0000,381.0000,210.0000,381.0000,320.0000
331.0000,317.0000,331.0000,213.0000,380.0000,213.0000,380.0000,317.0000
336.0000,319.0000,336.0000,211.0000,382.0000,211.0000,382.0000,319.0000
336.3248,318.9919,333.6671,212.6833,379.7883,211.5303,382.4460,317.8389
336.6374,320.0665,331.4291,213.2961,377.9769,211.0255,383.1852,317.7958
337.1933,320.9105,329.0323,212.0976,375.8440,208.5867,384.0050,317.3996
338.2154,321.7231,324.6462,213.1693,371.4154,207.3231,384.9846,315.8770
338.2188,319.7252,325.8730,211.0826,372.4084,205.7945,384.7542,314.4370
336.7295,318.0246,327.0410,211.4508,371.9426,207.3689,381.6311,313.9426
333.2688,308.8092,328.2332,209.3553,373.4969,207.0635,378.5326,306.5174
328.0000,306.0000,328.0000,209.0000,376.0000,209.0000,376.0000,306.0000
371.5409,310.3464,318.9339,307.0584,325.1284,207.9456,377.7354,211.2335
321.5000,313.5000,314.2529,219.2882,371.3000,214.9000,378.5471,309.1118
355.7076,318.2647,310.4810,230.3241,361.7495,203.9574,406.9761,291.8980
377.5908,316.5027,334.5697,315.1990,337.7761,209.3871,380.7972,210.6908
372.9482,318.1876,328.7484,311.7193,343.1596,213.2429,387.3594,219.7111
372.2137,318.0555,327.9731,311.1736,343.1037,213.9050,387.3443,220.7869
372.2808,317.8290,328.7985,311.3529,343.8712,210.1510,387.3535,216.6270
373.5370,317.8986,331.6849,313.4932,342.0959,214.5891,383.9479,218.9945
336.0000,315.0000,336.0000,215.0000,375.0000,215.0000,375.0000,315.0000
335.0000,309.0000,335.0000,215.0000,371.0000,215.0000,371.0000,309.0000
330.8934,307.9502,328.4602,215.4879,366.8810,214.4768,369.3142,306.9391
326.6356,307.8921,322.3376,216.2030,365.2590,214.1910,369.5569,305.8802
324.5814,308.3033,315.3097,216.9106,360.9128,212.2842,370.1846,303.6769
319.0600,306.3069,310.1994,211.7938,360.3214,207.0949,369.1819,301.6080
311.0000,297.0000,311.0000,207.0000,367.0000,207.0000,367.0000,297.0000
304.5708,284.9933,296.5888,201.1820,350.2921,196.0674,358.2741,279.8787
