1
918.6178,237.4223,919.7711,322.6634,757.2721,324.8619,756.1188,239.6209
924.4296,248.6865,919.9866,332.5036,754.6118,323.7374,759.0548,239.9203
947.8790,251.7801,941.9487,334.3170,753.5435,320.7802,759.4736,238.2434
951.6181,252.2413,945.6066,334.9165,757.6205,321.2476,763.6320,238.5724
955.7308,255.8999,947.8817,338.5834,756.5863,320.4237,764.4355,237.7402
959.8731,255.1822,950.6329,340.6960,762.3218,320.3480,771.5620,234.8342
964.1707,254.4264,955.8531,341.2189,761.1966,322.5645,769.5142,235.7720
966.5198,256.4155,956.7917,341.6904,762.4357,319.5185,772.1637,234.2436
966.7812,256.1929,956.3019,341.8988,764.0003,318.3859,774.4796,232.6801
968.0656,256.4011,955.7012,345.2977,765.2752,318.8121,777.6395,229.9155
968.2311,255.5007,956.1627,344.1896,769.6654,318.8118,781.7339,230.1229
968.5471,253.8373,955.9649,344.2177,771.3156,318.5120,783.8978,228.1317
966.5753,249.5721,955.3384,344.0681,774.4388,322.5567,785.6757,228.0607
962.4184,250.7552,949.3358,344.8633,775.8563,320.7467,788.9389,226.6386
963.0276,251.1866,948.9589,344.7502,777.0905,318.9073,791.1591,225.3436
962.9996,249.4587,948.9670,343.4451,777.7336,317.8792,791.7661,223.8928
952.3063,241.7352,943.0580,338.8579,780.4851,323.3774,789.7333,226.2546
961.7590,243.0173,951.5054,338.8614,781.5658,320.6808,791.8195,224.8367
958.1886,228.5750,958.3161,331.9753,785.9882,332.1877,785.8608,228.7875
963.4380,237.8808,953.5741,338.5126,784.5733,321.9472,794.4372,221.3153
961.5671,227.9446,958.9178,329.1025,788.7058,324.6445,791.3552,223.4867
952.9194,208.6573,965.9403,317.1078,801.5827,336.8411,788.5618,228.3907
959.4064,220.7218,960.5865,323.7240,796.1311,325.6082,794.9510,222.6060
956.5548,207.9961,968.0756,315.0817,807.5298,332.3539,796.0090,225.2684
957.6153,212.9787,961.5737,319.5896,805.7080,325.3769,801.7495,218.7659
955.3689,207.8479,967.3154,311.3417,815.2977,328.8894,803.3511,225.3956
956.1637,201.2963,974.8767,297.9091,819.2028,328.0618,800.4898,231.4489
954.8160,197.3752,980.9604,294.9594,825.7540,336.5417,799.6096,238.9575
954.6697,196.2978,982.8735,296.7490,834.4069,338.4342,806.2031,237.9830
955.9575,196.8961,979.4854,303.6872,832.7460,336.0164,809.2180,229.2253
957.8292,199.5401,974.4820,306.2486,837.8644,327.5689,821.2117,220.8605
948.1963,189.6170,991.9258,289.4605,858.6402,347.8370,814.9107,247.9935
965.2220,217.2758,958.7004,328.6721,830.5755,321.1712,837.0971,209.7747
972.2978,223.6564,957.6703,332.6795,828.7570,315.3834,843.3845,206.3603
959.0894,213.3915,963.2844,317.5793,837.5045,322.6437,833.3094,218.4559
959.1490,213.9026,961.0039,320.6866,838.6166,322.8125,836.7617,216.0285
960.5309,214.9932,958.9489,323.9817,836.6793,322.2070,838.2613,213.2184
958.5513,208.0711,969.4000,311.4360,847.2592,324.2553,836.4105,220.8904
959.0747,210.4428,963.6120,313.3428,845.9651,318.5304,841.4278,215.6304
955.6720,203.1681,976.8412,298.9012,857.8469,325.2141,836.6777,229.4810
956.4701,204.1085,974.8412,297.3152,860.6843,319.8158,842.3131,226.6090
956.6495,204.5614,973.6517,297.0109,862.1057,317.5252,845.1034,225.0756
956.3594,204.6237,975.3558,296.6842,864.7066,319.5164,845.7101,227.4559
955.2310,202.4138,981.1172,291.7386,868.1806,324.4675,842.2944,235.1428
947.2837,198.0106,983.4625,280.4187,879.7715,325.9410,843.5928,243.5329
856.0000,209.0000,959.0000,209.0000,959.0000,318.0000,856.0000,318.0000
855.0000,208.0000,959.0000,208.0000,959.0000,314.0000,855.0000,314.0000
856.0000,206.0000,959.0000,206.0000,959.0000,315.0000,856.0000,315.0000
899.5515,192.0921,977.7954,225.3018,934.1557,328.1194,855.9117,294.9097
887.2652,197.9708,969.6353,214.4380,946.7576,328.8741,864.3875,312.4069
890.9818,194.9334,971.7361,214.1098,944.1855,330.1290,863.4312,310.9526
894.3785,194.8057,969.2370,207.9282,947.6907,330.8416,872.8321,317.7191
893.0261,196.3527,966.4359,205.6802,951.6883,321.7471,878.2785,312.4195
889.2529,192.6101,968.2144,205.4591,949.9045,317.9791,870.9431,305.1301
892.2843,190.4089,971.3130,208.1703,946.7540,317.4445,867.7253,299.6831
962.9763,308.2804,901.0109,310.3511,897.1070,193.5273,959.0724,191.4566
966.7370,314.0459,903.8522,317.8542,896.4171,195.0791,959.3018,191.2709
969.5845,314.7218,907.8147,320.0595,896.9671,194.5273,958.7369,189.1896
970.6074,311.0972,910.8768,316.7773,899.3273,195.3252,959.0579,189.6451
969.3418,312.5392,911.5623,317.5922,900.9337,196.0560,958.7132,191.0031
968.3424,317.3865,911.4996,321.6173,901.9988,193.9704,958.8416,189.7396
969.1897,316.7249,912.3976,321.5897,901.4733,194.0567,958.2653,189.1920
967.5578,320.5010,910.6965,324.4750,901.6331,194.7913,958.4943,190.8174
968.7473,321.8837,911.9250,326.3822,901.8232,198.7815,958.6454,194.2830
969.0748,325.2677,912.2365,329.5580,902.0753,194.9410,958.9136,190.6507
967.9474,324.7616,913.0704,328.4381,904.1129,194.7379,958.9899,191.0613
966.0889,325.5845,912.1631,328.4145,905.0884,193.6000,959.0142,190.7700
964.6333,325.1907,911.6850,327.5308,905.7244,192.6625,958.6727,190.3224
968.3835,319.8219,914.5247,323.7231,905.3498,197.0549,959.2087,193.1538
965.2440,321.2305,913.3118,323.8853,906.7770,196.0522,958.7092,193.3974
964.7656,321.2448,912.8195,323.6120,907.0380,196.7437,958.9841,194.3764
966.4446,320.2605,915.5240,323.1051,908.5519,198.2997,959.4725,195.4550
964.9886,317.7493,914.0708,320.6425,907.1498,198.8390,958.0676,195.9458
964.5887,322.5963,913.6349,324.7660,908.3596,200.8782,959.3135,198.7085
965.2576,323.3517,914.3233,325.9405,908.0289,202.1004,958.9631,199.5115
964.8455,323.6768,912.8944,325.9314,907.3446,198.0518,959.2957,195.7971
965.2761,323.8293,913.3478,326.5598,906.8890,203.7295,958.8173,200.9990
964.7477,321.0815,911.7997,323.4278,906.4432,202.5464,959.3912,200.2002
965.5197,319.7961,912.5936,322.5929,906.3139,203.7587,959.2401,200.9619
963.7435,321.2681,910.7866,323.4049,905.9485,203.5025,958.9055,201.3657
900.1525,198.3048,962.0699,201.5037,955.8785,321.3439,893.9611,318.1450
899.4874,199.0737,962.3828,202.7034,955.5842,320.5074,892.6888,316.8777
898.2929,197.7743,961.2516,200.0549,956.6938,325.8772,893.7351,323.5966
897.6970,198.0965,960.6746,199.7736,957.2780,327.3198,894.3004,325.6427
895.9304,198.9179,960.8994,200.9237,957.0117,326.8512,892.0427,324.8455
896.0729,198.2842,961.9940,201.5094,955.8906,326.2584,889.9695,323.0332
901.6973,193.1730,968.9152,203.4563,949.8608,328.0073,882.6429,317.7239
963.5673,320.2004,907.6027,322.1929,903.1553,197.2720,959.1199,195.2796
962.4355,318.0533,906.4544,319.5065,903.3145,198.5472,959.2956,197.0940
963.5445,316.6747,906.5744,318.5215,902.7189,199.5840,959.6890,197.7372
962.9817,316.8076,905.0032,318.3861,901.7646,199.4302,959.7432,197.8517
964.3093,315.9612,906.3530,318.2118,901.6965,198.3022,959.6528,196.0516
965.8928,316.2264,905.9880,319.6049,899.4563,203.7889,959.3611,200.4105
962.8552,319.9394,903.8749,321.4631,900.7499,200.5035,959.7302,198.9797
963.0514,318.4483,905.0812,320.3091,901.2955,202.3699,959.2656,200.5091
964.1633,322.4311,904.2073,324.7306,899.5317,202.8202,959.4875,200.5207
962.5704,316.1153,902.5951,317.8384,899.3498,204.8851,959.3251,203.1619
896.6246,200.8018,962.4933,204.9614,955.4977,315.7408,889.6289,311.5812
896.7475,200.4135,961.6783,203.4107,956.3755,318.2884,891.4447,315.2911
897.4748,198.0461,962.3682,201.7683,955.7254,317.5779,890.8321,313.8557
900.3712,193.7235,965.0370,200.3059,953.3912,314.7147,888.7254,308.1323
901.2739,197.9701,965.7656,206.0835,952.6594,310.2623,888.1677,302.1490
901.6616,198.9386,966.1256,207.2692,952.2839,314.3785,887.8200,306.0479
932.8124,194.8800,990.2088,244.6963,909.1143,338.1302,851.7179,288.3140
926.8157,193.9953,988.6324,241.5631,913.4580,339.2561,851.6413,291.6883
927.4809,193.8795,989.4598,242.8653,911.7402,341.1994,849.7613,292.2136
933.9370,194.1699,990.7344,244.6680,907.8909,337.8457,851.0934,287.3476
921.5090,192.3721,987.1883,238.0473,917.5336,338.2083,851.8542,292.5331
932.1239,194.3318,990.3809,244.6818,909.0270,338.8115,850.7700,288.4614
926.7762,193.9268,989.0126,242.5850,912.2384,340.7832,850.0020,292.1249
921.3240,191.6849,987.6295,238.2099,916.4061,339.7147,850.1006,293.1897
924.6039,192.5928,988.1878,239.4766,914.6201,339.2493,851.0362,292.3655
918.0577,192.5908,986.4682,237.8015,920.3062,337.9144,851.8958,292.7037
929.2380,194.9316,989.5987,247.4349,909.0788,340.0050,848.7181,287.5018
931.7503,192.9421,991.8809,250.1550,903.7690,342.7602,843.6385,285.5473
946.9610,199.9792,990.2798,270.7781,888.8224,332.8555,845.5037,262.0567
974.2034,222.3403,959.5661,314.1812,846.7114,296.1948,861.3488,204.3539
979.7379,225.7146,959.1035,317.4218,845.1545,291.7829,865.7889,200.0757
970.0170,319.5747,902.3596,326.3914,891.2323,215.9505,958.8898,209.1338
987.8062,235.8748,956.7698,322.4816,845.4487,282.5885,876.4852,195.9817
973.5571,224.5065,959.0298,314.3394,839.6010,295.0261,854.1282,205.1932
974.7346,307.9755,903.7853,320.2308,886.7640,221.6901,957.7134,209.4347
979.8630,227.9678,959.5777,313.5979,849.7466,287.5796,870.0319,201.9495
851.0000,212.0000,959.0000,212.0000,959.0000,331.0000,851.0000,331.0000
987.4130,296.9148,909.9125,329.3134,870.9570,236.1283,948.4575,203.7296
995.7997,251.5053,951.2606,323.9019,844.0800,257.9634,888.6190,185.5668
993.3022,280.1731,926.3441,327.5082,861.1140,235.2367,928.0720,187.9016
1000.2914,265.1432,939.1243,333.8643,832.6246,239.0714,893.7916,170.3503
998.8907,252.8699,950.8162,324.1779,829.7955,242.5881,877.8700,171.2800
1001.5170,265.5046,938.9707,334.3302,830.8052,236.0331,893.3516,167.2076
999.9313,251.3166,954.3696,323.0740,829.9906,244.1007,875.5524,172.3433
1001.6119,260.7758,947.0078,331.0566,829.8394,240.0234,884.4435,169.7426
999.3193,252.4153,952.4515,325.7120,827.0895,245.5521,873.9573,172.2554
997.0831,244.5775,953.3572,322.0955,825.6931,250.0834,869.4191,172.5654
989.0226,234.2937,955.0391,312.2047,826.9763,256.3456,860.9599,178.4347
987.8511,232.4117,954.6758,312.8381,825.5646,259.5807,858.7399,179.1543
988.8067,232.9746,954.6998,311.9222,827.1880,256.8347,861.2948,177.8871
990.5279,236.1684,954.1725,314.1061,827.8987,255.2035,864.2541,177.2658
990.2222,234.9267,953.7111,313.8947,827.6498,255.6099,864.1609,176.6419
988.6168,233.1074,955.0448,311.1966,828.3977,256.7486,861.9697,178.6594
988.8368,233.2419,954.2825,310.9015,828.4347,254.9059,862.9890,177.2464
990.8665,236.9358,953.2569,314.2761,828.3198,253.5209,865.9294,176.1806
988.9137,234.7638,953.4825,312.0272,829.0291,254.9558,864.4603,177.6924
990.8187,237.2471,953.6812,313.7050,829.0029,253.1458,866.1404,176.6879
990.4034,234.5889,954.2379,312.6149,828.9356,254.5366,865.1010,176.5106
989.1750,231.9554,954.8903,311.9151,827.9378,257.4810,862.2226,177.5213
991.6458,236.9371,952.7387,313.6329,831.5082,252.1339,870.4153,175.4381
997.0954,247.5187,949.4122,319.0890,833.3898,241.7900,881.0729,170.2197
1000.7538,256.4808,946.9263,324.8300,831.1323,233.6379,884.9597,165.2888
1000.4524,251.2950,950.3136,322.3942,828.8936,236.7693,879.0323,165.6701
1002.7009,259.6081,949.1967,326.9379,827.7688,230.4442,881.2730,163.1144
1003.2067,258.9439,949.8773,326.4122,824.8083,227.5532,878.1377,160.0848
1003.4821,258.2951,951.9827,325.9177,823.6556,228.1877,875.1549,160.5651
1003.6169,257.1594,952.3943,324.9918,824.0593,228.0815,875.2820,160.2491
1001.6089,253.7507,951.9824,322.7595,823.4710,230.3425,873.0976,161.3338
1001.3163,251.5355,951.3210,322.7357,820.0870,230.5859,870.0823,159.3857
1004.7476,257.2632,952.3952,325.4924,822.4123,225.7565,874.7646,157.5273
1004.4141,258.1697,953.0538,325.8981,821.3718,226.0401,872.7321,158.3117
1003.9258,257.8046,951.2740,327.0634,819.8865,227.1802,872.5383,157.9214
1004.6349,259.7951,951.0238,328.3141,820.2408,225.9860,873.8518,157.4670
1005.0587,258.7981,951.6192,328.7140,819.3625,227.6250,872.8019,157.7091
1002.6896,254.7456,951.2169,324.8852,819.7289,228.3915,871.2016,158.2519
999.6133,251.1784,950.6408,321.8727,819.2844,230.8775,868.2568,160.1831
997.7059,249.4406,949.3228,320.5397,819.8516,232.4341,868.2346,161.3351
993.7485,242.1587,946.0455,319.2920,817.5815,239.8435,865.2844,162.7103
986.8939,231.2481,945.9879,311.2564,817.8622,245.7494,858.7682,165.7411
989.7148,230.3202,950.1447,312.4294,817.6534,248.5791,857.2235,166.4699
990.5953,232.3266,950.2390,314.8908,819.6481,251.0596,860.0044,168.4955
991.4256,234.3562,952.7159,317.8161,822.8409,257.5786,861.5507,174.1187
984.2615,224.3929,956.3472,313.4957,825.8940,272.6272,853.8083,183.5243
973.3700,216.7365,957.7990,311.5992,826.8781,290.1094,842.4491,195.2467
966.7877,212.5801,958.7662,309.5390,829.0688,298.8090,837.0903,201.8501
967.1559,215.0671,958.8846,310.5424,828.2000,299.2208,836.4713,203.7455
965.6317,215.1298,958.9435,307.2772,828.9525,297.8423,835.6407,205.6949
964.5037,213.9385,959.1465,305.4320,828.2774,297.7693,833.6345,206.2758
964.3583,213.5387,959.6367,305.5799,827.5151,298.8023,832.2366,206.7611
964.8542,214.2606,959.0650,307.2348,828.9686,299.1342,834.7578,206.1599
967.9553,216.1463,959.0465,309.8322,828.0500,297.3755,836.9588,203.6895
967.7565,214.4431,959.4042,309.6014,828.4891,298.1106,836.8414,202.9524
968.7672,215.6282,959.3433,311.7532,827.4658,298.8242,836.8896,202.6992
971.1661,217.6139,958.7214,314.4184,825.8834,297.3414,838.3281,200.5369
962.1115,213.4412,959.5347,305.4870,819.7958,301.5752,822.3726,209.5294
959.4886,213.9137,960.7252,305.9326,814.2086,307.9015,812.9720,215.8826
959.1520,212.9087,961.3716,306.2281,807.9918,309.8763,805.7722,216.5568
958.8222,212.2633,963.1616,305.3369,804.3432,312.7415,800.0038,219.6679
958.9271,213.2545,960.8966,310.0269,802.3471,313.2537,800.3776,216.4814
962.3611,217.1209,959.6368,315.6717,800.9926,311.2862,803.7169,212.7354
965.0703,218.0757,959.6757,317.2126,799.5410,308.4987,804.9356,209.3618
965.3893,218.8844,959.7951,318.6928,798.3257,309.6425,803.9200,209.8341
967.1235,221.5023,959.7926,320.1416,798.0919,308.1240,805.4227,209.4846
966.0275,221.6340,959.2698,320.7906,794.7987,309.5817,801.5564,210.4250
961.9921,220.7857,959.8073,316.8948,782.2957,312.8595,784.4805,216.7504
960.3600,220.1617,959.0997,317.2732,775.4842,314.8902,776.7446,217.7786
958.9745,218.9012,960.4139,314.6073,768.0286,317.5007,766.5891,221.7946
959.4599,220.1644,960.8855,313.7633,764.6789,316.7518,763.2533,223.1529
959.8237,220.5740,960.8647,314.8176,760.0444,317.0359,759.0034,222.7923
959.7582,221.7007,959.8752,316.3656,758.0510,316.6152,757.9339,221.9503
959.8542,222.7840,959.1544,317.0173,756.4012,315.5116,757.1011,221.2783
960.3792,221.9505,959.4002,317.0060,756.0839,314.9121,757.0629,219.8566
959.5899,222.2551,959.4318,316.1797,757.8000,315.8403,757.9581,221.9158
960.6207,222.7742,959.8976,319.5112,757.8746,318.0012,758.5977,221.2642
961.0168,223.3493,959.8395,320.1156,753.9706,317.6109,755.1479,220.8447
961.1310,222.3792,959.4113,319.7720,753.7701,316.1409,755.4898,218.7481
961.6876,223.4714,959.0662,321.2742,768.9359,316.1781,771.5573,218.3754
962.5201,223.8901,959.6032,321.3966,772.3909,315.7962,775.3078,218.2897
964.5733,224.9152,959.4025,324.4989,771.7582,314.7556,776.9290,215.1719
962.5522,223.7632,959.2521,319.0110,769.4994,312.4366,772.7995,217.1888
959.3596,220.2335,960.0292,313.8992,767.6381,315.2747,766.9684,221.6090
963.7739,224.2481,959.7641,321.4099,764.0279,313.3321,768.0377,216.1703
962.9645,223.1632,959.8840,319.1021,762.4640,312.7632,765.5445,216.8243
961.6797,222.8397,959.1807,317.8710,760.3215,312.6415,762.8206,217.6102
961.1602,221.6533,959.7812,316.7548,757.9053,313.8277,759.2843,218.7262
960.5001,220.7737,959.8289,314.1962,755.8309,312.7305,756.5021,219.3080
962.8495,222.3082,959.9080,318.2635,757.9059,312.0711,760.8474,216.1159
961.8297,222.5816,959.1771,317.4494,757.5095,311.8105,760.1621,216.9427
962.9054,224.0217,959.6671,318.8065,752.4628,311.7273,755.7012,216.9425
963.7181,226.9584,959.6417,320.2212,743.5399,310.7755,747.6164,217.5127
963.0906,228.7996,959.5146,320.0075,742.2215,311.4883,745.7974,220.2804
962.1584,230.0072,958.8044,320.7396,739.9706,312.6504,743.3246,221.9180
964.5653,233.0595,959.2526,323.2003,738.0927,310.1657,743.4053,220.0248
964.9852,234.3149,959.2892,325.3233,735.4901,311.3163,741.1860,220.3079
969.1431,247.5699,958.4717,330.8480,735.3926,302.2620,746.0641,218.9839
968.1509,247.2280,958.3844,330.1288,733.7548,303.6655,743.5212,220.7646
967.4880,246.0999,958.6921,329.9583,735.5272,306.5503,744.3232,222.6919
965.3035,242.4931,958.8477,330.0358,730.4678,313.1940,736.9236,225.6513
965.0505,241.2849,959.2752,328.0196,728.7856,312.6721,734.5609,225.9375
968.7811,245.2786,958.4166,330.7476,728.1039,302.8185,738.4684,217.3495
968.6115,246.8438,958.5019,331.0631,727.2533,303.3043,737.3629,219.0850
965.1117,236.4227,959.6906,323.7872,728.1359,309.4188,733.5571,222.0543
964.3225,240.0284,959.3959,323.6453,727.7976,309.9999,732.7241,226.3831
966.9935,247.3267,958.8073,325.1622,724.1018,300.4778,732.2880,222.6422
964.1752,236.3696,959.4497,321.3076,724.2919,308.2248,729.0174,223.2869
968.7755,258.6614,958.0312,329.4854,712.8366,292.2885,723.5809,221.4644
968.7897,258.0422,957.5273,330.7349,710.4748,292.4586,721.7372,219.7660
967.5876,252.8403,958.3271,328.1410,708.2114,297.3817,717.4719,222.0810
968.2531,253.8023,958.2708,327.8939,705.5541,293.8457,715.5364,219.7542
967.4792,245.1110,957.3097,328.1765,707.5872,297.6035,717.7567,214.5380
966.1533,242.5644,957.8696,327.6853,712.9619,303.8517,721.2455,218.7308
968.1920,257.8568,957.1699,330.6895,705.9285,292.6679,716.9507,219.8352
964.7141,259.6949,954.6945,327.5442,705.3981,290.7295,715.4177,222.8801
959.8896,253.5687,958.9592,334.6252,756.9725,332.3067,757.9030,251.2502
959.1758,250.9297,963.9042,331.7577,786.1143,342.1584,781.3858,261.3304
958.4532,250.1801,967.0864,331.6826,796.8995,349.7096,788.2664,268.2071
959.0103,253.2415,964.4673,329.7382,788.8873,342.2636,783.4302,265.7669
958.6942,251.3724,966.5485,332.0656,810.7155,347.2336,802.8611,266.5405
2
0
0
0
0
1
612.3253,263.7070,577.4913,326.7197,426.1246,243.0429,460.9585,180.0302
602.4777,250.3906,568.0324,323.3043,416.2501,251.6007,450.6953,178.6869
596.3607,239.4916,563.9209,319.1266,415.2350,258.5586,447.6747,178.9236
592.8458,240.8936,561.3925,318.7826,413.1491,258.9184,444.6025,181.0295
590.2468,234.9186,559.9412,317.5356,412.5816,263.4810,442.8873,180.8640
589.8459,237.7054,559.8568,318.5588,410.7138,263.2406,440.7029,182.3872
589.5729,230.6431,561.6814,315.8705,411.3361,266.6683,439.2277,181.4410
591.6501,232.8711,562.6838,317.0448,411.5082,265.0215,440.4745,180.8478
591.9064,227.6969,564.7997,314.5659,412.2871,266.9757,439.3938,180.1067
593.6178,227.2947,566.4337,316.0502,412.3288,268.8509,439.5128,180.0954
594.4746,228.9032,567.3132,316.8024,410.5257,268.3540,437.6871,180.4549
593.6418,233.9096,565.2780,318.4482,408.4042,265.8151,436.7679,181.2765
592.3141,229.6903,566.5508,316.9200,409.4196,270.5112,435.1830,183.2815
592.1235,231.6010,565.3063,317.6362,407.0245,268.2998,433.8417,182.2645
591.4061,228.8716,567.0522,316.0458,406.8856,271.3001,431.2395,184.1259
591.5240,227.5431,571.4080,314.4132,406.4734,276.2203,426.5894,189.3502
588.7690,218.8161,578.5931,306.4310,405.8129,286.3636,415.9888,198.7487
588.2918,216.1426,582.1721,303.9539,405.1735,291.6186,411.2932,203.8074
583.4083,211.3651,581.3027,300.0127,406.7352,295.8665,408.8407,207.2189
579.3334,208.1952,579.8125,297.8929,407.3557,298.8139,406.8766,209.1162
577.5933,207.2421,579.5620,296.4213,405.2000,300.2705,403.2313,211.0914
569.3143,201.7987,575.3504,290.1382,405.7617,301.7259,399.7256,213.3863
565.5681,199.9633,573.5912,288.1288,405.4606,303.4290,397.4374,215.2635
561.6891,196.5406,571.6933,285.9575,403.7412,304.7483,393.7371,215.3313
561.6028,194.8356,573.8171,284.4296,403.3936,307.6633,391.1793,218.0693
558.5070,191.6979,572.9734,281.6375,400.3388,309.4050,385.8724,219.4655
550.5762,186.8084,569.8105,277.6949,401.0047,313.4194,381.7704,222.5329
549.2514,186.3199,568.8766,276.1116,399.9926,313.0234,380.3674,223.2318
547.9798,185.9673,567.8433,275.0410,400.3044,312.4023,380.4409,223.3286
544.9000,177.7983,571.1769,274.0584,405.8376,319.1924,379.5607,222.9323
542.0944,177.6550,569.2499,273.2001,406.5454,319.4435,379.3899,223.8985
530.4053,175.5780,563.7592,273.8694,410.9139,325.7355,377.5600,227.4441
525.9242,175.1137,561.0875,266.3994,412.7147,323.5527,377.5514,232.2670
517.9720,171.5534,558.1959,260.1900,417.9604,323.8297,377.7366,235.1932
512.5242,169.4701,558.7607,259.0082,421.0392,330.1261,374.8027,240.5881
506.3753,167.1222,561.5892,263.8226,430.4591,338.6952,375.2452,241.9948
504.6765,166.0716,561.7327,259.7720,431.0535,339.3455,373.9972,245.6451
492.7917,164.7158,561.3779,252.7850,440.1956,347.1589,371.6094,259.0896
485.7938,163.1880,559.8771,246.8743,445.2373,348.3593,371.1540,264.6730
477.3959,163.8584,560.1171,245.6743,454.6700,352.2881,371.9488,270.4722
473.3516,164.9049,557.6504,243.1711,455.0826,353.6445,370.7838,275.3783
491.1189,174.2441,553.4487,266.2813,435.6585,346.0517,373.3287,254.0145
484.2859,173.4409,554.4147,258.3120,441.8660,351.3108,371.7372,266.4398
488.7043,176.7872,551.8000,263.5527,439.3817,345.3031,376.2860,258.5376
483.2785,176.8386,550.3450,262.2867,441.0023,348.1074,373.9359,262.6593
481.6705,179.0793,547.8932,266.6898,437.0068,350.5062,370.7841,262.8957
470.8527,182.1203,544.4948,263.2964,442.1459,356.1464,368.5037,274.9704
457.3116,181.8252,543.5366,255.1505,453.8264,360.6429,367.6014,287.3176
453.7113,184.4421,540.3263,254.1600,455.0834,360.0627,368.4684,290.3448
463.9843,186.8057,539.2142,269.0940,443.2675,356.8108,368.0376,274.5225
466.6945,187.7333,536.6815,272.8848,435.4784,356.0649,365.4913,270.9134
457.3542,184.8285,535.2830,266.3830,440.5706,356.8847,362.6418,275.3303
463.1681,187.8046,531.3892,274.0484,429.4314,354.6996,361.2103,268.4557
483.5868,194.5079,529.7688,292.9070,411.8124,348.2679,365.6304,249.8688
487.9427,196.5486,528.7139,295.6592,406.7132,345.8467,365.9420,246.7360
479.4227,194.3420,528.5102,287.8514,414.2913,347.8102,365.2039,254.3008
478.4422,194.5349,528.7950,288.8210,415.0051,349.5897,364.6522,255.3036
484.3271,199.2527,525.9661,298.6366,406.9867,348.4855,365.3478,249.1016
482.0501,197.8444,526.0101,295.2974,408.4201,348.3409,364.4602,250.8879
484.9363,199.0016,525.1025,298.2117,405.0589,346.8127,364.8926,247.6026
493.8891,206.1213,520.1212,305.7440,395.2284,338.6300,368.9963,239.0073
489.4664,205.1881,518.3223,306.9023,395.1818,341.8367,366.3259,240.1225
492.3327,208.6786,514.8176,310.5276,390.1640,338.0471,367.6791,236.1980
500.1503,212.9422,512.0820,313.4962,383.9807,328.6967,372.0490,228.1427
496.7860,211.5090,510.8867,314.9773,385.0498,332.1264,370.9492,228.6581
489.0731,207.2409,512.2837,310.8625,388.3546,338.6219,365.1440,235.0003
481.8831,199.6787,520.5826,300.7680,396.3733,348.3184,357.6738,247.2291
464.4361,191.9662,523.0052,282.2376,411.4317,354.6279,352.8626,264.3564
462.7274,192.7219,522.5464,281.4196,412.2795,355.7850,352.4606,267.0873
459.7489,192.0412,522.3627,278.9853,410.9204,359.2418,348.3066,272.2977
452.3770,191.6243,520.7081,274.6544,414.8576,361.7659,346.5265,278.7358
451.7745,186.4668,524.6016,269.5909,418.6499,362.4178,345.8228,279.2938
456.4283,189.1425,524.6177,274.4097,413.9149,362.9403,345.7255,277.6731
462.6416,189.9666,523.5540,277.1064,407.2386,358.4132,346.3262,271.2733
460.7218,188.2064,524.8047,276.1865,409.8872,359.8901,345.8043,271.9100
474.3364,191.7169,524.1199,283.5609,401.6960,349.9202,351.9124,258.0762
492.8702,199.3957,523.3923,291.7899,380.9185,338.8555,350.3965,246.4614
494.9424,203.0112,521.6013,293.3778,374.0589,336.9041,347.4000,246.5375
498.2699,203.1325,523.6213,293.6256,373.0280,335.8140,347.6766,245.3208
498.3863,203.1749,522.1776,296.1361,370.8494,334.8650,347.0581,241.9038
495.9798,202.0087,521.2847,295.0236,371.6129,335.7423,346.3079,242.7275
486.8855,199.3757,516.1303,289.0110,372.3799,335.9116,343.1351,246.2763
490.3123,200.4566,518.5738,292.8565,371.4165,337.8662,343.1550,245.4663
489.1691,199.3479,517.8257,292.3270,371.2207,337.5114,342.5641,244.5323
489.3617,199.6143,518.6329,296.6755,370.8608,341.2397,341.5897,244.1786
487.1614,197.2794,519.2820,292.5849,372.3439,342.1071,340.2233,246.8017
491.9434,200.5316,517.1099,296.3231,363.0043,336.8099,337.8379,241.0184
490.1842,203.7625,512.8105,295.3482,350.6120,335.4194,327.9857,243.8337
485.6953,198.3157,515.0055,295.8459,375.6772,337.7174,346.3671,240.1872
492.6296,203.6497,512.9845,294.8138,346.0374,332.0893,325.6826,240.9251
484.2768,195.7730,514.9727,293.6483,373.2967,338.0811,342.6008,240.2057
500.2166,206.6285,513.2182,295.8109,335.9025,321.6611,322.9009,232.4787
500.2633,206.8652,511.7651,294.2073,330.8793,318.0275,319.3775,230.6854
498.6366,203.8565,512.5762,292.2830,334.6792,320.3267,320.7396,231.9002
501.1161,206.4488,512.4315,294.1632,328.1198,317.9399,316.8044,230.2255
490.3399,196.9485,511.6779,289.6954,342.2932,328.6652,320.9552,235.9184
488.0495,197.1104,508.7245,288.0365,339.7048,326.4688,319.0297,235.5426
491.9655,201.5810,505.9698,291.5276,322.5133,320.0911,308.5089,230.1445
490.5467,201.2671,505.4120,289.9125,326.1286,319.9774,311.2632,231.3320
490.4098,199.4187,505.4060,289.6968,322.0558,320.1533,307.0597,229.8752
488.4156,198.6131,503.9247,290.5084,319.9003,321.5660,304.3912,229.6707
484.3675,197.8707,501.7147,289.6016,321.4380,323.6937,304.0909,231.9627
486.0638,194.6646,504.9164,281.2796,319.7462,321.5835,300.8937,234.9685
481.2564,192.5717,502.5324,283.6960,327.8528,324.4808,306.5768,233.3564
484.0445,194.3690,503.2496,281.7636,326.4677,320.6116,307.2626,233.2170
483.7654,188.5533,505.3361,275.8300,326.7109,319.9778,305.1401,232.7012
477.9190,184.5107,504.6814,271.9355,331.6090,324.9161,304.8466,237.4913
482.0011,183.1669,507.8694,270.5777,330.4745,323.0758,304.6062,235.6650
481.5977,185.5223,506.5040,275.2907,329.2018,324.4834,304.2954,234.7150
482.1064,187.9486,503.9556,281.0102,327.7469,322.3807,305.8978,229.3192
479.6624,183.7169,506.7487,284.8308,329.9812,332.1831,302.8949,231.0693
483.7174,191.3330,504.0625,292.3013,324.6682,328.4492,304.3231,227.4809
484.3820,191.9887,504.7992,294.3954,326.3120,329.9809,305.8948,227.5742
484.2299,194.3866,504.1075,297.8861,327.3380,331.8355,307.4604,228.3359
487.3601,200.3345,502.0587,298.3982,320.0914,325.6729,305.3929,227.6093
481.4135,201.1111,497.5658,307.5122,316.6386,334.9780,300.4863,228.5769
468.7630,194.6209,493.0276,300.6371,319.5143,340.3502,295.2497,234.3339
464.3257,195.0603,488.0941,297.8986,315.6403,337.7568,291.8718,234.9186
456.2201,193.4993,482.5029,295.1371,301.2185,342.0159,274.9358,240.3780
448.6133,189.0174,480.6341,292.4893,294.4155,350.1172,262.3947,246.6453
439.1537,187.3725,476.5174,289.8739,291.4307,357.3416,254.0669,254.8402
433.8625,192.0504,466.2396,306.4683,272.8338,361.1967,240.4568,246.7789
425.8699,188.1326,463.6651,302.3204,274.7448,364.8514,236.9496,250.6636
412.0814,185.6820,459.1669,306.4758,283.0723,375.1176,235.9868,254.3239
410.2325,186.1877,455.2693,305.8318,281.1938,371.3580,236.1569,251.7140
404.3082,185.8736,452.0828,306.5700,282.8575,373.5536,235.0829,252.8573
402.3060,186.0525,448.0043,309.2070,280.1852,371.4787,234.4870,248.3242
413.5397,209.7289,430.0509,337.0748,213.8569,365.1057,197.3458,237.7597
416.2043,212.9698,430.6256,338.1587,199.2625,364.8109,184.8411,239.6221
406.5695,226.1886,411.7459,346.7128,198.2842,355.8807,193.1078,235.3565
406.6133,290.9111,366.8856,383.9181,185.2066,306.3143,224.9343,213.3073
404.2868,247.2070,391.5916,359.1348,170.3092,334.0363,183.0043,222.1085
368.4632,284.8947,330.4829,371.4628,167.7838,300.0813,205.7641,213.5132
368.0718,274.0750,336.1249,363.1286,165.8669,302.0506,197.8138,212.9970
367.4081,281.0831,331.3357,368.0070,163.6480,298.4184,199.7204,211.4946
362.6924,280.8051,325.9043,368.5892,165.3985,301.3252,202.1866,213.5411
364.5334,280.7549,330.6417,368.1010,164.2541,303.5400,198.1458,216.1938
365.7331,281.6365,328.4044,369.7569,164.2878,300.2356,201.6164,212.1152
365.2170,289.6983,326.9297,370.2065,164.0085,292.7260,202.2957,212.2178
363.6106,286.4725,325.1432,368.7798,161.9879,292.5269,200.4552,210.2197
361.9019,283.7773,327.0526,365.6738,160.1443,294.6497,194.9935,212.7531
358.7939,279.0034,327.4387,364.4269,151.7335,299.9333,183.0886,214.5098
357.4606,272.8016,329.4682,361.1638,148.4498,303.8187,176.4423,215.4565
341.3623,261.0573,322.5562,349.2223,149.4021,312.2876,168.2082,224.1226
336.8302,245.6252,325.2793,342.4529,149.9746,321.5403,161.5255,224.7126
332.3301,234.2191,328.9790,337.0929,149.8487,331.2579,153.1997,228.3841
327.0046,241.4888,315.6571,339.0676,139.1009,318.5356,150.4485,220.9568
293.9317,240.8539,285.9961,329.5675,138.1418,316.3416,146.0774,227.6280
307.3466,229.7046,308.4503,327.1829,150.8492,328.9672,149.7456,231.4889
304.6416,227.2677,309.5415,323.8213,150.5579,331.8894,145.6580,235.3358
302.9850,229.7122,303.9575,328.6145,147.4179,330.1537,146.4454,231.2514
298.2893,233.6574,300.8299,321.1580,134.2128,325.9958,131.6722,238.4952
303.1454,232.8170,303.9438,322.4369,122.1837,324.0562,121.3853,234.4362
304.6430,229.6398,308.7720,319.2419,113.0517,328.2610,108.9227,238.6589
299.4938,231.1553,301.9286,320.6510,108.9004,325.9025,106.4656,236.4068
303.8098,231.4544,305.9354,321.7240,105.1823,326.4512,103.0567,236.1816
288.5266,233.9800,288.5991,325.2705,111.1112,325.4115,111.0387,234.1209
303.6305,228.0263,308.2973,320.6218,112.7013,330.4799,108.0345,237.8844
304.9373,228.8185,309.0644,322.3636,111.8995,331.0621,107.7724,237.5171
305.0609,226.7062,310.0123,322.9496,112.5040,333.1110,107.5525,236.8675
290.3513,226.7267,296.3065,322.4801,113.0432,333.8777,107.0881,238.1243
298.1931,223.5160,303.1961,327.3528,115.0100,336.4198,110.0070,232.5830
306.2656,225.0271,310.5091,326.5410,111.8352,334.8460,107.5916,233.3322
290.6286,211.0468,311.4605,308.0587,145.0751,343.7875,124.2432,246.7757
297.2158,218.9459,308.2355,320.6485,138.6806,339.0202,127.6609,237.3176
313.9045,217.7096,323.7712,321.5516,136.8615,339.3111,126.9947,235.4692
310.9190,213.0125,325.7441,311.7173,134.6187,340.4236,119.7936,241.7187
289.6527,211.5632,308.4676,309.3590,133.7863,342.9659,114.9714,245.1702
275.9909,203.8336,303.6325,292.4630,140.0932,343.4673,112.4516,254.8380
277.9922,201.4798,306.4458,290.1071,136.7152,344.5987,108.2616,255.9713
275.9185,203.2137,303.2585,291.3523,136.9274,342.9470,109.5874,254.8084
283.7816,202.0302,309.5508,288.9178,133.9195,341.0068,108.1502,254.1191
285.9583,200.6470,312.9099,287.1825,131.8083,343.5869,104.8567,257.0514
290.0685,201.9768,314.0585,287.4030,128.2121,339.5937,104.2221,254.1676
292.5353,202.3307,314.8400,287.8031,122.7625,337.9272,100.4578,252.4547
295.5207,202.7499,315.9484,285.7157,109.2890,336.5991,88.8613,253.6333
298.6863,203.1679,317.1341,287.8083,98.9576,335.3610,80.5097,250.7206
299.0159,204.1014,316.8276,286.1553,96.1425,334.0602,78.3308,252.0063
300.5243,205.5480,317.5700,286.9576,83.7384,335.9176,66.6928,254.5079
301.1450,204.1163,318.5388,287.1239,85.0153,336.0577,67.6214,253.0502
304.4496,202.5650,322.3432,285.2574,87.1899,336.1416,69.2963,253.4492
305.6286,204.6627,322.1373,286.9585,79.4156,335.6490,62.9069,253.3532
319.3980,214.6944,327.2894,310.7446,72.8446,331.6495,64.9532,235.5993
304.9834,207.2248,320.2681,290.2398,86.0632,333.3615,70.7785,250.3465
308.2990,205.8152,323.3475,289.0204,85.5529,332.0282,70.5043,248.8230
316.3998,210.1739,328.5475,295.7649,79.6402,331.0914,67.4926,245.5005
322.5659,220.5042,327.6419,315.8577,79.8298,329.0494,74.7539,233.6960
323.3282,225.7440,325.5976,320.9174,76.3491,326.8608,74.0797,231.6874
321.0655,230.6917,319.0125,328.8857,67.7598,323.6328,69.8127,225.4387
318.2150,236.3355,312.0668,333.6642,60.5886,317.7783,66.7368,220.4496
316.2488,237.9086,309.0697,335.2292,55.8198,316.5476,62.9989,219.2271
318.7483,239.1150,311.4622,334.6612,49.1328,314.6565,56.4190,219.1103
313.4305,236.5566,308.6051,328.0357,49.4671,314.3664,54.2925,222.8873
291.5947,238.5700,285.1075,329.6875,44.7991,312.5782,51.2864,221.4608
292.7224,239.7243,285.7146,331.2403,44.4267,312.7637,51.4346,221.2477
290.9098,239.9371,284.8317,331.1721,44.8116,315.1819,50.8896,223.9470
283.0981,233.0883,279.7960,323.7747,37.8410,314.9646,41.1431,224.2782
287.0328,237.0252,282.5960,329.4643,43.1679,317.9725,47.6047,225.5334
280.9907,226.7457,285.7828,314.8310,46.7558,327.8347,41.9638,239.7494
274.7532,221.8257,283.6863,311.4500,58.6895,333.8761,49.7564,244.2518
286.8660,233.6296,284.1862,335.9524,59.7147,330.0736,62.3945,227.7508
291.3972,228.7355,293.2627,331.4259,58.7447,335.6861,56.8793,232.9957
265.1588,210.5946,285.1164,311.3230,75.1971,352.9148,55.2395,252.1864
265.0179,208.8247,286.1101,314.5714,77.2248,356.2357,56.1325,250.4890
260.2617,207.8009,283.3093,309.1563,79.5119,355.4987,56.4643,254.1432
260.0553,206.6328,284.1601,310.4807,82.5208,357.2845,58.4160,253.4365
262.4428,207.7982,284.1182,317.1897,82.0468,357.2292,60.3714,247.8377
239.9897,199.1325,275.1788,298.1139,92.3866,363.0987,57.1975,264.1172
223.5937,199.4728,262.9444,292.1060,98.1933,362.0923,58.8427,269.4591
227.3108,201.3763,264.7741,301.8486,97.0542,364.3867,59.5909,263.9144
230.6956,202.1196,264.9359,299.5557,95.1162,359.2323,60.8760,261.7962
231.1654,203.9261,263.9723,303.9891,91.4054,360.5673,58.5985,260.5043
229.2072,204.0154,261.1277,295.1942,84.3615,357.0777,52.4409,265.8989
232.4608,206.4800,261.2144,302.3945,82.5174,355.9649,53.7639,260.0503
238.5685,210.3251,262.7266,311.9134,81.1479,355.0934,56.9899,253.5051
232.0741,209.4241,257.9199,307.7048,80.5348,354.3534,54.6890,256.0728
229.1721,208.2331,256.6749,304.6786,80.6802,354.8660,53.1774,258.4205
223.7335,208.8932,251.8952,302.6847,80.7100,354.0844,52.5484,260.2930
226.5101,210.6447,251.5792,307.5106,78.2886,352.3586,53.2194,255.4928
224.1208,209.5405,249.9562,303.1631,79.3334,350.2468,53.4981,256.6241
223.1164,212.2028,246.9034,305.5290,78.2939,348.5041,54.5070,255.1780
224.8518,213.4153,246.3481,308.3850,71.5809,347.9435,50.0845,252.9737
237.9392,221.0520,248.0614,313.6407,38.3481,336.5674,28.2259,243.9788
231.9599,222.8536,239.5132,315.0562,29.4790,332.2624,21.9257,240.0598
234.0552,222.8396,241.2860,315.1495,25.1932,332.0765,17.9624,239.7666
233.2752,222.6512,240.6427,313.7116,27.0859,330.9902,19.7183,239.9297
233.0218,222.1070,240.7303,312.4451,27.8555,330.6096,20.1471,240.2714
231.5847,220.7049,240.3754,310.4170,27.2076,331.3049,18.4169,241.5927
230.5518,220.9339,239.2254,310.6765,26.2878,331.2568,17.6143,241.5142
226.1598,218.5757,235.5356,308.8102,25.1335,330.6721,15.7577,240.4375
224.8826,218.0412,234.0581,308.2511,23.4720,329.6704,14.2965,239.4606
225.5687,217.4299,235.6356,306.5723,24.8177,330.3802,14.7508,241.2377
225.9253,217.6717,235.1822,307.2063,25.8056,328.8537,16.5486,239.3190
221.6226,217.4754,231.0946,307.5360,27.1467,328.9860,17.6747,238.9253
224.5006,217.3096,233.1892,308.6561,26.1519,328.3487,17.4634,237.0022
229.7754,222.0161,233.1252,315.8571,22.2256,323.3855,18.8758,229.5445
226.6365,226.0874,226.5346,320.5005,22.2130,320.2801,22.3148,225.8670
227.8663,233.4502,215.4806,331.9008,10.4440,306.1057,22.8298,207.6551
228.2880,235.3372,213.3837,331.9037,4.1594,299.6115,19.0637,203.0450
227.8423,238.4643,209.2453,334.8854,4.0063,295.3004,22.6033,198.8793
230.0664,238.9350,209.9915,335.7750,2.3582,292.7328,22.4330,195.8928
226.8002,241.0612,205.4028,336.4590,3.6322,291.2026,25.0296,195.8048
223.3347,241.2277,200.4297,337.6133,3.0276,290.7030,25.9325,194.3174
222.3607,242.2816,198.6384,338.7827,1.3816,290.2924,25.1038,193.7912
222.0242,240.4202,198.8733,337.6003,2.6818,290.8623,25.8326,193.6822
221.0368,241.8562,198.5719,337.1742,3.9462,291.3040,26.4112,195.9860
220.0018,241.9206,197.8722,336.9406,3.9035,291.7664,26.0331,196.7464
219.8988,240.9420,197.7141,336.8685,2.3224,291.6807,24.5071,195.7543
220.0824,241.0905,197.6736,336.4534,3.8487,290.9076,26.2575,195.5447
219.9832,242.3585,196.8546,337.3333,1.9175,289.8618,25.0461,194.8869
221.1437,243.6673,194.9252,339.3317,-0.1908,285.8567,26.0276,190.1924
222.1711,245.9714,193.0859,340.7840,-1.1477,281.2000,27.9374,186.3874
228.1142,249.6748,198.4717,342.7219,-5.7373,277.6661,23.9052,184.6190
223.4779,251.8932,193.1059,342.0348,-6.0317,274.9382,24.3402,184.7966
226.1398,251.9957,197.2959,341.7979,-6.9941,276.1812,21.8498,186.3790
225.1553,250.4722,198.5445,340.0887,-4.9665,279.6579,21.6443,190.0414
229.2598,249.4136,204.3963,339.5785,-3.1602,282.3434,21.7034,192.1786
226.0138,248.2605,201.7258,337.5772,-3.2565,281.8361,21.0315,192.5194
226.1154,249.2001,201.4855,338.1106,-3.4573,281.3374,21.1726,192.4270
227.2587,248.6524,202.6031,338.6064,-3.1417,282.2135,21.5139,192.2595
225.5828,248.1834,201.0472,338.2036,-3.5707,282.4337,20.9649,192.4134
223.5596,248.1073,199.2346,337.0717,-3.9713,281.5104,20.3537,192.5459
224.5246,248.5452,198.0432,339.1080,-4.8890,279.7686,21.5924,189.2059
225.1953,249.4259,195.6003,341.0157,-8.4536,275.0806,21.1414,183.4909
229.1324,253.8558,196.0192,345.0229,-9.6606,270.3169,23.4527,179.1498
228.4205,253.5442,190.5263,346.6309,-11.4887,264.3935,26.4055,171.3069
227.2870,255.0418,188.4789,347.5983,-12.0423,263.5214,26.7659,170.9649
225.8241,256.7717,185.6307,347.7704,-14.0248,259.5844,26.1685,168.5856
224.0775,254.6804,184.8855,345.3365,-13.1956,259.7029,25.9965,169.0468
223.9704,255.9742,184.2023,346.0827,-14.4045,258.4305,25.3635,168.3221
224.3607,256.1364,184.5871,346.0628,-13.9086,258.2701,25.8650,168.3437
223.5742,255.2015,183.4708,346.5691,-12.8803,260.3859,27.2231,169.0183
224.5166,255.7535,184.7554,346.5472,-14.2856,259.3816,25.4755,168.5878
226.8943,256.5847,186.7015,347.8885,-13.6094,259.7095,26.5834,168.4058
225.8134,256.4413,185.0432,347.7791,-13.8835,258.9849,26.8867,167.6470
226.5236,256.6581,186.2407,347.5811,-13.6523,259.0197,26.6306,168.0967
226.1313,257.4753,186.2652,348.0676,-13.7676,260.0409,26.0985,169.4486
224.3707,256.7911,183.8688,347.0701,-13.7926,258.3932,26.7092,168.1143
224.1901,257.0994,183.1878,348.1077,-13.7250,259.3919,27.2774,168.3836
224.8064,258.0536,183.7518,348.1567,-13.3288,258.3589,27.7257,168.2558
224.3013,258.2468,183.1866,348.3092,-13.7852,258.3890,27.3295,168.3266
222.5519,258.5431,181.0730,347.9826,-12.9760,257.9897,28.5028,168.5502
224.2950,258.6588,182.8093,348.3859,-12.4625,258.1012,29.0232,168.3741
221.8187,257.7817,180.7762,346.9650,-13.1452,257.7218,27.8973,168.5385
221.0765,258.5777,179.1104,348.2487,-12.9701,258.3548,28.9959,168.6839
223.1718,257.0903,181.7329,348.3433,-12.0323,260.3527,29.4066,169.0996
220.2464,257.4729,177.8680,348.5140,-11.0286,260.5851,31.3499,169.5440
219.8329,259.1316,173.8119,350.2469,-8.0543,258.3890,37.9666,167.2738
221.8563,258.8136,175.4104,350.4668,-6.9694,258.0446,39.4765,166.3914
221.6426,258.9942,173.6686,351.2647,-7.5659,257.0359,40.4081,164.7654
220.4196,258.3271,171.4050,350.2346,-7.9994,254.5577,41.0152,162.6502
218.3075,259.1193,168.2216,349.8821,-6.7103,253.3489,43.3756,162.5861
215.8046,259.4624,164.4827,349.1685,-6.8289,251.1590,44.4930,161.4530
216.5662,260.3199,166.7697,348.8848,-6.4057,251.5151,43.3908,162.9503
219.2634,261.2964,169.7675,349.6012,-4.1851,252.0986,45.3108,163.7939
215.8351,260.4528,165.7171,348.4214,-6.1693,250.4932,43.9488,162.5246
217.6057,260.6951,167.8892,348.6532,-5.2162,250.8088,44.5003,162.8508
216.4086,259.6312,166.6209,347.3402,-4.9501,249.9486,44.8376,162.2396
217.4468,259.5540,167.8094,347.3705,-3.7507,250.3978,45.8867,162.5814
216.0124,260.9350,165.8742,347.7638,-4.4151,249.4323,45.7231,162.6035
216.7080,260.6495,166.5575,348.0066,-3.3698,250.4538,46.7806,163.0966
215.3083,261.8520,164.7516,348.3723,-4.1333,249.6870,46.4234,163.1668
215.9566,262.0882,164.6426,348.5220,-3.5265,248.6834,47.7874,162.2496
216.6142,261.0464,165.7849,348.1164,-2.6472,249.7901,48.1820,162.7200
214.3360,261.9630,162.3810,348.1334,-3.2508,248.2686,48.7041,162.0981
214.4375,260.7993,163.1733,347.7777,-2.7412,249.9893,48.5230,163.0109
214.1171,261.3566,162.2992,348.4670,1.7221,252.9472,53.5401,165.8367
219.2581,257.2680,172.5712,350.5977,11.9300,270.2391,58.6169,176.9093
216.9106,248.8241,181.9493,345.7855,23.6122,288.6940,58.5736,191.7326
213.1550,237.8696,190.3153,340.1707,37.7879,306.1175,60.6276,203.8164
207.2135,228.4975,195.7131,333.1533,48.5421,316.9809,60.0426,212.3251
205.7917,224.8581,200.6389,328.8362,54.9247,321.6151,60.0775,217.6371
201.6449,220.6830,202.8648,326.5798,61.9527,328.2030,60.7328,222.3062
198.8289,220.9704,199.3882,326.0570,61.0289,326.7934,60.4696,221.7068
195.5936,220.2051,199.4020,325.0619,63.8977,329.9834,60.0892,225.1266
194.9626,221.4719,198.3493,325.1075,65.1345,329.4609,61.7477,225.8253
193.9102,220.7312,198.2654,323.4597,67.3829,329.0084,63.0278,226.2800
194.9848,223.3925,197.7113,324.1602,63.8111,327.7831,61.0846,227.0155
191.0821,221.8825,195.0988,323.8700,64.7616,329.0033,60.7448,227.0158
189.9221,224.1266,191.9053,323.9804,63.8144,326.5245,61.8312,226.6706
190.1094,224.8853,189.7360,325.6637,63.3681,325.1955,63.7415,224.4171
187.1090,225.7202,185.5860,326.2885,63.5638,324.4406,65.0868,223.8723
188.9239,231.2210,176.8929,333.1340,61.4481,319.5056,73.4791,217.5925
187.8193,231.4930,176.0951,332.6966,61.7356,319.4483,73.4598,218.2447
190.9268,234.1503,175.1302,333.9128,60.0372,315.6888,75.8337,215.9263
190.1240,234.6218,173.1233,334.5014,61.1693,315.4455,78.1700,215.5659
191.1808,233.7863,175.0827,332.9113,62.2370,314.5849,78.3351,215.4600
196.1040,241.3586,168.7346,337.4504,59.3434,306.2929,86.7129,210.2011
69.0000,223.0000,184.0000,223.0000,184.0000,336.0000,69.0000,336.0000
68.0000,221.0000,184.0000,221.0000,184.0000,332.0000,68.0000,332.0000
69.0000,221.0000,185.0000,221.0000,185.0000,331.0000,69.0000,331.0000
195.5048,228.5789,185.7206,327.2963,66.1151,315.4418,75.8993,216.7245
191.6126,213.3454,203.7030,316.3079,75.1743,331.4004,63.0839,228.4380
197.9918,212.5086,209.9618,315.6008,71.8894,331.6324,59.9194,228.5402
193.2753,211.3120,206.1288,315.2361,72.6720,331.7423,59.8184,227.8183
206.5129,220.7031,204.2964,319.3404,63.4732,316.1759,65.6896,217.5386
195.6813,215.0742,203.3118,317.7085,69.3121,327.6709,61.6816,225.0367
206.0265,219.0902,205.3834,317.3700,66.3864,316.4604,67.0295,218.1807
185.3866,203.2000,211.7093,306.6777,83.7834,339.2195,57.4608,235.7419
184.2932,204.6423,208.1967,308.6148,79.5527,338.1903,55.6492,234.2179
186.6385,210.3944,202.3238,312.4093,71.0072,332.5999,55.3219,230.5850
196.3807,211.6064,210.4957,314.8717,68.2837,334.3103,54.1687,231.0450
189.5066,211.6488,203.0148,317.4236,68.2679,334.6317,54.7598,228.8568
196.1489,230.7273,189.7525,329.8629,56.5459,321.2682,62.9423,222.1325
194.9584,233.3288,185.5583,330.0366,54.6111,317.3083,64.0112,220.6006
202.7214,218.6361,209.4816,321.0728,62.6206,330.7647,55.8603,228.3281
208.9725,221.0534,212.6174,323.4418,63.1231,328.7637,59.4781,226.3753
211.3205,222.4329,214.7462,325.0352,63.4477,330.0867,60.0220,227.4844
218.7081,222.6988,222.0038,326.5415,63.6769,331.5664,60.3812,227.7238
225.6493,223.3828,228.4592,324.8527,61.5731,329.4741,58.7632,228.0043
226.5605,221.5695,231.3609,324.8449,63.2033,332.6610,58.4030,229.3856
229.9482,221.4822,234.7891,326.0981,64.0845,333.9972,59.2436,229.3812
228.6732,218.6916,234.8723,332.1848,64.8826,341.4698,58.6834,227.9766
230.2303,221.2699,235.7590,330.8071,65.6732,339.3919,60.1445,229.8547
231.9670,223.6101,235.4233,330.7543,64.8528,336.2567,61.3965,229.1125
232.7265,221.8209,236.5799,333.3959,67.1365,339.2478,63.2832,227.6728
234.7047,223.4797,237.9703,334.5018,66.2689,339.5523,63.0033,228.5301
235.1453,225.9157,237.9183,334.9467,67.6094,339.2782,64.8364,230.2471
234.6806,224.3351,238.7942,332.7004,70.0554,339.1057,65.9418,230.7404
236.2539,226.5508,238.3024,333.4490,70.1373,336.6716,68.0888,229.7734
239.0771,228.9279,239.1856,332.8387,69.2501,333.0161,69.1416,229.1053
239.4097,229.8620,239.0022,334.1090,68.3229,333.4418,68.7304,229.1947
240.5974,229.6699,239.1734,333.8243,68.4570,331.4901,69.8810,227.3358
242.2785,229.2108,239.2473,330.8172,66.4059,325.6609,69.4371,224.0545
242.4108,230.7208,239.5754,333.3407,67.3006,328.5807,70.1360,225.9608
242.4476,232.3645,238.5818,334.6166,66.3076,328.1035,70.1734,225.8515
242.9841,231.8676,239.2718,334.3271,67.7960,328.1142,71.5083,225.6547
243.1554,231.4409,239.0354,334.9769,67.1651,328.1376,71.2852,224.6015
243.8373,231.0083,239.5214,336.3209,65.3290,329.1821,69.6449,223.8696
244.6537,232.3983,238.6445,337.3389,65.8310,327.4431,71.8402,222.5025
245.7641,233.2216,238.7237,338.5090,65.9774,326.9577,73.0178,221.6703
246.7569,236.7321,234.7755,342.9434,63.0538,323.5719,75.0351,217.3607
248.3109,243.9288,230.5326,347.7986,61.8426,318.9258,79.6209,215.0559
253.7717,254.2606,226.7170,356.1148,58.1259,311.3333,85.1806,209.4791
256.3758,260.1961,219.4184,364.6714,57.4541,307.3777,94.4115,202.9024
256.3633,261.9008,218.1178,365.3732,55.2647,305.1794,93.5102,201.7070
256.7778,262.9924,219.8665,362.9226,56.3936,302.5406,93.3048,202.6104
256.8226,263.5844,217.9297,364.5654,56.3836,302.3459,95.2765,201.3649
258.0992,263.6664,218.3345,364.3467,57.5515,300.8439,97.3162,200.1636
257.8405,264.5051,217.5815,365.0986,57.9586,301.2150,98.2177,200.6215
261.1637,263.7831,222.3392,364.7138,58.3460,301.6314,97.1705,200.7007
267.6506,267.7543,231.2452,365.2877,58.0253,300.6314,94.4307,203.0981
272.0761,267.6000,238.3397,363.3732,58.1555,299.9028,91.8920,204.1295
275.3431,263.3705,247.6334,357.8611,59.4988,302.6901,87.2085,208.1995
273.7302,261.8970,244.2342,359.2497,57.9315,302.8036,87.4275,205.4509
276.3440,264.2823,245.4261,357.1194,58.7053,294.9352,89.6231,202.0981
277.6412,264.0833,246.4975,357.0321,63.6633,295.7712,94.8070,202.8223
278.2882,262.7425,248.1848,355.9193,58.1841,294.5342,88.2875,201.3574
281.5161,261.9320,253.5376,352.6131,54.2989,291.1404,82.2775,200.4592
278.0647,261.1670,249.2995,351.8755,54.2372,290.0179,83.0025,199.3093
273.9791,259.2904,245.9558,350.6290,51.6515,291.0152,79.6748,199.6766
274.7979,261.0742,246.4999,350.7602,51.7313,289.3061,80.0293,199.6201
272.9669,258.9529,245.5716,349.5557,50.8966,290.6924,78.2919,200.0896
276.1608,264.7644,242.2137,359.1216,51.5954,290.5423,85.5426,196.1852
282.4459,269.8730,247.0816,364.1111,51.6220,290.7618,86.9863,196.5237
286.9402,270.6938,257.4942,359.1746,43.9225,288.0990,73.3685,199.6182
282.0932,265.3222,255.8433,355.5980,43.5339,293.8638,69.7838,203.5881
281.1723,263.2171,259.3996,348.6599,41.4355,293.1179,63.2082,207.6751
278.1096,258.6946,259.9666,350.4167,43.7187,307.6420,61.8617,215.9199
276.8431,253.0136,261.2649,349.9178,44.2513,315.0310,59.8295,218.1268
275.2502,245.5365,266.6660,342.3192,50.9936,323.1900,59.5778,226.4073
271.0069,236.9307,270.7161,332.3618,51.8020,331.6947,52.0928,236.2637
269.7306,233.0615,274.3845,328.9883,51.8469,339.7847,47.1930,243.8580
267.0122,230.3626,276.5754,326.8380,55.0150,348.8001,45.4519,252.3248
270.3801,234.2933,276.9267,325.3718,53.5330,341.4288,46.9865,250.3503
266.9520,231.2142,275.6728,324.8079,56.2804,345.2501,47.5597,251.6564
270.7444,235.4660,276.0817,327.5866,52.5145,340.5397,47.1772,248.4190
273.0367,237.4831,275.5467,332.4797,51.8484,338.3903,49.3384,243.3937
277.4220,242.6286,276.9126,336.3187,48.9125,335.0790,49.4219,241.3889
277.0802,244.5378,275.1603,339.3268,49.6797,334.7597,51.5996,239.9707
276.5039,243.9295,274.2644,340.9213,52.0397,335.7902,54.2792,238.7985
276.4704,245.2720,272.4038,340.0677,52.9530,330.6536,57.0196,235.8579
276.2115,244.8777,272.1040,340.4736,53.2081,331.0682,57.3156,235.4724
280.7177,249.1519,271.4147,343.0556,55.7840,321.6931,65.0870,227.7894
284.2165,247.6290,275.2241,341.4800,55.4202,320.4194,64.4126,226.5684
283.3086,246.0477,274.7502,340.0314,56.3077,320.1394,64.8661,226.1556
278.7448,244.8298,270.3063,339.1463,57.7971,320.1331,66.2356,225.8165
281.4580,246.0042,272.3197,338.1721,58.0629,316.9289,67.2011,224.7610
284.6493,244.2699,274.9579,336.1721,61.2611,313.6370,70.9525,221.7348
285.9971,243.1509,275.1721,337.8874,61.1073,313.4276,71.9322,218.6910
286.2853,240.1917,277.4032,333.3343,63.8739,312.9722,72.7559,219.8296
289.3536,240.4650,280.4982,331.0653,66.1545,310.1151,75.0099,219.5148
287.3800,239.3431,278.3392,330.1249,65.3525,308.9139,74.3933,218.1321
301.2250,237.4092,291.3429,332.9581,66.2167,309.6745,76.0988,214.1256
309.1185,234.6289,301.0006,329.9567,66.4261,309.9809,74.5440,214.6531
310.0621,233.9626,301.9865,332.5811,66.6844,313.3128,74.7600,214.6944
300.2347,225.2372,298.5432,322.6132,67.1702,318.5941,68.8616,221.2181
307.2573,231.1488,300.9902,331.7070,68.5568,317.2211,74.8238,216.6629
315.6728,232.7791,306.9097,330.3532,67.5317,308.8547,76.2948,211.2807
307.6814,226.1773,303.1239,322.2718,71.2329,311.2737,75.7904,215.1792
304.7366,225.2535,300.9468,320.8275,73.6634,311.8149,77.4532,216.2409
310.1704,226.0975,306.2268,319.5787,75.9517,309.8644,79.8953,216.3832
311.6046,223.6604,309.6412,317.1167,73.3317,312.1521,75.2952,218.6958
288.6168,230.0869,280.8299,322.0457,71.7359,304.3401,79.5228,212.3813
285.8645,226.6886,278.8534,325.6339,72.5444,311.0150,79.5556,212.0698
285.8251,224.7740,281.0369,323.5340,71.6278,313.3812,76.4160,214.6212
285.6301,224.2059,280.4555,321.4632,73.7689,310.4664,78.9435,213.2091
286.8282,226.5683,280.3630,324.9523,82.1889,311.9296,88.6540,213.5456
290.0340,226.3001,285.2505,324.2068,87.8982,314.5646,92.6817,216.6579
295.3643,227.2623,288.3300,327.7115,100.5206,314.5595,107.5549,214.1103
304.5472,232.9970,289.4834,335.7972,102.6770,308.4236,117.7408,205.6234
308.7166,232.2183,294.5525,333.8476,109.1089,308.0023,123.2730,206.3731
309.5786,228.9246,298.8824,327.6446,115.6680,307.7935,126.3642,209.0735
316.0706,230.7140,305.8128,325.1902,119.5664,304.9684,129.8242,210.4922
328.1427,237.2658,308.6631,335.4063,121.9709,298.3503,141.4505,200.2098
313.7477,223.1886,310.7747,322.3916,128.8564,316.9398,131.8294,217.7368
322.7505,230.5560,310.3359,336.0196,127.9701,314.5524,140.3848,209.0889
323.0612,227.8571,316.3809,333.1925,131.3501,321.4579,138.0304,216.1225
319.4454,211.1826,324.8222,316.4630,135.0695,326.1538,129.6927,220.8735
329.1836,217.4532,331.2676,319.6942,135.3101,323.6885,133.2261,221.4475
336.2791,223.7256,331.3688,330.0980,138.3769,321.1892,143.2872,214.8167
336.1740,222.9741,332.5736,332.0406,140.7779,325.7093,144.3783,216.6427
357.6577,243.0491,327.3938,350.9226,140.4340,298.4711,170.6979,190.5975
347.7166,223.6570,342.8159,313.7222,149.2326,303.1887,154.1333,213.1235
358.5044,223.0316,351.5386,320.0837,151.0225,305.6920,157.9882,208.6399
374.1499,224.1372,367.6881,317.6324,152.5792,302.7655,159.0410,209.2702
383.2203,221.4698,377.1954,324.2967,154.6901,311.2595,160.7150,208.4325
384.8857,220.6907,377.8321,328.4016,156.1237,313.8826,163.1773,206.1717
385.5988,223.0096,372.7951,347.4595,158.5155,325.4139,171.3192,200.9641
386.1219,218.8498,381.1088,327.0062,158.4103,316.6840,163.4234,208.5275
391.2627,222.7303,381.4545,326.8595,159.5818,305.9610,169.3899,201.8317
397.9764,222.4446,390.2209,322.9028,159.9105,305.1226,167.6659,204.6644
401.2697,222.3631,392.2680,326.1803,161.7656,306.1941,170.7673,202.3769
404.8867,223.5516,392.5075,341.8849,165.0212,318.0869,177.4003,199.7537
402.9647,219.4996,395.5259,337.6093,167.9814,323.2781,175.4202,205.1684
406.8420,218.7845,400.1843,342.0506,168.3390,329.5286,174.9966,206.2624
408.3573,215.4889,404.7684,333.9246,173.2610,326.9094,176.8499,208.4736
410.6906,216.6760,405.7681,332.0038,177.3658,322.2549,182.2884,206.9271
412.3870,209.6066,417.0140,321.4931,185.2451,331.0780,180.6180,219.1915
406.8224,193.0545,426.9038,311.7622,193.2492,351.2886,173.1679,232.5810
417.8830,195.2178,435.8937,320.6237,198.3254,354.7431,180.3147,229.3372
420.1151,193.3678,440.9276,325.3500,208.2677,362.0387,187.4552,230.0565
414.2404,182.3311,445.5919,304.5401,213.1198,364.1785,181.7683,241.9695
421.0246,184.3872,448.4352,297.4024,210.3382,355.1502,182.9276,242.1350
430.3418,190.3191,450.2315,296.4153,211.3922,341.1903,191.5025,235.0941
432.8214,192.8775,450.2606,298.7989,217.3427,337.1472,199.9035,231.2259
449.5322,206.3211,453.1776,296.5075,215.6269,306.1095,211.9814,215.9231
448.5793,206.6728,451.9693,296.3480,215.5126,305.2870,212.1226,215.6118
449.4849,206.4195,452.6870,296.0814,216.4745,304.5172,213.2724,214.8552
448.6219,206.3087,451.9304,296.9277,218.3136,305.4571,215.0051,214.8381
447.9174,206.7166,451.0041,297.2981,219.5882,305.1837,216.5016,214.6022
446.6617,206.8586,450.0085,297.5993,220.8340,306.0518,217.4873,215.3112
451.5449,206.8297,454.4459,297.3681,221.9982,304.8161,219.0972,214.2776
456.7115,205.8670,460.8051,295.4275,223.6815,306.2661,219.5878,216.7055
460.5730,206.5626,464.4066,294.1767,224.5142,304.6733,220.6806,217.0592
461.6412,206.1354,465.1299,294.8263,226.5038,304.2128,223.0151,215.5220
462.2523,206.9535,465.7213,295.0792,225.7632,304.5250,222.2942,216.3993
462.7743,206.7872,465.2565,296.5271,228.0608,303.0878,225.5786,213.3479
463.9397,207.5172,465.7636,297.0655,231.0318,301.8465,229.2079,212.2982
463.7674,207.4984,465.4853,297.9069,231.8305,302.3467,230.1126,211.9382
464.1721,206.5358,466.2424,297.1253,232.7322,302.4619,230.6619,211.8724
461.7000,206.9490,463.6024,296.9583,232.9569,301.8331,231.0545,211.8237
465.8917,206.8066,468.1186,296.6660,234.1525,302.4640,231.9256,212.6046
463.7032,206.1254,466.1650,296.2133,234.7605,302.5370,232.2986,212.4491
463.5874,206.1167,466.2699,296.3576,236.0118,303.2023,233.3293,212.9614
466.4229,206.7784,468.8694,296.0567,236.3834,302.4277,233.9368,213.1494
465.1193,207.1368,467.0665,296.9978,236.9289,301.9846,234.9817,212.1236
464.7779,207.4846,466.2687,297.3850,238.1571,301.1678,236.6663,211.2674
463.2216,207.4782,464.4569,297.6073,238.6985,300.7016,237.4632,210.5725
466.5978,206.5362,467.8779,297.9228,240.0897,301.1134,238.8097,209.7269
466.4132,207.6250,467.4598,298.6682,240.8915,301.2728,239.8449,210.2295
465.3001,207.3804,466.0624,298.9434,242.7242,300.8029,241.9619,209.2400
466.1549,207.4260,467.4878,299.9843,241.8066,303.2344,240.4736,210.6760
464.6938,206.7584,466.1157,299.8347,243.0100,303.2430,241.5881,210.1666
465.4651,204.5061,468.5984,299.2377,245.7532,306.6085,242.6199,211.8769
465.3629,204.5081,468.4832,299.5279,246.7585,306.8090,243.6382,211.7891
463.5700,201.6858,468.5645,298.6170,245.8323,310.0934,240.8379,213.1622
466.7342,200.8042,473.1554,297.8154,246.3459,312.8282,239.9246,215.8170
465.9265,200.0964,472.8628,297.9802,245.3832,314.0999,238.4470,216.2160
466.6021,200.1219,472.9956,295.1731,245.5680,310.4708,239.1745,215.4196
462.7792,200.1142,468.8310,296.2908,246.7766,310.2634,240.7248,214.0868
463.3047,199.0676,469.9285,296.2169,246.1971,311.4714,239.5732,214.3220
464.9307,198.2605,471.8047,295.8461,246.0487,311.7487,239.1746,214.1630
465.4237,196.6714,472.2114,294.4818,246.1830,310.1672,239.3953,212.3569
468.3400,196.9349,475.5394,294.4974,245.4744,311.4745,238.2750,213.9120
466.6936,198.4223,473.2956,295.8633,245.9042,311.2700,239.3022,213.8289
465.2067,198.5870,471.4620,295.3007,244.9227,309.9529,238.6674,213.2393
463.9318,198.5297,470.8109,296.9941,246.8007,312.6444,239.9216,214.1800
464.0369,196.9076,471.5143,294.9933,246.5948,312.1396,239.1174,214.0540
465.5373,194.8686,474.9869,295.6682,247.8125,316.9650,238.3629,216.1654
464.2713,194.9953,474.4250,295.9940,248.6594,318.6908,238.5058,217.6921
462.5015,195.8111,471.7319,296.1781,248.1118,316.7436,238.8815,216.3765
461.6865,195.2708,471.3648,296.9251,247.0743,318.2793,237.3960,216.6250
460.5062,197.2050,468.5693,297.1872,247.1533,315.0433,239.0902,215.0611
460.8669,195.8119,470.1929,297.9877,250.2628,318.0616,240.9368,215.8858
459.6675,192.7629,470.7763,296.0683,251.1056,319.6902,239.9968,216.3848
463.5770,192.9201,474.0443,295.5408,249.7364,318.4202,239.2691,215.7995
462.8177,191.1526,474.7582,294.2818,249.0892,320.4103,237.1487,217.2811
463.5301,192.7999,474.4879,295.6129,249.0672,319.6384,238.1093,216.8253
463.2402,192.1445,474.4324,293.8374,249.0876,318.6385,237.8954,216.9456
461.8613,191.8547,473.3238,292.9990,250.0675,318.3000,238.6051,217.1557
460.6814,191.8768,471.9445,294.7191,250.2781,318.9955,239.0151,216.1532
461.8158,192.5332,472.8444,294.5672,250.0343,318.6503,239.0057,216.6163
462.6357,192.4345,474.1576,293.5664,249.8222,319.1247,238.3004,217.9928
462.3318,187.6225,477.6525,293.0629,250.4414,326.0771,235.1207,220.6366
464.4693,187.1088,479.2870,291.7387,250.6895,324.1126,235.8718,219.4828
462.8904,185.2351,479.6200,292.1474,251.9728,327.7696,235.2432,220.8573
463.4833,182.5483,482.3043,290.6998,252.0476,330.7701,233.2266,222.6186
462.6394,186.2261,478.3267,291.0681,247.2983,325.6364,231.6110,220.7944
461.8789,181.0774,482.7520,290.3754,254.1549,334.0315,233.2818,224.7335
463.7243,181.9050,482.6994,289.8396,250.8876,330.5925,231.9125,222.6580
464.2289,178.7500,485.6199,288.6249,254.3085,333.6579,232.9174,223.7829
465.1202,178.8235,487.3941,289.1228,255.0787,336.0367,232.8048,225.7374
467.6377,180.1865,488.0165,289.3965,252.0378,333.4307,231.6590,224.2207
465.1789,179.1478,485.4060,290.3841,253.1371,332.6197,232.9100,221.3834
468.7287,182.7528,479.0313,299.3996,244.9586,320.0736,234.6560,203.4268
480.6674,187.2536,486.6149,297.7351,245.1588,310.7335,239.2112,200.2520
483.3555,189.7593,481.1667,305.1924,226.4638,300.3627,228.6526,184.9296
483.3934,191.4185,485.3944,300.1803,229.1387,304.8947,227.1378,196.1329
476.3797,174.9191,486.7754,296.7790,232.3442,318.4840,221.9486,196.6241
483.7849,185.2285,492.6095,297.1708,237.7441,317.2623,228.9195,205.3200
482.5544,184.8374,491.3390,296.6474,241.8213,316.2513,233.0367,204.4412
481.2821,183.2655,490.6028,294.9578,239.9373,315.8757,230.6167,204.1834
484.1519,184.8446,493.6238,295.0074,245.5701,316.3353,236.0982,206.1724
476.7511,182.2983,487.8524,293.8554,242.5421,318.2669,231.4407,206.7098
477.7721,181.4093,488.4473,294.9796,242.1345,318.1322,231.4593,204.5619
478.5593,180.8905,488.4123,294.0273,236.2086,315.9915,226.3556,202.8547
475.5911,179.9225,486.4061,291.6822,235.4393,315.9682,224.6243,204.2085
478.5994,178.2886,489.8956,286.2608,242.9419,312.0975,231.6457,204.1253
468.8108,164.7408,494.1779,275.3954,250.5492,331.2462,225.1821,220.5916
464.0139,156.5813,494.4557,268.7604,256.0702,333.4508,225.6283,221.2718
461.3253,154.7617,493.8474,265.6009,259.8318,334.2651,227.3096,223.4259
461.1572,154.2901,494.3018,264.2554,261.4191,334.4485,228.2745,224.4831
461.2473,154.8194,494.9326,263.8425,261.8531,335.8578,228.1679,226.8348
459.9333,151.8703,495.5637,263.5583,264.1495,337.3832,228.5192,225.6952
461.8878,153.1772,495.9612,263.2531,263.9125,335.0826,229.8391,225.0067
458.9809,152.4110,495.2088,261.0482,267.7089,336.9139,231.4810,228.2767
461.5828,154.6050,495.9067,261.9944,268.4427,334.6968,234.1187,227.3074
459.9081,152.2320,496.4203,261.8237,268.3924,337.7946,231.8802,228.2029
454.2062,156.0681,489.8638,266.1407,273.3290,336.2863,237.6714,226.2137
451.4666,158.1459,486.6237,268.7045,275.3687,335.8826,240.2116,225.3239
452.2451,157.0505,488.7814,267.3032,277.9059,337.1846,241.3696,226.9319
452.7162,155.1579,490.0024,266.1046,274.8300,338.4183,237.5438,227.4715
450.9971,156.4025,488.0817,266.0880,273.1991,338.7396,236.1145,229.0541
452.4345,156.8517,489.5323,265.4234,271.6828,339.8602,234.5850,231.2885
452.4320,157.8072,489.5933,264.7413,271.0198,340.6989,233.8585,233.7649
450.4291,158.6091,487.2394,266.3326,271.1738,340.1647,234.3634,232.4412
451.1453,157.7783,488.0567,265.2578,270.2072,340.0732,233.2958,232.5937
449.8222,158.2207,486.9687,264.5929,269.5471,340.5192,232.4006,234.1469
452.5888,158.0281,489.1990,264.3423,270.4200,339.6805,233.8099,233.3663
454.5104,156.9957,491.8091,262.2804,270.9615,340.5189,233.6628,235.2342
457.3081,156.7782,494.1343,260.4801,271.6215,339.4980,234.7953,235.7960
454.9863,157.6446,491.7281,262.6954,272.3455,339.4251,235.6037,234.3742
456.2056,157.7856,492.9597,262.8563,270.9314,340.5226,234.1773,235.4518
452.2850,157.7655,489.2582,263.8678,270.2030,340.2015,233.2298,234.0992
453.8875,157.3780,491.1678,263.1158,267.5581,341.9545,230.2779,236.2167
452.1324,157.7552,489.8424,263.2757,267.8300,342.6168,230.1199,237.0964
453.9188,157.1379,491.7278,262.3272,269.2056,342.3101,231.3965,237.1208
453.7729,156.6006,493.7032,261.7106,269.6875,346.8120,229.7572,241.7020
452.1271,158.3212,490.3496,261.7611,268.9253,343.5803,230.7029,240.1404
455.9154,156.9712,493.5261,261.0687,267.6054,342.6943,229.9948,238.5969
455.6763,156.5125,493.7080,259.9499,269.9314,342.2277,231.8997,238.7903
452.6743,157.0373,492.0834,261.4063,269.4099,345.4864,230.0008,241.1174
453.4427,157.1652,491.6210,262.0616,268.4128,343.3009,230.2345,238.4045
453.9682,158.0628,491.8972,263.1347,270.4909,343.0582,232.5619,237.9863
452.4154,157.6927,490.6163,262.6924,267.7672,343.7692,229.5662,238.7695
450.6261,159.2779,488.2199,264.2047,268.0503,343.0884,230.4565,238.1617
451.0566,156.2340,490.2818,262.6764,269.4533,344.0542,230.2281,237.6118
450.0004,155.8637,489.3412,263.2758,269.2155,343.8991,229.8747,236.4870
452.9738,155.3580,491.6653,260.8180,266.8178,343.3108,228.1263,237.8507
452.4873,155.8700,491.9242,259.8125,270.7102,343.7434,231.2733,239.8009
452.2521,156.1946,491.4742,260.4157,269.5917,343.9178,230.3697,239.6967
453.4751,156.8945,491.7217,261.0524,269.5914,342.6182,231.3449,238.4603
451.3394,156.2311,489.9962,262.0245,269.5074,342.5909,230.8506,236.7975
452.3993,155.9921,491.3504,261.5109,268.1709,343.8950,229.2199,238.3762
450.7983,156.3089,490.2934,262.2128,271.0792,343.9650,231.5841,238.0611
452.1785,158.4765,490.5207,263.0828,269.3353,344.1558,230.9930,239.5496
451.3661,157.8922,489.9757,263.6453,268.9837,344.3277,230.3740,238.5746
448.9191,159.2313,487.1187,265.7025,271.1585,343.1845,232.9589,236.7134
450.0294,159.0633,487.6995,265.4631,272.2124,341.7548,234.5423,235.3550
451.0441,155.8534,491.1110,260.8571,274.1681,343.6371,234.1013,238.6335
451.1711,157.2039,490.7247,261.9737,273.4596,343.9973,233.9061,239.2275
447.7774,153.5781,493.9254,258.6848,275.2983,354.6750,229.1503,249.5683
449.8040,157.8994,490.5016,261.8787,273.1362,346.9558,232.4385,242.9765
448.3678,159.9264,486.5719,265.0880,272.0939,343.0055,233.8899,237.8438
445.1424,152.8887,493.6970,259.8708,275.0069,359.1249,226.4523,252.1429
451.1545,158.7623,489.8018,263.7950,271.5782,344.0914,232.9309,239.0587
447.9670,155.5503,492.4434,260.5611,271.8923,353.9735,227.4159,248.9627
451.3513,158.4037,489.9242,263.9752,273.6024,343.0132,235.0295,237.4417
449.9837,158.4959,489.0019,264.0902,273.1276,343.8579,234.1095,238.2636
449.4402,158.0341,487.9688,265.1087,272.2047,342.7468,233.6762,235.6722
450.8240,157.8741,490.4152,262.0779,272.4641,344.8862,232.8729,240.6824
451.7414,156.5091,492.3086,261.6801,271.4342,346.8771,230.8670,241.7061
451.8761,156.8472,491.4984,261.8274,270.7490,345.1440,231.1268,240.1639
452.8549,157.5467,492.1196,262.3029,271.8960,344.8472,232.6313,240.0910
453.3138,156.9271,494.5297,261.0529,272.8773,348.7891,231.6614,244.6633
451.8187,157.9403,491.5551,263.3880,276.5984,344.3913,236.8620,238.9436
451.5183,157.6769,490.7706,264.4086,273.9151,344.1607,234.6628,237.4290
450.7575,158.3875,489.9587,264.3595,272.7964,344.6922,233.5952,238.7202
451.5952,157.4301,491.1265,263.8068,272.3745,345.0986,232.8431,238.7219
450.2803,159.0513,488.5680,265.8977,272.9376,343.1674,234.6499,236.3210
450.3213,158.6317,489.1375,265.1487,272.8340,343.9727,234.0178,237.4557
449.7879,158.0389,489.9332,264.1058,275.3019,345.3417,235.1566,239.2747
451.0380,159.1492,489.7912,265.4084,273.6201,344.2469,234.8669,237.9877
453.4437,157.6950,492.9583,263.4243,272.4236,345.8455,232.9090,240.1161
452.2578,158.0825,491.8685,263.9459,273.4236,345.6808,233.8130,239.8174
451.6745,158.5190,494.3788,262.7977,275.6041,352.3903,232.8999,248.1116
457.6155,157.2723,496.5291,262.8069,276.2257,344.0391,237.3121,238.5045
455.4945,160.6057,492.7918,265.0189,274.0362,343.1604,236.7389,238.7473
459.7420,171.5626,488.9992,273.3592,267.7455,336.9492,238.4883,235.1526
462.5922,177.2880,487.1666,277.4648,266.0384,331.7100,241.4639,231.5332
468.3134,177.3360,491.3447,277.8787,264.6910,329.7982,241.6598,229.2555
467.0794,176.2321,491.1515,277.8007,263.8197,331.6790,239.7477,230.1104
466.1182,175.2652,492.2146,278.6801,263.4728,336.4025,237.3764,232.9876
461.7113,173.2191,490.0984,279.4176,266.9789,339.0580,238.5918,232.8595
459.6781,172.1374,490.0250,279.5260,268.7428,342.0582,238.3958,234.6696
458.1710,169.9689,490.8948,279.3183,269.6042,345.5416,236.8803,236.1922
461.4987,173.1732,491.5645,280.7060,269.1692,342.8869,239.1035,235.3542
457.9631,168.8416,492.4139,279.6513,272.1459,348.1327,237.6952,237.3230
453.6581,167.2474,493.5797,282.8481,279.5352,356.7663,239.6136,241.1656
458.2693,168.3651,494.3327,280.5637,278.8801,349.8154,242.8168,237.6169
458.5253,170.5530,493.4663,283.2165,280.1923,349.3604,245.2513,236.6969
460.2323,170.0878,495.3551,283.3196,281.5066,349.6523,246.3838,236.4205
462.3334,172.4741,495.8954,287.6185,279.1521,350.7944,245.5901,235.6500
486.1280,196.3570,493.3582,295.6407,274.0335,311.6127,266.8033,212.3290
480.0396,184.8553,498.9364,299.2035,273.0959,336.5250,254.1992,222.1768
484.2427,185.9170,501.7845,303.1527,272.1872,337.5070,254.6454,220.2712
489.8077,188.2903,504.0644,302.6898,272.9807,331.4879,258.7240,217.0883
486.8610,185.5801,503.8566,305.5193,272.6807,338.2773,255.6851,218.3381
488.3453,181.5146,507.2102,301.3290,276.0578,337.7241,257.1930,217.9097
487.6372,178.0124,511.3042,305.4056,282.2239,347.9639,258.5569,220.5707
505.8046,196.5412,509.3687,296.7908,277.7102,305.0269,274.1460,204.7773
509.3052,199.0532,511.7261,296.4375,277.2897,302.2653,274.8689,204.8810
502.8450,193.1701,509.7304,296.6399,277.4940,312.0942,270.6085,208.6244
506.6938,194.2372,499.5509,311.5518,278.0297,298.0641,285.1726,180.7495
509.8103,200.3379,502.5961,317.3095,297.9849,304.6902,305.1991,187.7186
506.9903,204.3182,507.2720,310.9837,288.8217,311.5605,288.5400,204.8950
507.0646,202.5791,510.4449,315.9449,291.7091,322.4670,288.3288,209.1013
506.6858,201.1064,511.0471,311.9438,296.2133,320.3971,291.8521,209.5596
509.5840,202.4957,512.7929,312.8289,298.0373,319.0748,294.8284,208.7416
511.8658,203.4701,516.9213,312.0417,303.1961,321.9936,298.1406,213.4219
519.2427,206.3091,520.6675,310.4461,305.0127,313.3967,303.5879,209.2597
527.5974,204.0004,529.9517,306.4286,307.0105,311.5527,304.6563,209.1245
541.3729,204.8056,542.2029,310.0824,311.2395,311.9034,310.4094,206.6266
536.9263,190.5215,548.8544,299.2541,324.2022,323.8987,312.2741,215.1661
548.9010,183.8541,561.0405,285.1152,339.6259,311.6591,327.4864,210.3980
551.5561,192.3835,558.2009,296.7107,340.6417,310.5673,333.9969,206.2402
553.1489,198.2765,554.7977,300.9922,334.8261,304.5233,333.1772,201.8076
558.3679,201.9384,557.5989,300.4268,334.5889,298.6855,335.3579,200.1971
561.6942,201.0105,561.2247,301.0459,340.7476,300.0110,341.2172,199.9756
564.3535,207.2279,558.2023,306.5581,344.4946,293.3240,350.6458,193.9938
565.8818,206.1249,558.7450,308.4341,346.0445,293.5968,353.1812,191.2876
563.1255,206.3849,558.3512,310.6634,350.5861,301.1509,355.3605,196.8725
569.8553,211.2132,559.1422,309.2577,350.6365,286.4748,361.3496,188.4303
572.7773,210.5272,563.2167,308.1452,350.5413,287.3160,360.1019,189.6980
570.5615,210.2509,562.0859,306.4606,352.9191,288.0342,361.3946,191.8245
568.6225,210.5895,559.4449,307.2143,355.7905,287.8710,364.9681,191.2461
569.0211,209.2855,561.0135,307.7591,358.6944,291.3071,366.7021,192.8334
569.3746,209.3789,562.9151,306.1038,360.6450,292.5958,367.1045,195.8709
565.3806,205.4348,562.9604,307.8672,368.1031,303.2632,370.5233,200.8308
567.9089,205.7916,572.8497,307.0177,383.1620,316.2763,378.2212,215.0502
569.0825,201.7246,579.3473,303.8069,392.4451,322.6007,382.1803,220.5183
568.8861,202.5439,581.2047,304.6595,399.4849,326.5809,387.1663,224.4654
572.3589,207.0375,582.8228,313.3414,406.2120,330.7258,395.7481,224.4219
578.5838,213.1482,582.1345,323.2831,412.4031,328.7552,408.8524,218.6203
594.7524,228.8122,595.8601,330.1929,429.4679,332.0110,428.3602,230.6302
608.5020,242.9693,598.1343,338.4078,434.0512,320.5831,444.4189,225.1446
616.5624,250.3869,600.7768,347.6310,439.1443,321.3931,454.9299,224.1490
616.2259,257.9833,600.2755,342.6280,446.5618,313.6623,462.5122,229.0176
615.0088,254.0813,602.2462,341.3162,450.0476,319.0493,462.8103,231.8143
624.3689,253.7198,613.1738,333.2361,468.5781,312.8785,479.7732,233.3623
624.1970,281.3391,590.8394,341.7400,471.9345,276.0725,505.2921,215.6716
623.4097,285.4527,593.1346,339.3707,475.2476,273.1769,505.5227,219.2589
623.1311,286.3249,591.4195,339.6012,480.5703,273.6206,512.2819,220.3442
625.4515,282.4331,597.1998,336.3318,486.4869,278.3003,514.7386,224.4016
624.3514,298.5675,582.4160,348.2306,495.3146,274.6823,537.2501,225.0193
619.7686,288.7739,576.4430,346.8871,493.8664,285.3232,537.1920,227.2100
2
0
0
0
0
1
849.1655,229.7906,850.8588,291.6708,711.9108,295.4729,710.2175,233.5927
865.4376,231.0758,865.5344,293.8723,713.5346,294.1065,713.4378,231.3101
869.0410,232.4166,866.3454,299.5865,709.4717,293.2910,712.1672,226.1211
870.8108,233.0558,867.1888,302.6028,713.3973,294.5935,717.0192,225.0465
871.9142,233.0399,868.3940,303.1469,718.5827,295.6245,722.1030,225.5175
870.6510,228.5157,867.0762,304.6719,724.2335,297.9668,727.8083,221.8105
873.4901,230.5722,868.2043,306.4159,717.5697,295.9177,722.8555,220.0740
886.8818,250.8957,869.8956,320.8014,699.8438,279.4809,716.8300,209.5752
889.2111,254.5665,870.4667,322.9829,699.7577,276.2129,718.5021,207.7965
890.3284,256.4203,871.1386,325.0092,696.8322,276.2419,716.0219,207.6530
886.0842,254.3371,867.2563,322.9763,697.5259,276.4189,716.3538,207.7796
882.1036,253.2142,863.8591,321.2901,695.7902,276.2473,714.0347,208.1714
870.6490,246.9138,852.7580,317.2842,700.7763,278.6443,718.6673,208.2739
877.3073,246.7218,860.9083,316.9919,699.2396,279.2632,715.6385,208.9932
887.6100,248.4872,871.5504,317.9006,697.9993,277.7476,714.0589,208.3341
896.5580,244.1337,882.8649,316.1045,701.1251,281.5268,714.8182,209.5560
902.2567,240.1380,890.1875,315.1825,705.5600,285.4894,717.6292,210.4449
912.3046,238.7605,900.9191,316.0697,706.0214,287.3669,717.4068,210.0576
920.3245,242.0005,908.1966,317.8813,704.8361,285.3784,716.9640,209.4977
922.1636,242.0331,908.7054,320.8141,707.0419,286.3639,720.5000,207.5829
924.1186,242.3665,910.1248,321.7734,707.5800,286.0792,721.5737,206.6723
925.5148,243.2192,910.2128,323.0777,709.7346,284.6635,725.0365,204.8050
928.5358,244.7825,910.4187,325.2242,715.0110,281.2144,733.1281,200.7728
933.6085,245.6674,916.2379,325.5683,716.5069,282.1463,733.8775,202.2454
939.8912,246.3743,922.3678,325.8296,720.4382,281.2953,737.9617,201.8399
945.0385,245.7748,928.8213,324.9742,720.3984,282.2966,736.6157,203.0972
952.1141,246.3975,935.5008,326.8298,720.0487,282.3279,736.6621,201.8956
954.2553,247.7339,936.6951,328.5149,720.5412,281.5271,738.1014,200.7462
959.4557,248.5167,939.7263,331.3153,724.7193,280.0832,744.4486,197.2846
959.8590,245.9519,941.2288,329.5428,724.7509,281.2957,743.3811,197.7047
962.6006,246.2439,942.8620,332.4072,728.2684,283.2473,748.0071,197.0840
962.9832,245.0813,943.6556,330.7629,729.6432,282.4872,748.9708,196.8057
967.8705,248.4245,943.2565,338.7859,734.5338,281.9308,759.1478,191.5694
971.4551,250.3540,944.7869,343.5982,733.9332,283.2933,760.6013,190.0491
