1
225.5010,12.3245,239.1462,47.4672,189.3257,66.8115,175.6805,31.6687
227.2495,17.2121,236.5043,52.7756,186.5051,65.7871,177.2502,30.2236
228.8115,18.5409,237.8707,53.5660,185.4324,67.1292,176.3731,32.1041
226.9961,20.6646,235.1296,54.5678,184.7970,66.6427,176.6635,32.7396
228.0273,24.0216,233.7980,57.5666,181.4378,66.5741,175.6671,33.0291
227.6683,24.8240,233.7952,58.0956,181.6932,67.6901,175.5663,34.4184
226.8247,27.0256,232.1632,60.6338,179.7671,68.9566,174.4286,35.3484
225.5495,27.9806,232.2264,61.0997,179.1918,71.7916,172.5149,38.6725
226.2121,30.0644,232.5136,64.6632,178.7083,74.4627,172.4069,39.8639
226.9574,33.2987,231.1955,67.8861,174.6073,74.8200,170.3692,40.2326
226.4667,34.0617,231.6759,70.1278,176.2156,78.1381,171.0065,42.0720
231.4115,32.4470,238.5865,67.5296,176.3207,80.2639,169.1457,45.1813
228.7268,37.0885,233.3285,73.1575,174.6537,80.6431,170.0521,44.5742
227.0767,38.2796,230.8658,74.3500,174.3182,80.2902,170.5291,44.2198
228.4871,39.2261,232.6291,74.2148,172.3185,81.3544,168.1765,46.3658
227.9444,40.5268,232.2703,76.7855,173.6323,83.7814,169.3064,47.5227
229.4769,40.7428,234.4778,77.0069,174.6060,85.2634,169.6050,48.9993
230.4282,43.5596,235.0533,77.6104,172.7290,86.0759,168.1039,52.0251
227.3992,43.3640,233.3775,78.5794,173.9566,88.6670,167.9783,53.4516
229.6662,45.2767,233.5742,81.6143,173.9216,88.0296,170.0136,51.6920
226.3768,45.7083,231.7817,81.0865,174.9399,89.7704,169.5351,54.3922
224.4834,46.5404,230.4037,81.1881,175.4782,90.5732,169.5580,55.9255
223.9017,47.5926,230.5302,83.4214,175.9180,93.5249,169.2895,57.6961
224.8169,47.6276,232.0614,82.7125,177.3865,94.0021,170.1420,58.9171
228.9841,51.7543,233.3797,87.1067,174.4418,94.4348,170.0462,59.0824
224.7298,50.8702,231.0342,86.9199,175.8776,96.5658,169.5732,60.5160
227.1867,51.9820,232.6504,88.2948,174.2162,97.0868,168.7526,60.7740
226.7661,53.1593,232.9395,87.8302,174.6756,98.2044,168.5022,63.5335
228.1910,55.5097,233.0213,91.7742,173.7630,99.6671,168.9328,63.4026
231.0092,56.7612,234.2653,93.9227,172.1845,99.3622,168.9284,62.2008
232.3239,56.7683,235.2321,94.3641,172.3051,99.2318,169.3969,61.6359
230.1191,59.8463,230.1764,96.9534,170.8221,97.0451,170.7648,59.9379
226.4849,57.1191,229.9554,93.4641,171.9877,98.9993,168.5173,62.6543
226.9557,58.2721,228.7959,95.3595,171.0377,98.2254,169.1975,61.1381
228.7868,61.3264,227.0144,98.9028,169.1456,96.1731,170.9181,58.5967
229.8202,62.8260,226.3108,100.1189,169.1880,94.7433,172.6975,57.4505
232.6093,64.1574,226.7028,101.9548,168.5738,92.8711,174.4803,55.0738
230.1020,62.0552,226.5644,100.0162,169.3692,94.6862,172.9068,56.7253
232.0943,62.6145,227.6556,99.6248,169.9164,92.7001,174.3551,55.6897
234.6177,64.1017,227.6415,101.2576,169.9886,90.4330,176.9648,53.2771
232.1370,61.6115,227.3628,99.9436,171.6985,93.0107,176.4727,54.6786
230.3424,60.8906,226.4170,98.8121,171.9127,93.1701,175.8382,55.2486
231.8710,61.3651,227.4799,98.7197,173.2072,92.3399,177.5983,54.9853
232.2276,61.6814,227.8647,99.1041,173.7075,92.7902,178.0704,55.3675
233.3394,59.7141,231.2293,97.0044,175.3848,93.8444,177.4949,56.5542
235.5106,61.8756,231.2108,99.8152,175.0484,93.4501,179.3483,55.5105
234.0815,60.1978,232.6822,97.1516,176.3748,95.0195,177.7741,58.0657
235.6206,60.9365,234.2076,97.6646,179.3048,95.5523,180.7177,58.8242
238.4608,61.3556,235.1734,98.6359,179.4209,93.7196,182.7083,56.4394
240.0102,61.3737,236.7765,98.3989,180.4579,93.4801,183.6916,56.4549
240.3742,61.3071,236.6798,98.7747,179.3712,93.1239,183.0656,55.6563
240.1917,59.1040,238.6214,97.0100,183.2016,94.7143,184.7718,56.8083
237.1903,56.5549,237.0248,95.0884,185.1378,94.8655,185.3033,56.3320
237.2191,54.9965,237.5901,94.7318,187.6924,95.1977,187.3214,55.4624
236.5015,53.3650,238.4642,93.0583,189.6407,95.4725,187.6780,55.7792
234.1391,48.1821,243.0561,88.1470,196.2655,98.5870,187.3485,58.6221
234.4715,45.9353,246.2383,84.2701,200.0161,98.4579,188.2493,60.1232
241.5183,49.2536,244.8004,90.5183,196.6205,94.3503,193.3384,53.0857
239.3563,46.5887,247.8656,85.9864,199.9201,96.3419,191.4108,56.9442
246.5466,50.1035,246.7497,91.6061,196.3344,91.8529,196.1313,50.3502
249.2629,51.3923,247.1192,92.5689,196.2119,89.9185,198.3557,48.7419
241.6659,45.7054,248.7451,85.8766,203.0391,93.9311,195.9599,53.7599
247.6783,46.2285,249.7601,87.6453,201.0801,90.0922,198.9984,48.6754
248.3343,45.2004,251.6589,87.3960,202.7574,91.2490,199.4328,49.0534
251.4003,74.1501,218.5412,97.3951,193.8633,62.5105,226.7224,39.2655
238.8689,40.5534,252.8860,81.2814,210.3436,95.9230,196.3265,55.1949
255.1510,63.1863,233.3104,98.4314,194.6080,74.4484,216.4486,39.2033
255.1680,65.1538,234.5355,98.9577,194.7161,74.6536,215.3486,40.8497
253.7019,59.8818,237.1111,97.1629,196.4412,79.0641,213.0319,41.7830
255.2211,68.3845,231.1287,99.4690,195.5714,71.9098,219.6638,40.8254
247.5988,87.1912,211.5263,95.7203,201.4917,53.2809,237.5642,44.7518
242.0025,90.8720,210.4355,94.6847,204.9416,49.1982,236.5086,45.3855
240.3273,91.5105,209.2550,93.3857,206.5460,48.4973,237.6183,46.6221
240.6819,92.0496,209.2069,92.9714,207.8832,47.7750,239.3582,46.8532
240.8319,92.1410,209.1173,92.6045,208.4646,47.9514,240.1792,47.4878
210.5453,46.4506,242.9571,48.6277,240.0287,92.2233,207.6169,90.0461
212.8654,46.4775,244.9465,50.2203,239.8661,93.7669,207.7850,90.0241
212.7740,47.1566,244.9107,49.4291,241.8196,93.1415,209.6829,90.8689
214.1847,46.3710,246.6054,50.8998,240.6656,93.4211,208.2449,88.8922
215.5550,46.3156,247.1139,51.3733,240.4345,93.0515,208.8755,87.9938
218.3822,45.3360,249.1756,51.1228,241.2432,93.3341,210.4498,87.5474
219.2645,45.1969,249.9819,49.9116,243.3174,93.3326,212.6000,88.6179
219.3197,45.4040,251.6991,51.1786,244.3928,92.1471,212.0134,86.3725
221.1986,44.4105,253.2573,51.1497,244.6253,92.2124,212.5667,85.4733
220.3981,45.9996,252.7327,50.0232,247.6398,90.9508,215.3052,86.9272
222.9774,44.5754,253.8432,48.7031,248.1546,91.2401,217.2889,87.1124
227.4980,42.1079,257.5973,50.0935,246.4767,92.0088,216.3775,84.0231
228.4500,41.3872,258.1606,48.0671,248.3739,91.5964,218.6632,84.9165
227.7394,43.0265,258.4028,48.7450,250.6042,90.5626,219.9408,84.8441
228.4626,42.8520,257.0044,47.8162,249.5971,90.4052,221.0553,85.4411
226.7528,43.2724,256.6499,46.7743,251.5643,90.1918,221.6671,86.6899
227.4017,43.1657,257.7643,47.4285,251.8022,89.8947,221.4395,85.6318
224.2251,45.5970,257.5445,45.6026,257.5374,88.1724,224.2180,88.1669
226.9407,42.2823,260.3795,45.3850,256.4127,88.1368,222.9739,85.0341
226.7637,42.2458,260.9834,46.9480,255.3035,88.2828,221.0838,83.5806
228.9377,39.6629,262.0645,46.4949,253.5247,87.9025,220.3978,81.0705
228.6770,38.4216,263.1869,46.3275,253.9686,86.5657,219.4587,78.6597
222.2250,41.1875,259.0317,41.2438,258.9663,84.0499,222.1596,83.9937
224.9550,36.1656,261.2076,41.1260,255.2192,84.8916,218.9666,79.9312
224.0687,35.3607,259.9670,39.6637,254.6554,83.9772,218.7570,79.6743
225.5085,31.9318,260.6337,40.1655,250.3324,84.1116,215.2071,75.8779
225.4557,29.8937,259.0664,37.3715,249.0630,82.3347,215.4523,74.8570
222.3753,29.8113,257.3874,34.8313,250.6154,82.0627,215.6033,77.0427
219.1332,30.1692,254.0585,31.9360,251.7189,78.1833,216.7936,76.4165
216.6780,24.5659,249.0871,25.4646,247.6940,75.7058,215.2849,74.8072
215.5572,25.6829,251.3925,26.3271,250.5546,72.9383,214.7194,72.2942
243.5055,74.9504,215.9613,75.9419,214.0722,23.4575,241.6163,22.4661
215.8983,18.7445,249.1670,21.5111,244.9203,72.5780,211.6516,69.8113
214.4520,16.7750,247.4777,19.5543,243.2034,70.3453,210.1776,67.5660
216.3824,12.2132,249.3271,16.3464,242.6967,69.1963,209.7519,65.0631
214.6820,13.6187,245.5901,16.7721,240.3299,68.3299,209.4219,65.1765
214.4330,11.4163,248.4097,15.0294,242.9459,66.4091,208.9692,62.7960
214.0779,11.0641,246.9161,13.1482,243.5392,66.3559,210.7010,64.2717
216.2844,10.7643,247.7445,13.5752,243.0819,65.7579,211.6219,62.9469
216.2361,10.7397,248.2547,13.6526,243.7052,63.6599,211.6867,60.7470
215.6622,9.0609,246.3412,13.6234,239.2435,61.3493,208.5646,56.7868
215.7519,9.6236,246.0676,12.7319,241.1335,60.8531,210.8179,57.7448
216.3986,-1.3935,246.5756,1.8314,240.6093,57.6612,210.4323,54.4363
220.4677,-1.1431,245.8301,3.1982,236.5325,57.5150,211.1702,53.1736
221.0650,-3.0184,245.5817,3.0115,232.4561,56.3782,207.9394,50.3483
221.3223,-3.3070,248.4902,3.1426,236.3234,54.3937,209.1555,47.9441
222.2965,-1.9434,245.3347,3.3658,233.8365,53.2600,210.7983,47.9508
222.6178,-1.9988,247.8696,3.1495,237.8115,52.4832,212.5597,47.3349
220.1330,-1.6943,245.0170,2.5930,236.8421,50.0406,211.9581,45.7533
223.8835,-2.8696,247.5764,2.2868,237.2939,49.5338,213.6009,44.3774
223.3697,-2.7262,245.4936,2.0584,235.5937,47.8352,213.4698,43.0506
225.3404,-2.8333,247.4846,2.2241,237.0322,47.9902,214.8880,42.9327
223.8965,-2.3880,244.9197,0.9696,237.7476,45.8764,216.7244,42.5188
227.8660,-1.1281,246.2524,1.8432,238.5039,49.7906,220.1175,46.8193
228.2672,0.2443,244.8457,2.3008,238.9968,49.4529,222.4183,47.3964
228.5699,-0.5440,244.0676,0.7648,239.8703,50.4656,224.3727,49.1568
229.9172,3.9878,245.9298,5.0094,242.9067,52.3945,226.8941,51.3729
231.3541,2.9882,245.9599,3.8550,243.0790,52.3969,228.4732,51.5301
234.1443,1.8459,250.1523,3.2582,245.7733,52.8958,229.7652,51.4835
233.8779,2.8016,249.4750,3.7378,246.2321,57.7624,230.6350,56.8261
235.5936,7.8320,251.7415,8.5932,249.3345,59.6571,233.1865,58.8959
235.1462,9.8504,250.9007,10.1820,249.8597,59.6403,234.1052,59.3086
252.8461,65.0839,237.3332,65.5555,235.7202,12.4932,251.2331,12.0216
253.7259,68.8659,239.4191,68.9627,239.0390,12.7739,253.3458,12.6772
254.4669,71.9247,240.3668,72.3210,238.7747,15.6784,252.8749,15.2821
257.8892,76.4888,242.0327,76.7719,241.0644,22.5307,256.9208,22.2477
244.1420,22.1528,260.2750,22.5127,258.9654,81.2257,242.8324,80.8659
244.9609,30.5852,262.4223,31.5156,259.3323,89.5095,241.8709,88.5792
246.0377,33.2484,262.3061,34.6541,257.3658,91.8320,241.0974,90.4263
250.1239,37.3135,264.7414,39.3832,256.5193,97.4525,241.9019,95.3829
248.1772,43.3465,263.8087,45.2408,256.9999,101.4280,241.3684,99.5338
248.4600,44.4426,263.5440,46.0998,256.8326,107.1876,241.7486,105.5304
249.1497,54.3198,263.5774,56.1007,256.2359,115.5780,241.8082,113.7972
249.3370,56.3828,264.2591,58.1091,257.0960,120.0264,242.1739,118.3001
247.9708,66.9316,263.5091,68.4967,257.7968,125.2089,242.2584,123.6438
248.7063,65.1688,264.0797,66.7983,257.8874,125.2186,242.5140,123.5890
247.9674,70.1242,265.7820,72.4283,258.5529,128.3227,240.7383,126.0187
250.8827,67.7399,270.7542,71.0946,261.0387,128.6425,241.1672,125.2877
246.8770,74.8237,265.3482,75.8967,261.9211,134.8920,243.4499,133.8190
262.0755,136.9420,244.5594,137.0552,244.1586,75.0565,261.6746,74.9433
264.1618,139.9355,246.5193,141.3671,241.7419,82.4903,259.3843,81.0587
269.1573,140.6058,249.0363,143.0098,243.1015,93.3343,263.2225,90.9304
268.2915,146.6017,248.5718,148.4450,243.2929,91.9723,263.0126,90.1289
267.0608,153.1755,248.9043,154.5503,244.1478,91.7301,262.3043,90.3554
267.6358,158.7090,249.7464,160.3411,243.8660,95.8870,261.7554,94.2549
266.2738,161.2839,247.6019,162.3966,243.9303,100.7871,262.6022,99.6744
263.6991,162.7995,245.8681,163.1803,244.6126,104.3940,262.4436,104.0132
245.1646,105.9323,262.0194,106.0757,261.5087,166.0735,244.6539,165.9301
243.5948,107.3520,262.3131,108.0804,259.8891,170.3701,241.1708,169.6417
242.7532,112.9359,259.7390,113.0834,259.1919,176.0811,242.2060,175.9335
242.0365,120.7350,261.0103,121.3311,259.0949,182.3010,240.1210,181.7049
241.8298,122.7844,259.5947,123.2896,257.8323,185.2645,240.0673,184.7593
258.8324,188.9736,239.0340,189.0220,238.8799,126.0222,258.6783,125.9738
237.7693,127.8985,257.4742,128.1116,256.7924,191.1712,237.0874,190.9582
255.6377,193.0365,235.7759,193.1031,235.5578,128.0315,255.4196,127.9649
232.2265,129.9784,252.3325,130.0226,252.1918,194.0225,232.0858,193.9783
252.5850,194.7547,232.1780,195.2016,230.7112,128.2176,251.1182,127.7708
251.8315,195.6425,230.3385,196.3219,228.3167,132.3538,249.8097,131.6745
251.2126,196.3235,228.6054,197.5603,225.2730,136.6514,247.8802,135.4146
250.8812,196.0753,226.9119,197.6759,222.9810,138.8070,246.9503,137.2065
249.1975,198.5363,221.9792,199.3925,220.1195,140.2705,247.3378,139.4143
249.1564,199.3490,220.0605,200.5654,217.6555,143.0359,246.7514,141.8196
249.2352,200.7741,219.9122,203.0077,215.4061,143.8512,244.7292,141.6176
249.5883,202.2726,218.9289,205.3644,213.0280,146.8489,243.6874,143.7571
249.5773,204.1544,219.2783,207.4422,212.9134,148.7865,243.2125,145.4987
249.1782,206.0378,220.0514,209.5395,212.8898,149.9684,242.0166,146.4668
248.5401,206.5934,219.8154,210.8016,211.1657,151.7601,239.8904,147.5519
248.8180,209.1452,218.9258,214.0583,209.5191,156.8262,239.4113,151.9131
248.0128,212.1653,216.3885,216.8929,207.9724,160.5957,239.5968,155.8680
248.8348,214.7164,214.7916,220.4792,205.1454,163.4942,239.1886,157.7314
250.3068,215.4227,213.8810,223.2369,202.2164,168.8629,238.6422,161.0487
250.3614,217.3269,210.9207,225.5250,199.6238,171.1762,239.0644,162.9780
251.3975,219.7679,208.6275,228.9266,196.8341,173.8529,239.6041,164.6942
256.5824,212.2981,214.7150,234.3132,190.4371,188.1424,232.3045,166.1273
257.3878,190.0924,237.2651,235.2825,188.6079,213.6160,208.7307,168.4258
255.1522,186.8116,243.0191,234.1896,190.3228,220.6945,202.4559,173.3165
250.1795,180.3531,249.3564,230.4529,194.5710,229.5527,195.3941,179.4529
248.6382,179.8655,252.1067,229.3159,196.2235,233.2356,192.7550,183.7852
247.7641,179.2182,251.5402,229.2668,194.6092,233.5622,190.8331,183.5135
247.7923,179.1341,250.6628,230.2885,193.4229,233.5005,190.5524,182.3461
247.1644,179.0563,250.7656,229.8329,192.6940,233.9515,189.0928,183.1749
245.8316,179.7961,247.7125,231.7095,188.5853,233.8517,186.7045,181.9384
241.1386,176.2502,249.5022,229.6864,189.3677,239.0984,181.0041,185.6621
240.1980,176.7590,249.1478,227.9466,186.7396,238.8583,177.7898,187.6707
238.1730,176.3599,248.2164,227.6966,184.1756,240.2254,174.1322,188.8887
236.7754,176.1976,248.2721,227.6734,183.2359,242.1987,171.7392,190.7230
235.2929,176.7079,246.8902,226.8342,178.0465,242.7621,166.4492,192.6357
233.1858,177.6993,245.4091,232.2126,176.1438,247.7436,163.9205,193.2303
231.9714,179.1230,242.4851,233.1671,171.1915,247.0367,160.6777,192.9925
232.5228,182.2343,242.0988,233.8653,166.5154,247.8838,156.9394,196.2528
226.7934,182.4815,237.7974,237.1435,165.2932,251.7393,154.2892,197.0773
224.9157,184.3723,235.6469,236.9081,160.4766,252.2627,149.7454,199.7269
222.9197,186.1949,233.4945,238.5492,157.0238,253.9951,146.4491,201.6408
219.4153,187.7208,230.9175,240.0053,152.9659,257.1541,141.4637,204.8696
219.5563,191.2840,229.3079,243.0298,149.4475,258.0798,139.6958,206.3340
217.3903,190.2159,228.9624,243.4229,147.5638,261.1266,135.9917,207.9195
217.0670,193.7694,226.0422,246.0542,146.5137,259.7060,137.5385,207.4212
216.3716,195.9710,224.0767,248.0152,144.5641,259.7870,136.8590,207.7427
215.9559,198.5927,222.1808,249.9564,143.3807,259.5065,137.1557,208.1428
214.0160,199.8388,220.2062,252.5932,142.4842,261.7132,136.2940,208.9588
211.3788,199.7790,219.2644,252.2518,141.7298,263.9037,133.8442,211.4309
208.8705,201.0575,218.2017,252.6153,139.0966,266.9322,129.7654,215.3743
204.1341,200.4838,216.0085,252.1325,134.6419,270.8391,122.7676,219.1904
201.9479,202.5664,212.6544,254.7011,137.0119,270.2351,126.3055,218.1004
199.2462,201.0246,211.1008,254.9846,135.0888,271.6838,123.2342,217.7238
195.6435,201.6616,210.0033,253.2305,134.2329,274.3294,119.8732,222.7604
197.5016,200.5837,210.9730,253.5220,132.4646,273.5002,118.9933,220.5619
192.7414,199.1441,210.9722,251.0106,135.4594,277.5528,117.2287,225.6863
194.3275,199.9104,211.9572,251.9887,132.9021,278.7506,115.2725,226.6723
193.8191,199.9438,213.3318,250.9824,134.1857,281.2408,114.6730,230.2022
193.6693,199.5179,213.4599,252.0538,132.9397,282.3862,113.1492,229.8503
190.7245,198.5467,215.3975,246.0808,136.9109,286.8199,112.2380,239.2858
195.0263,202.1666,214.0245,251.7848,131.4718,283.3933,112.4736,233.7751
193.4444,204.1898,212.5190,252.1447,129.6740,285.0974,110.5993,237.1424
191.7759,205.7262,210.6380,253.3308,125.2243,287.1738,106.3622,239.5693
187.2366,208.8206,206.7882,256.6887,125.6672,289.8224,106.1155,241.9544
183.1029,210.3559,203.2630,259.3101,121.0442,293.1691,100.8841,244.2150
175.7836,209.7466,199.4168,258.7803,121.9041,296.1396,98.2710,247.1059
174.1309,209.8671,197.1608,258.3857,119.5733,295.2134,96.5434,246.6948
170.0370,210.6099,193.3389,260.6051,117.7655,295.8286,94.4636,245.8333
168.1070,211.0277,191.5706,261.0057,116.6767,296.1667,93.2132,246.1887
166.5089,208.5101,191.3159,258.6986,116.8512,295.5047,92.0443,245.3162
162.2418,206.7445,190.5607,256.0292,118.8371,297.2415,90.5182,247.9568
161.3739,206.1950,188.8544,256.0388,117.6861,295.2762,90.2056,245.4324
158.0724,203.9555,187.7746,251.6772,118.3437,294.8914,88.6415,247.1697
156.8929,203.8484,186.8481,250.8974,116.8746,295.4483,86.9194,248.3993
156.8671,205.5914,185.1857,253.0673,114.0298,295.5106,85.7112,248.0348
152.8099,205.8736,183.2045,251.4547,118.4391,294.6419,88.0444,249.0607
149.9566,204.4215,181.4875,252.1124,118.1478,293.9896,86.6169,246.2987
156.6602,206.8967,179.4247,260.2780,111.8327,289.1028,89.0682,235.7215
157.7596,208.6991,176.9511,263.6723,108.8454,287.4485,89.6539,232.4752
148.4475,200.5657,179.0053,252.1931,117.5661,288.5584,87.0083,236.9310
155.6405,205.5588,173.7588,261.3516,107.3586,282.9145,89.2403,227.1217
140.7450,200.9525,172.6049,248.4831,117.4150,285.4770,85.5551,237.9464
137.4184,199.0268,172.1703,246.7004,116.4707,287.3030,81.7187,239.6295
151.0618,206.4636,163.5937,265.8597,94.4285,280.4527,81.8967,221.0566
156.1275,212.5022,159.8236,270.3705,86.6204,275.0460,82.9243,217.1777
151.9372,211.9492,153.9906,270.7254,82.8500,273.2107,80.7966,214.4345
136.6889,203.0970,155.5350,260.6721,91.0270,281.7877,72.1808,224.2126
142.8006,212.0186,147.0668,271.8429,81.4149,276.5247,77.1487,216.7004
133.3576,207.5352,149.1689,262.9616,86.7706,280.7618,70.9592,225.3353
120.5644,202.9995,149.8372,254.7181,93.5457,286.5792,64.2729,234.8606
134.2073,214.6946,139.6330,272.5136,75.4015,278.5410,69.9758,220.7220
121.2526,210.8955,138.5935,264.6707,80.4601,283.4171,63.1192,229.6419
120.2822,212.0829,138.0370,265.1183,81.8351,283.9331,64.0804,230.8976
96.2127,208.6491,138.8647,237.4539,105.8305,286.3686,63.1785,257.5639
85.4464,215.9693,137.2491,225.3279,126.9644,282.2568,75.1617,272.8982
146.0907,209.3693,177.4799,240.3305,133.8934,284.5195,102.5043,253.5583
155.2700,207.3451,184.3985,238.2100,134.7377,285.0769,105.6092,254.2120
158.8767,214.1657,180.2186,246.2793,129.9171,279.7084,108.5752,247.5947
140.3243,275.8331,95.0209,279.9042,90.1841,226.0800,135.4874,222.0088
166.0600,240.3708,147.5041,288.6484,92.1024,267.3542,110.6583,219.0767
115.7735,222.2049,131.9154,262.5156,75.2565,285.2039,59.1146,244.8932
76.5178,228.6055,119.8021,250.1771,94.3292,301.2894,51.0449,279.7178
110.6190,210.4670,141.9058,247.5866,92.5187,289.2133,61.2319,252.0937
116.1235,219.8644,140.5547,257.8256,92.9022,288.4940,68.4710,250.5329
120.5508,222.6749,142.4286,258.9130,97.1123,286.2716,75.2344,250.0335
2
0
0
0
0
1
213.0001,235.5693,214.5200,265.6439,144.8280,269.1660,143.3080,239.0914
211.7014,236.6488,212.3051,265.6920,142.3289,267.1466,141.7252,238.1034
211.1940,234.7133,212.7654,262.3563,140.8814,266.4426,139.3100,238.7995
209.6494,232.7863,212.1712,259.7499,140.4841,266.4545,137.9623,239.4909
207.4020,233.9341,208.5926,260.2743,139.6630,263.3901,138.4724,237.0499
209.9644,231.0961,211.9374,256.5398,138.1589,262.2609,136.1859,236.8173
207.2731,230.6281,208.7179,255.0967,137.8414,259.2818,136.3966,234.8132
209.6531,226.5152,212.1340,251.6864,135.5053,259.2390,133.0244,234.0678
211.2946,219.1620,217.3932,247.9393,148.6452,262.5086,142.5466,233.7313
214.0080,218.1180,220.5474,246.3291,154.1862,261.7118,147.6468,233.5007
217.8760,219.9918,223.0934,246.1244,152.5747,260.2038,147.3572,234.0712
218.9153,219.7241,223.9818,245.8642,151.4223,259.9279,146.3557,233.7879
218.1873,223.8494,221.3312,249.7080,144.7146,259.0232,141.5706,233.1646
217.5977,222.1193,221.7386,247.8396,146.8621,259.8947,142.7212,234.1744
219.3816,221.4790,223.8448,247.5432,147.0866,260.6870,142.6234,234.6228
218.5268,221.4894,222.8296,248.6210,147.9002,260.5042,143.5973,233.3727
219.7751,225.4383,222.0642,251.3941,146.2914,258.0766,144.0023,232.1208
219.7447,226.7652,222.0749,253.5120,139.5656,260.7000,137.2355,233.9532
170.7986,214.7784,179.3846,243.3584,123.5862,260.1215,115.0001,231.5415
172.5966,217.7117,179.5856,245.7215,121.4967,260.2159,114.5076,232.2061
167.3357,213.3557,177.8074,245.3805,120.7302,264.0440,110.2585,232.0192
165.7021,205.4143,180.8525,241.4242,126.8795,264.1322,111.7291,228.1223
2
0
0
0
0
1
243.3928,193.2195,264.7106,238.2333,202.8385,267.5349,181.5207,222.5212
246.2418,193.2048,266.9592,238.7279,205.1989,266.8348,184.4815,221.3117
242.4331,188.9807,271.0162,228.6875,215.3408,268.7657,186.7576,229.0589
245.0345,188.2565,271.7227,227.1651,214.6712,266.2980,187.9829,227.3894
248.0491,183.8086,276.4532,223.2305,220.2437,263.7303,191.8396,224.3085
247.1803,182.7997,277.4376,217.2843,228.3882,260.3211,198.1308,225.8365
245.9120,180.3062,279.3925,211.2404,233.5304,260.8773,200.0500,229.9432
247.2135,177.6927,282.5781,206.1728,240.5318,258.3830,205.1672,229.9029
252.1310,175.5934,284.8652,203.0484,238.8912,257.8624,206.1570,230.4074
256.4311,174.3241,287.6100,202.0802,238.8163,256.8911,207.6373,229.1349
255.4898,172.7514,287.7066,199.3628,241.5584,255.2316,209.3416,228.6201
256.7049,172.5725,290.9955,199.4435,248.0703,254.2213,213.7796,227.3503
261.8887,173.1739,293.8704,202.7987,246.4248,254.0190,214.4431,224.3942
264.8493,172.7320,296.9525,202.8742,249.8838,253.0052,217.7806,222.8630
270.4915,170.9794,301.9940,203.9908,251.9988,251.7007,220.4963,218.6894
278.0757,172.3844,306.5077,209.0374,253.3689,250.2576,224.9369,213.6047
285.5521,172.3381,311.0897,212.3152,256.0164,247.4963,230.4789,207.5191
290.8732,171.9733,313.3619,214.7528,257.3217,244.2125,234.8330,201.4330
294.8199,169.1650,317.5963,213.1218,260.6180,242.6453,237.8416,198.6884
297.9136,169.5863,319.0020,215.2967,261.2465,241.9422,240.1581,196.2318
302.6958,169.4375,322.4701,216.1608,260.8990,242.2190,241.1247,195.4957
310.5879,168.4662,326.8752,217.1720,259.5800,239.6757,243.2927,190.9699
314.4611,166.1695,331.6589,214.1438,263.3004,238.6489,246.1026,190.6747
324.6499,173.7568,330.8649,220.2081,259.7549,229.7222,253.5400,183.2710
323.9407,164.7336,337.7318,213.0373,267.7104,233.0288,253.9194,184.7252
328.8967,163.9973,339.4919,210.8370,267.6790,227.0811,257.0838,180.2414
338.3881,162.8142,347.0515,209.9963,269.4874,224.2383,260.8241,177.0562
346.1321,162.6841,352.7654,207.8427,273.8057,219.4410,267.1725,174.2823
352.6974,148.2822,368.5715,196.0060,281.7530,224.8839,265.8789,177.1602
356.9352,145.3844,372.7756,193.1354,285.6320,222.0434,269.7917,174.2924
367.0298,143.5865,380.3403,191.9554,289.0799,217.0692,275.7694,168.7004
370.8725,138.9669,385.2957,188.2377,298.5518,213.6303,284.1287,164.3595
375.8112,136.0183,389.5299,186.7259,305.4795,209.4654,291.7607,158.7578
383.2493,132.3432,397.7526,182.2427,309.5794,207.8703,295.0761,157.9708
390.2686,128.9576,405.9889,178.7003,316.2398,207.0637,300.5196,157.3210
395.3286,126.6855,410.6597,179.5816,329.4983,203.1051,314.1671,150.2090
400.1013,124.1543,416.2552,175.3611,336.6719,200.4668,320.5180,149.2599
404.5228,121.7943,422.5998,172.5818,343.0149,200.9087,324.9379,150.1212
410.4300,122.2485,426.3282,173.4585,346.6894,198.1825,330.7912,146.9724
414.5798,119.5227,430.4559,170.9207,349.3018,195.9881,333.4256,144.5902
416.6747,117.3544,436.0539,167.8887,358.5113,197.6252,339.1321,147.0909
419.5917,116.7533,438.4626,168.0880,363.0007,195.8282,344.1299,144.4934
421.2053,115.9349,441.1441,167.4941,366.3336,196.4246,346.3947,144.8654
424.4223,115.1429,443.9211,166.5831,367.7765,195.4462,348.2777,144.0061
427.8405,115.4707,447.3360,166.6902,370.0245,196.1170,350.5290,144.8975
428.5302,114.1843,449.1251,165.2777,374.4300,195.3861,353.8351,144.2927
430.1365,113.4828,451.1223,165.1162,375.3257,195.9229,354.3399,144.2895
429.6865,111.0289,452.7383,163.4192,376.5633,196.9364,353.5115,144.5460
430.8173,110.0512,452.9589,163.8527,371.5111,197.3721,349.3694,143.5705
430.1988,107.9827,455.0944,159.5370,373.7980,198.7952,348.9024,147.2409
429.7000,106.2566,454.7710,158.5320,372.2383,198.1142,347.1673,145.8388
432.4713,106.2900,454.2926,155.9202,370.0464,192.9613,348.2252,143.3311
422.4496,101.7557,455.0276,153.1639,382.0800,199.3917,349.5021,147.9835
422.1614,101.3436,453.6967,150.2980,379.9488,197.8046,348.4135,148.8502
422.8377,102.5013,453.3181,150.1887,378.1035,198.2639,347.6230,150.5764
417.7226,100.2959,452.4030,147.0364,381.3051,199.7894,346.6247,153.0489
425.0660,103.2510,451.2857,151.4071,373.0884,193.9834,346.8687,145.8273
429.4786,104.2276,449.7422,152.2188,367.3137,187.0230,347.0501,139.0317
429.9219,102.6795,449.9167,149.6830,368.1419,184.4692,348.1470,137.4656
