1
523.2102,186.4009,573.4283,336.8616,367.1966,405.6940,316.9785,255.2333
523.4058,184.7609,576.4521,339.2213,369.9350,410.1455,316.8886,255.6850
516.7205,168.3590,583.6198,325.6765,377.9566,413.1348,311.0573,255.8173
522.2361,169.1128,582.5390,326.6819,373.6402,406.6291,313.3372,249.0600
527.8814,179.0559,580.1607,331.8209,369.3507,403.9644,317.0714,251.1993
522.7241,164.9177,583.5475,321.5812,375.4676,402.3668,314.6441,245.7033
520.8177,164.5598,581.1763,321.2043,371.2002,402.1127,310.8416,245.4682
513.9088,166.1573,573.6929,319.0672,373.3609,397.3923,313.5768,244.4825
509.6486,163.1192,572.3882,317.1535,372.5262,398.5591,309.7866,244.5249
530.3166,175.0253,578.4653,329.2423,365.7777,395.6464,317.6289,241.4294
525.9387,159.3339,587.8655,315.0005,378.1563,398.4263,316.2296,242.7596
525.9447,154.8631,587.6257,313.2687,372.1079,397.1884,310.4269,238.7828
513.0190,159.7936,576.2836,316.9524,377.6831,396.8993,314.4186,239.7404
520.8544,166.0056,576.0528,323.1860,372.6844,394.6047,317.4859,237.4243
529.2034,172.7013,568.4257,327.8352,361.8453,380.0647,322.6230,224.9309
521.7793,155.5613,583.9276,311.7186,375.1230,394.8199,312.9746,238.6625
513.3297,156.3234,577.8543,311.9507,377.2129,395.1385,312.6883,239.5112
509.9129,156.9896,574.4200,311.6048,377.6562,393.6967,313.1491,239.0814
532.0258,168.2632,580.4948,317.5620,367.6566,386.6587,319.1876,237.3598
535.6319,167.6142,579.5604,318.6530,366.5580,380.6031,322.6295,229.5643
501.5700,145.9804,584.4945,298.8538,391.0475,403.7870,308.1230,250.9137
498.7290,146.8192,583.7529,298.9770,393.9929,405.0126,308.9689,252.8549
531.2422,164.7339,584.0701,316.2844,371.8597,390.2572,319.0319,238.7067
522.1871,160.9432,579.8164,314.2358,374.4023,391.4599,316.7729,238.1673
530.5226,183.6013,572.0742,334.9388,364.2328,392.0042,322.6813,240.6666
528.8254,176.3633,584.4019,324.6964,374.8540,403.2084,319.2775,254.8753
522.9566,184.3319,576.4293,336.6429,372.4891,408.2413,319.0164,255.9304
530.8801,178.4458,589.2228,328.3338,376.2150,411.2453,317.8723,261.3573
523.4888,188.7189,579.1937,338.2428,374.5757,414.4730,318.8708,264.9491
508.7613,172.5125,589.6240,324.0602,393.0445,428.9509,312.1818,277.4033
522.6755,192.9745,576.0474,343.2422,371.1711,416.0099,317.7992,265.7422
509.7624,172.6668,585.7349,326.4984,383.1942,426.5267,307.2217,272.6950
535.2980,195.9531,581.6298,346.6831,373.2416,410.7381,326.9098,260.0081
472.1166,144.8852,601.6391,277.1138,432.7603,442.5364,303.2378,310.3079
468.0590,156.6192,566.4363,297.8971,375.8343,430.6208,277.4570,289.3429
464.5925,160.2796,560.6920,311.8186,373.3446,430.6263,277.2451,279.0872
512.8818,191.3421,558.9247,344.7313,352.4913,406.6966,306.4484,253.3074
518.7505,181.9616,579.2134,332.1315,372.5250,415.3506,312.0620,265.1807
490.3486,166.1642,579.3455,315.1770,389.2003,428.7399,300.2034,279.7271
497.5166,170.9653,570.6374,322.1831,370.0694,419.1670,296.9486,267.9493
511.2885,184.6370,565.8519,334.7910,358.2422,410.2329,303.6788,260.0789
501.8112,171.1033,569.2042,323.2625,365.2180,413.6103,297.8250,261.4512
504.8375,174.7866,566.5673,325.9256,362.1433,409.4186,300.4135,258.2796
520.3201,181.1560,574.6337,331.7517,358.9148,409.5527,304.6011,258.9569
497.9448,175.0025,560.3255,330.4878,361.4353,410.2825,299.0547,254.7972
470.5061,155.8836,576.6579,302.2841,397.7250,432.0245,291.5732,285.6239
472.2724,158.3886,570.5660,311.5624,386.8922,429.4283,288.5986,276.2545
452.9048,143.6214,574.4165,276.7216,402.1786,433.9635,280.6668,300.8632
484.9812,174.5928,546.7662,326.0878,345.7975,408.0500,284.0125,256.5550
469.9930,167.9238,547.4998,321.0635,355.3455,418.3163,277.8387,265.1766
465.1966,165.3905,545.0139,320.3410,353.5694,418.9568,273.7521,264.0063
447.6885,156.3004,548.5654,302.9876,366.1855,428.4102,265.3087,281.7229
458.8430,166.7883,535.0141,321.5406,341.8783,416.6046,265.7072,261.8522
468.7484,172.4196,532.3915,323.7640,327.9409,409.7393,264.2978,258.3949
483.0176,184.9874,525.6810,335.3015,312.2291,395.8853,269.5656,245.5713
474.5246,175.3491,524.0810,328.9681,312.1666,397.3301,262.6102,243.7112
436.0505,159.8746,522.9489,313.6960,334.7938,419.9905,247.8954,266.1692
469.5358,181.7020,514.2402,332.9483,302.5174,395.5280,257.8129,244.2817
444.2307,163.2615,516.2061,316.5526,317.1118,410.0340,245.1366,256.7430
461.3960,167.5265,514.3845,322.4845,300.1597,395.7395,247.1712,240.7815
446.1530,164.5529,508.4781,319.0460,303.8938,401.5788,241.5687,247.0857
457.5390,168.8405,506.1345,325.0982,292.4466,391.5541,243.8512,235.2964
443.3116,169.2686,494.0067,323.4868,289.1152,390.8393,238.4201,236.6212
444.8545,162.5469,500.4312,317.5957,291.2769,392.5664,235.7001,237.5175
466.5723,175.9095,504.7014,328.1468,287.9561,382.4324,249.8271,230.1951
447.3078,150.0156,515.5466,306.7567,305.2884,398.2946,237.0497,241.5534
461.8153,172.3812,506.8698,323.3299,299.4384,385.2431,254.3839,234.2945
462.4785,167.1385,514.7314,320.9813,306.4841,391.7128,254.2311,237.8700
455.0234,161.8059,506.3910,319.2899,305.2747,384.8894,253.9071,227.4053
451.7035,151.2350,516.9503,304.5358,311.0630,392.1641,245.8162,238.8634
443.7664,153.5952,509.2611,308.8167,312.3360,391.9080,246.8413,236.6864
428.0930,143.5252,516.3482,290.4019,327.2629,404.0194,239.0077,257.1427
459.2513,159.3898,516.3163,313.2523,303.1454,392.3138,246.0804,238.4513
441.6867,152.4213,506.4975,305.5652,309.1054,389.1020,244.2945,235.9581
454.9754,150.8098,514.5116,306.9541,300.3498,388.6118,240.8136,232.4674
425.8961,146.5339,512.4222,292.3753,325.0840,403.5211,238.5579,257.6797
452.8539,147.5755,513.1391,303.8243,297.0439,387.1999,236.7587,230.9511
450.6107,151.1047,508.5178,304.6390,298.0605,384.0153,240.1533,230.4810
451.4910,153.4999,500.9801,307.1926,288.4277,375.6346,238.9386,221.9419
437.1034,146.6610,498.1093,299.6552,299.2910,378.9332,238.2851,225.9391
417.2587,133.9810,503.8718,278.5488,318.3985,389.6690,231.7854,245.1012
429.9687,133.7561,502.3865,283.5174,306.6225,378.1800,234.2048,228.4187
432.6318,129.3016,504.2181,273.2301,306.4390,371.6003,234.8527,227.6718
427.6973,129.6922,498.2029,278.9166,303.3269,370.9917,232.8213,221.7674
429.1653,126.6335,499.7071,269.3526,304.7344,365.7218,234.1926,223.0027
424.8704,120.4032,500.3014,270.0807,303.4099,369.3055,227.9789,219.6280
430.0957,124.7928,495.3024,275.8047,297.3259,361.2906,232.1192,210.2787
431.6401,120.6865,508.2746,261.8271,322.9683,362.4421,246.3338,221.3015
454.3858,126.9830,515.2280,273.5203,320.2298,354.4834,259.3876,207.9462
418.3452,99.8278,526.6190,240.8620,353.3315,373.8970,245.0577,232.8628
431.8216,106.9760,518.5498,251.8515,333.4555,362.6562,246.7274,217.7806
418.7363,105.7091,518.7409,245.4427,345.9556,369.1018,245.9509,229.3681
426.5633,104.4561,517.8111,250.5556,336.7640,363.6302,245.5162,217.5307
435.1130,111.9504,517.9684,260.3086,331.3196,364.5485,248.4643,216.1903
425.7295,105.7315,525.4327,246.1954,347.3543,372.5978,247.6511,232.1339
426.2282,111.7338,521.6434,255.2229,345.0335,372.6622,249.6184,229.1731
449.4615,122.6239,523.5074,267.0168,332.0027,365.2222,257.9567,220.8293
431.4824,125.3620,524.8209,264.5474,350.8467,381.2154,257.5082,242.0300
409.7117,127.5811,530.9456,247.2982,381.8746,398.2577,260.6408,278.5405
464.7000,168.7673,518.5876,313.7214,325.9433,385.3381,272.0557,240.3840
459.2003,170.6296,521.1564,308.9588,329.6060,394.7521,267.6499,256.4230
447.1061,168.9256,526.6926,308.4460,345.5321,411.7852,265.9456,272.2648
468.8830,194.4445,522.6946,339.6958,329.0691,411.4288,275.2574,266.1775
446.0909,175.0174,535.7358,314.7934,353.9024,431.4117,264.2574,291.6358
472.7137,209.7680,524.6456,354.8541,332.9508,423.4691,281.0189,278.3830
480.4347,218.5503,528.4529,365.7655,334.8848,428.9029,286.8666,281.6877
470.1093,216.3907,534.7723,360.0267,345.2653,445.3403,280.6023,301.7043
472.9539,222.0663,531.5117,368.6599,340.9713,444.7725,282.4135,298.1789
472.8773,225.3038,530.2452,370.5693,341.1586,445.2429,283.7908,299.9773
456.2106,208.9810,548.1673,343.2475,376.9719,460.4961,285.0152,326.2296
492.3224,236.1317,539.4095,381.7654,342.3895,445.4670,295.3024,299.8333
473.8503,222.0381,553.9058,367.8639,368.4598,469.6700,288.4044,323.8442
480.1897,232.8703,547.6865,380.3344,358.2980,467.0208,290.8011,319.5566
475.4135,223.2919,563.5220,361.2638,378.4646,479.4410,290.3561,341.4691
486.3224,229.9386,566.2094,375.8957,376.5247,479.7162,296.6377,333.7591
493.0762,232.3634,571.1569,378.2503,378.5735,481.3236,300.4928,335.4367
496.9159,233.2139,575.0390,384.0412,381.2402,484.4221,303.1170,333.5948
488.8295,227.1802,580.4975,370.1746,393.5430,490.0236,301.8751,347.0291
464.0856,224.3396,580.7068,351.2157,416.3586,502.2803,299.7374,375.4042
474.0165,227.0592,581.3716,361.0232,409.9008,498.4352,302.5457,364.4713
452.8199,227.4233,574.4126,356.5363,420.5536,501.4336,298.9609,372.3205
484.0956,233.9348,575.5752,382.7451,391.9619,495.6195,300.4824,346.8092
493.4068,228.5936,581.3607,380.9705,391.5270,490.5450,303.5731,338.1680
489.2875,227.8883,582.9489,372.9945,396.2272,493.5172,302.5659,348.4110
504.8243,237.1173,577.0872,387.8284,377.1965,483.6718,304.9336,332.9607
502.5983,237.2736,576.6970,385.1771,378.3450,484.5500,304.2464,336.6465
499.4295,230.6954,580.9180,379.4723,383.3025,487.7107,301.8140,338.9338
467.9792,216.1802,578.7267,350.2119,406.3439,492.6480,295.5965,358.6164
456.1943,217.9173,575.2975,345.8986,411.0140,498.7856,291.9109,370.8043
475.3799,211.0318,582.4259,351.8588,396.2691,493.3611,289.2231,352.5341
508.1313,236.3984,574.4498,385.0078,367.3010,477.4502,300.9825,328.8408
444.6521,208.6202,580.4789,320.4267,435.4958,496.5578,299.6690,384.7513
507.6772,238.3734,575.2411,382.4477,368.7857,479.2653,301.2219,335.1909
499.8661,238.7645,571.7591,381.6483,371.2855,482.5179,299.3925,339.6341
510.7675,250.1769,570.7238,394.7655,365.7918,479.7442,305.8356,335.1557
490.4610,228.2887,577.9584,377.7461,381.0786,493.0063,293.5811,343.5489
496.4817,239.4909,571.2209,393.1378,372.5830,489.7622,297.8438,336.1152
513.4855,248.7979,572.9854,409.9518,362.4565,487.6815,302.9566,326.5276
510.8990,243.5783,570.5245,392.2545,361.0483,476.2634,301.4228,327.5871
509.6305,242.6987,575.4373,393.2354,368.0108,483.9115,302.2040,333.3748
509.8250,244.6498,575.0865,398.7543,368.4336,486.2695,303.1721,332.1649
509.2291,241.6086,576.3351,392.2109,368.0743,485.0087,300.9682,334.4063
504.6014,241.9454,569.8400,393.9962,365.9614,481.4719,300.7228,329.4211
509.1742,237.2307,577.0281,387.2679,364.7294,483.2795,296.8754,333.2424
510.9501,239.8994,574.1348,386.5531,367.7421,475.4758,304.5574,328.8221
517.2597,240.4843,580.5662,389.7126,370.1428,478.9797,306.8363,329.7514
522.2375,241.0266,576.6444,384.3793,361.1470,466.1674,306.7401,322.8147
522.6820,235.0135,577.6360,377.6032,364.3524,459.8025,309.3984,317.2128
537.1257,242.5578,581.2322,382.3856,365.9925,450.2797,321.8859,310.4519
550.9630,259.1269,586.2480,395.1786,366.8521,452.0791,331.5670,316.0274
548.9909,266.7669,590.1667,404.9354,376.9724,468.4698,335.7965,330.3013
540.0114,262.6154,597.6823,404.7794,396.0791,486.5627,338.4082,344.3987
540.6459,264.7921,597.9559,409.7856,397.4503,489.0373,340.1403,344.0438
542.9069,270.5947,597.6205,416.3647,400.3581,490.4055,345.6445,344.6355
546.1168,275.6074,594.4279,421.2061,395.3793,487.2524,347.0681,341.6537
543.7998,282.7190,586.7238,427.2973,390.6189,485.5191,347.6949,340.9408
544.1140,279.6152,589.3779,425.0353,391.0054,486.7813,345.7415,341.3612
534.9231,279.6378,582.3939,424.7590,389.7920,487.7611,342.3213,342.6400
552.8401,282.6887,595.9396,425.3708,397.0551,485.4472,353.9555,342.7650
561.0894,278.7777,608.7892,419.5234,411.0941,486.5238,363.3943,345.7782
558.5740,280.0123,603.7805,424.5691,404.5550,486.8717,359.3486,342.3149
554.6974,280.0844,599.6842,418.5441,400.2280,483.3492,355.2412,344.8895
553.6002,277.7467,600.0628,416.2855,399.3689,483.5936,352.9062,345.0548
538.1102,271.3317,592.0121,411.2480,393.5686,487.6971,339.6667,347.7808
527.9905,270.2344,583.0765,408.3224,385.5532,487.1183,330.4672,349.0303
532.0014,267.2477,587.9919,401.4805,388.1037,484.8568,332.1132,350.6240
541.9652,264.5863,598.7458,398.9774,397.4362,484.0313,340.6556,349.6402
544.9005,262.7070,602.9761,397.3070,402.8032,483.6753,344.7275,349.0753
523.1558,244.7428,594.8215,378.2051,394.2888,485.8858,322.6231,352.4235
519.6934,240.7413,583.1036,376.2829,367.4013,477.1946,303.9911,341.6530
517.2709,229.4042,576.3408,359.7617,357.6460,458.8606,298.5760,328.5031
512.5026,226.4947,569.1511,356.6425,355.1303,449.7979,298.4818,319.6501
510.2800,214.7957,570.1967,347.8377,350.3981,446.8261,290.4814,313.7841
506.1022,224.2603,563.6343,355.7818,346.2995,450.8518,288.7673,319.3303
506.8559,224.4744,562.3312,357.9389,342.3947,449.3568,286.9194,315.8923
507.5961,224.6406,562.6129,353.4277,344.4656,446.6184,289.4488,317.8314
497.8743,212.3105,559.3719,341.1477,349.5728,441.2909,288.0751,312.4537
520.2550,200.6687,573.6120,331.0935,358.5001,419.0960,305.1432,288.6712
525.3611,178.6154,576.2839,306.4295,360.5181,392.3935,309.5953,264.5794
523.8979,141.6353,582.4710,266.0442,368.7892,366.6478,310.2162,242.2389
533.2214,131.6070,585.9658,257.2393,372.5544,346.8363,319.8099,221.2040
535.3557,109.9455,592.7949,235.7507,380.4986,332.6794,323.0594,206.8742
547.9551,93.6430,597.1368,220.8428,381.4199,304.2495,332.2383,177.0496
534.2650,81.1239,593.2829,207.2915,383.6301,305.3617,324.6122,179.1942
526.9648,89.9016,589.9886,212.9918,386.4121,317.2257,323.3883,194.1355
544.7646,90.2008,604.0793,215.3197,394.9345,314.4685,335.6197,189.3496
565.2496,81.3347,619.9614,203.1037,409.8916,297.4899,355.1797,175.7209
563.0577,67.1016,617.9935,194.9591,404.5975,286.6479,349.6616,158.7903
534.0848,43.9860,601.5760,167.5862,397.5384,278.9998,330.0471,155.3996
520.9649,32.1137,584.7095,154.5834,381.8354,260.1780,318.0908,137.7083
525.9114,18.8572,587.4848,136.2211,384.2240,242.8590,322.6507,125.4951
533.6033,9.4442,592.3116,126.9102,389.5687,228.2390,330.8604,110.7730
527.1132,-4.7181,592.8953,111.4677,395.0459,223.4863,329.2637,107.3005
524.2411,-4.8378,593.1684,109.9796,395.7157,228.5145,326.7884,113.6971
520.2013,5.8850,589.4036,126.8272,386.8089,242.7505,317.6066,121.8084
513.9270,19.0833,577.0541,136.6197,377.3768,243.8634,314.2497,126.3270
513.8578,21.1881,578.1496,141.1152,382.3847,246.0629,318.0930,126.1357
516.1816,19.2831,580.4511,136.2895,385.7659,243.2267,321.4964,126.2202
518.7081,12.1118,583.9326,131.4321,383.3669,241.0679,318.1424,121.7477
514.1788,19.0591,580.0194,139.9015,384.9702,246.1733,319.1297,125.3309
519.5456,18.2702,583.4243,133.0744,387.0435,242.3436,323.1647,127.5393
524.1865,22.5463,587.8781,136.3261,392.6162,245.6296,328.9247,131.8498
527.8054,35.6909,591.7388,149.4447,397.5018,258.6123,333.5684,144.8585
528.2591,55.5484,594.4617,169.2846,404.1196,280.0774,337.9170,166.3412
534.9799,79.3218,598.0691,195.8429,407.7071,298.9126,344.6178,182.3915
539.0550,95.0207,609.7302,213.8865,419.8986,326.7567,349.2234,207.8908
545.9444,119.5265,613.0673,242.0783,425.2016,344.9742,358.0787,222.4223
528.2331,124.1777,614.1047,245.8219,429.9023,375.8549,344.0306,254.2107
546.7953,155.5773,608.8546,267.6777,418.1211,373.2686,356.0619,261.1682
556.7150,150.6649,623.8182,261.1506,435.8405,375.3185,368.7372,264.8327
562.5664,151.3697,628.1657,271.0450,432.7806,378.1441,367.1813,258.4689
522.7369,135.5916,612.8685,256.7719,434.6892,389.2984,344.5576,268.1182
519.5814,148.1519,595.0631,269.5242,406.4978,386.7935,331.0161,265.4212
517.8112,150.8549,590.1242,268.6798,400.9500,384.7823,328.6369,266.9575
534.3046,157.9990,594.6378,262.9288,403.1440,373.0352,342.8109,268.1053
533.3528,151.7222,595.6652,255.3895,404.6958,370.1773,342.3835,266.5100
520.1818,155.1860,591.0770,269.1418,400.5275,387.6882,329.6323,273.7324
508.7357,161.4984,583.2205,271.9781,396.6404,397.7693,322.1556,287.2896
505.8911,167.7675,578.3281,279.3029,391.2729,400.7864,318.8360,289.2510
502.3719,174.5879,570.3964,282.3381,381.0095,401.9010,312.9851,294.1509
493.7697,182.3938,567.7090,291.4197,380.9964,418.0446,307.0571,309.0187
490.8437,189.6176,559.8250,293.4706,373.5978,417.1667,304.6164,313.3137
490.7109,192.5443,551.9366,283.2772,365.1840,409.2961,303.9583,318.5633
496.2375,198.6373,556.5065,290.6670,367.1648,414.6644,306.8958,322.6346
502.5625,202.4048,563.1629,295.3502,373.6265,418.9281,313.0260,325.9827
504.3896,199.8981,566.8910,290.2948,378.4874,420.5591,315.9861,330.1624
509.6837,197.6490,570.8823,289.0595,381.5454,415.8192,320.3467,324.4086
509.5799,194.9740,575.6751,290.7999,389.3468,419.3183,323.2516,323.4924
511.7089,194.4262,574.2292,282.9208,387.8107,414.6232,325.2903,326.1287
511.2844,195.8712,575.5720,286.4897,390.4571,417.8159,326.1695,327.1974
504.3020,200.3910,578.8148,299.8608,402.8246,431.6951,328.3118,332.2253
509.1906,207.9325,580.5096,305.0516,406.2828,432.9944,334.9638,335.8753
499.4904,203.8580,590.2704,302.7884,430.0486,449.8102,339.2686,350.8798
499.7932,207.0813,590.5146,302.9121,432.5493,452.4552,341.8279,356.6244
501.9142,213.7663,586.0135,310.5757,423.4894,451.7622,339.3900,354.9527
495.7900,221.2096,577.2681,317.2885,412.1718,457.2958,330.6937,361.2169
479.0718,221.5452,569.1595,312.2807,415.4595,464.8835,325.3718,374.1480
500.0283,233.7870,558.7894,311.1431,385.1343,443.0544,326.3733,365.6983
505.7971,241.0092,564.3976,317.9284,391.0031,450.0281,332.4025,373.1089
497.9773,244.6107,571.6248,334.3683,409.0757,467.7424,335.4282,377.9848
483.1193,245.0131,573.2874,334.9134,423.9262,484.7195,333.7581,394.8193
485.8139,251.3181,567.6217,336.8141,411.1263,486.5584,329.3185,401.0624
480.6323,251.2052,569.9373,338.5499,419.6057,492.2555,330.3006,404.9107
486.0722,256.3488,564.4745,337.1005,410.4919,486.6033,332.0896,405.8516
489.8780,259.6986,565.7462,341.9123,410.1829,485.4688,334.3147,403.2552
490.2960,258.6947,568.0848,340.1401,415.0075,486.3447,337.2188,404.8993
492.7566,257.9326,569.0200,337.3472,416.3107,483.9969,340.0473,404.5823
490.9972,260.0915,569.8077,339.5028,421.6468,486.5427,342.8363,407.1313
489.6974,258.1658,569.4481,337.9662,422.8872,484.4358,343.1365,404.6354
493.1662,259.8993,570.7906,339.5114,423.5732,483.0532,345.9488,403.4410
494.0638,263.2061,570.7523,340.8315,424.3511,485.4655,347.6626,407.8401
493.8189,265.0909,572.9098,348.1171,427.4689,486.6642,348.3781,403.6380
493.0879,265.3414,572.7585,345.3232,429.9514,487.5746,350.2808,407.5927
468.9963,255.1124,569.1857,326.5904,454.4091,487.4706,354.2197,415.9927
466.3930,255.6748,562.6161,333.5544,441.0520,483.7511,344.8290,405.8716
481.1527,259.4562,549.6615,341.8527,403.6528,463.2521,335.1440,380.8556
474.9718,247.6370,555.0495,332.9870,415.6264,463.7975,335.5487,378.4474
465.8215,235.0863,561.3093,319.0771,439.9134,457.0901,344.4256,373.0993
462.8124,226.2643,556.6606,305.5580,437.4099,446.6975,343.5617,367.4038
473.3641,228.0573,544.6525,313.6596,404.6914,430.2170,333.4031,344.6147
460.5701,219.7421,537.9791,301.7003,405.0606,427.2408,327.6517,345.2826
473.8510,208.9292,546.9043,295.0624,408.3431,412.5822,335.2898,326.4490
453.7896,195.2092,546.5472,277.2435,429.8304,409.2172,337.0728,327.1829
462.0904,192.3207,546.1332,277.9997,421.5400,400.2134,337.4972,314.5344
468.8524,188.6164,543.5491,275.1143,412.4043,388.3668,337.7075,301.8690
463.1703,182.7912,547.3920,269.2022,424.8990,388.5916,340.6774,302.1806
459.9558,176.7364,545.9594,262.5306,426.7369,382.0439,340.7334,296.2497
461.9777,169.3642,545.2806,258.0280,423.2345,372.6947,339.9317,284.0309
461.6824,165.2731,542.6101,251.1454,421.5176,365.2653,340.5899,279.3930
468.0333,164.0527,540.9604,246.1132,414.8926,358.1497,341.9654,276.0892
469.9319,162.3387,543.1609,245.2013,418.0339,355.7813,344.8048,272.9188
472.7467,163.2250,545.5624,246.5974,421.0591,355.3360,348.2434,271.9637
471.8255,162.2932,545.2899,243.0287,423.9596,353.4319,350.4952,272.6964
471.4579,160.9099,545.1303,242.8853,423.5355,352.1642,349.8631,270.1889
460.5182,157.2745,544.0085,235.8551,434.7463,351.9440,351.2560,273.3634
439.4694,154.6301,541.4688,219.0157,458.3139,350.7495,356.3145,286.3638
444.4843,155.8661,540.1277,226.5306,448.9845,349.8917,353.3410,279.2272
438.0635,153.2193,537.9717,219.7596,452.6102,347.9273,352.7020,281.3871
438.3846,153.4949,534.9338,221.7432,446.4502,346.9187,349.9010,278.6703
431.1372,155.6121,531.4716,216.9839,451.6617,347.4620,351.3273,286.0902
429.5712,153.9283,530.1752,218.6817,448.7758,345.1476,348.1718,280.3941
415.0797,150.5540,521.1348,199.7022,453.9681,344.6389,347.9130,295.4907
409.1170,149.4852,514.7643,199.0478,446.7869,343.9480,341.1396,294.3853
397.1928,152.6069,507.4861,199.7813,446.5853,342.1670,336.2920,294.9926
394.6131,154.9476,502.0839,202.2484,441.1344,340.7299,333.6637,293.4292
392.1004,152.2257,499.9386,198.6350,438.9903,340.2568,331.1520,293.8476
388.2517,155.1705,492.4530,203.6391,429.3022,339.4049,325.1010,290.9363
377.4626,156.3717,488.7319,198.7570,435.6412,338.1299,324.3719,295.7447
381.7323,155.4347,487.8167,200.4073,430.0092,336.7677,323.9248,291.7951
383.4434,152.0319,479.3284,211.6154,400.2718,338.8377,304.3868,279.2543
370.9137,152.3792,476.7857,197.4287,417.6905,336.3098,311.8185,291.2603
360.6744,156.5831,469.1540,196.2141,417.7222,336.9951,309.2427,297.3640
371.0604,156.0231,471.0781,204.9134,406.2048,337.6287,306.1870,288.7384
350.7531,159.6316,462.2254,194.0240,418.6043,335.4082,307.1319,301.0158
355.9707,163.2880,459.5870,206.3645,405.6711,336.0543,302.0547,292.9778
348.8400,160.5806,453.2495,200.5283,401.6207,335.4683,297.2112,295.5206
347.7498,163.2585,449.2824,208.0753,391.4594,339.0736,289.9267,294.2567
335.6982,166.2189,441.8763,199.5874,398.6859,337.0184,292.5078,303.6499
339.0344,169.3816,445.4428,199.1060,406.7019,337.7921,300.2935,308.0676
355.2077,168.1187,452.9584,208.0389,398.1035,342.3593,300.3528,302.4391
354.8318,171.2676,459.3057,204.9620,414.6718,343.3554,310.1978,309.6610
362.0435,173.3660,464.1168,207.1972,418.8919,343.6467,316.8186,309.8155
365.2241,172.5779,469.1442,206.7592,424.4623,342.6035,320.5423,308.4222
364.2332,170.3716,467.1952,202.9648,422.9578,342.7107,319.9958,310.1174
355.6888,167.0570,459.9059,194.5362,421.4791,340.2728,317.2620,312.7936
352.7857,165.9781,455.9059,194.0779,416.1652,339.9179,313.0450,311.8182
350.8186,165.8028,452.2998,194.7829,410.7249,340.3682,309.2437,311.3881
342.5189,167.7447,445.0589,193.5049,408.5363,338.8855,305.9962,313.1252
338.3485,167.7022,439.0896,191.3151,404.7049,338.0124,303.9638,314.3995
331.4054,165.0655,432.7829,184.8004,403.6495,334.4574,302.2720,314.7224
322.7324,162.9121,424.9431,175.2006,406.5569,328.1289,304.3462,315.8404
310.8115,167.5764,413.9816,168.3460,412.8421,321.1043,309.6719,320.3347
322.7692,166.1789,425.0167,177.8078,408.1652,325.9761,305.9177,314.3473
322.8106,170.3586,425.1038,175.5781,417.6791,321.0892,315.3860,315.8697
326.6083,164.1618,427.8210,171.3752,416.9819,323.4625,315.7692,316.2492
328.0020,160.1313,427.9661,167.7078,416.4737,319.3380,316.5096,311.7615
328.6655,157.2927,428.2230,164.4169,417.2057,318.3787,317.6482,311.2545
331.2067,160.6816,430.8045,164.9098,424.4015,315.7354,324.8037,311.5072
333.7596,160.0062,433.2691,160.8795,431.9578,310.2974,332.4482,309.4241
341.5933,159.1239,440.2732,162.7495,434.7978,311.7763,336.1179,308.1507
346.3848,157.7993,444.6021,158.3082,443.8152,310.1649,345.5980,309.6560
352.5114,157.0742,449.0650,160.3375,443.9866,310.5977,347.4330,307.3344
357.2695,157.2320,452.0652,158.9854,449.2569,310.8181,354.4612,309.0648
368.0249,162.1760,461.9445,165.0741,457.4560,310.5361,363.5363,307.6380
374.9060,168.1055,468.7997,171.1177,464.3531,309.7208,370.4594,306.7086
381.5685,151.5465,474.4605,158.2675,463.2537,313.1593,370.3617,306.4383
386.4960,164.2752,477.2354,169.4931,469.1116,310.7642,378.3723,305.5463
388.1374,154.1556,479.9659,161.8819,467.3606,311.6985,375.5321,303.9722
387.3011,154.1058,477.8929,161.9855,464.8649,311.7661,374.2731,303.8863
379.6264,141.6133,471.4428,144.6187,466.0886,308.1911,374.2722,305.1857
382.6689,151.8971,469.9204,159.9796,456.1377,308.7662,368.8862,300.6837
382.4581,152.1701,469.9609,160.3374,456.1842,307.9388,368.6814,299.7715
378.5172,150.6766,466.6850,157.6874,454.8626,306.3650,366.6949,299.3542
383.4744,144.4271,468.7266,154.0371,451.4366,307.4212,366.1844,297.8112
384.4795,148.2974,468.3918,158.2956,450.7128,306.6698,366.8006,296.6715
384.9340,142.8527,468.2509,153.8661,448.2698,305.0243,364.9528,294.0109
382.7515,146.7456,465.6205,155.7986,449.2931,305.2554,366.4240,296.2024
384.9593,144.3859,467.1349,156.4848,445.1995,305.4694,363.0239,293.3705
381.3004,134.4079,464.1296,142.9380,447.7655,301.8376,364.9362,293.3075
382.3712,140.5144,463.1125,150.7306,443.8924,302.6325,363.1511,292.4164
381.4250,144.2927,461.7408,154.9809,442.1855,301.9284,361.8697,291.2402
389.3523,141.7695,465.6665,158.3958,433.1601,307.5995,356.8458,290.9731
395.0825,153.7776,467.4433,180.7281,419.1540,310.3827,346.7932,283.4322
387.2067,150.1541,461.4533,168.4563,426.9876,308.2733,352.7410,289.9711
386.4141,143.2645,459.3679,159.5060,425.9755,309.4979,353.0217,293.2564
395.2368,154.7788,466.0128,180.1532,418.0563,313.9164,347.2803,288.5419
387.4595,145.1703,458.3297,162.5289,421.5441,312.7139,350.6739,295.3552
392.3683,160.5928,462.1420,187.2970,412.7085,316.4580,342.9349,289.7538
393.0146,160.1599,461.4419,186.0326,411.8510,317.1888,343.4238,291.3161
391.3011,166.4685,459.5502,194.2162,409.2722,317.8818,341.0231,290.1342
389.4624,163.0639,457.6465,188.6253,409.0999,318.1222,340.9157,292.5609
385.2596,170.9366,452.5490,195.7015,407.1049,319.1793,339.8154,294.4144
387.7498,169.5130,452.9637,195.5144,402.5139,322.0478,337.2999,296.0464
379.8981,160.1320,446.5397,178.3671,408.5183,317.3191,341.8768,299.0840
380.0640,165.7613,444.3656,185.6805,403.1875,318.6086,338.8859,298.6894
379.2322,164.8589,444.4977,185.0463,402.2177,321.7368,336.9522,301.5493
367.7485,169.8625,433.5449,184.0763,404.1605,320.0986,338.3641,305.8848
371.3973,170.8603,434.2151,188.7748,395.5133,324.4841,332.6956,306.5696
383.1330,188.5177,446.0956,222.8296,385.7632,333.5397,322.8006,299.2278
376.5659,184.6556,438.6346,209.9106,389.7929,329.9477,327.7243,304.6927
367.6362,193.4942,431.2020,216.5147,388.8221,333.5370,325.2564,310.5166
358.5447,193.9428,425.4248,212.9279,392.0123,330.6324,325.1322,311.6473
375.1165,197.3494,436.8821,229.7619,379.9594,338.2346,318.1938,305.8222
361.7543,200.1478,425.3863,223.8130,383.5393,336.3333,319.9073,312.6682
382.0677,195.6855,441.3102,231.9199,373.4888,342.8062,314.2463,306.5717
372.8318,209.3603,432.8951,244.7725,373.8809,344.8674,313.8176,309.4551
369.8899,214.0776,429.9852,248.3361,373.7947,346.9041,313.6994,312.6456
370.8275,216.1313,430.6143,254.6585,370.3506,348.1763,310.5637,309.6491
365.6380,216.0459,424.1278,245.8491,372.4441,347.2803,313.9543,317.4772
369.3723,221.7702,426.2582,256.3069,369.9548,349.0450,313.0689,314.5082
352.0437,225.9713,427.3649,256.3200,388.6007,352.5273,313.2796,322.1786
355.2229,230.1862,428.1233,263.8483,385.1683,356.8738,312.2679,323.2117
350.7268,235.4757,422.9551,266.3127,383.2036,359.4211,310.9753,328.5841
361.9977,226.3640,419.3059,255.3498,367.7233,357.3346,310.4150,328.3487
355.9707,238.7849,414.0860,270.4509,364.0380,362.3017,305.9227,330.6357
358.0158,248.5383,414.4464,282.0574,362.4347,369.6208,306.0041,336.1017
359.4611,252.9280,416.1459,289.4897,363.4539,371.1830,306.7690,334.6212
358.4904,255.7140,413.0335,290.3330,360.4555,373.1710,305.9124,338.5520
358.7659,259.1014,413.9200,296.5638,360.2143,375.6321,305.0602,338.1697
361.0834,264.2842,413.3316,300.5472,358.0991,380.1270,305.8509,343.8640
353.8754,255.8046,412.6488,286.5593,365.4174,376.8204,306.6440,346.0657
358.6751,268.4954,411.9825,303.4346,361.1725,380.9562,307.8652,346.0171
359.3575,263.9994,413.7156,296.8580,361.0128,384.0445,306.6547,351.1859
358.5169,274.8764,410.3234,310.4885,360.3331,383.2115,308.5266,347.5995
329.4646,277.9145,406.7862,300.0973,383.1673,382.4247,305.8457,360.2420
326.7861,281.3295,403.1439,305.4348,377.8756,385.4766,301.5179,361.3713
341.2520,272.8008,399.1313,303.4651,354.0190,388.6150,296.1397,357.9507
317.9399,288.0764,388.4158,316.1849,358.5065,391.1761,288.0306,363.0677
305.7989,288.5490,380.4941,312.1111,355.2437,392.1585,280.5484,368.5963
312.7373,277.5660,374.6115,300.4359,341.3927,390.3088,279.5186,367.4389
303.6766,288.8426,373.1855,314.4079,343.5242,395.0529,274.0154,369.4875
294.7541,292.8565,363.8196,317.6738,335.9308,395.2872,266.8653,370.4698
290.5156,289.3407,353.9231,310.5598,326.1155,393.6554,262.7080,372.4363
289.6159,286.8884,358.1262,308.3022,330.6092,396.3388,262.0989,374.9250
285.5393,287.7793,346.3144,305.1647,320.9571,393.8076,260.1820,376.4222
295.2504,284.1627,352.6580,306.3943,316.6843,399.2877,259.2766,377.0562
285.3657,291.0677,347.2253,310.8386,319.4313,397.8006,257.5717,378.0296
283.1501,290.7007,343.8381,308.8188,316.9242,398.9686,256.2363,380.8504
275.0393,300.2336,343.5384,317.1435,322.7585,401.3191,254.2594,384.4092
270.1789,306.8203,339.9985,318.7087,326.0212,400.7964,256.2015,388.9080
327.5721,394.0841,259.6451,398.5732,253.5700,306.6476,321.4971,302.1585
277.7011,303.9614,344.6254,318.8493,325.7978,403.4831,258.8735,388.5951
282.0605,293.8796,341.2180,308.0572,318.6246,402.3304,259.4671,388.1528
277.2814,303.7466,343.1272,316.4270,326.3758,403.4129,260.5300,390.7326
278.4771,304.7064,344.9948,317.5246,328.0617,405.3961,261.5440,392.5779
278.9833,320.2063,345.4114,333.4253,330.7158,407.2739,264.2877,394.0549
297.3391,294.9906,344.2364,301.8182,329.1855,405.2006,282.2882,398.3731
290.2014,303.1433,350.0377,315.6216,330.8235,407.7586,270.9872,395.2804
313.4066,281.9373,358.0014,294.9009,324.0801,411.5905,279.4853,398.6269
309.3816,284.0399,356.5751,296.2453,326.9973,410.6116,279.8037,398.4062
303.2312,279.6531,349.0991,286.8665,329.6112,410.7855,283.7433,403.5722
308.2941,283.5997,358.8542,296.6413,328.8698,412.8864,278.3096,399.8448
312.8751,286.5433,357.8852,297.6512,329.4737,412.7772,284.4636,401.6693
305.2231,284.9133,354.7029,295.4562,329.5828,413.3497,280.1030,402.8068
306.5718,288.6891,355.2951,299.9896,328.7251,414.5487,280.0017,403.2482
304.6258,290.9733,350.3622,296.8972,335.2682,413.4334,289.5318,407.5096
301.5276,292.7993,346.8690,298.1821,333.0159,414.8724,287.6746,409.4896
303.8958,293.7206,350.9260,301.3694,332.6443,413.7767,285.6142,406.1278
300.3532,293.7329,351.5819,304.2277,329.2233,413.3674,277.9946,402.8726
296.9171,297.1945,342.3106,299.9994,335.3724,412.2872,289.9789,409.4824
291.2904,297.8496,349.6956,306.4260,333.8336,414.4459,275.4283,405.8694
301.8612,305.6448,349.2660,312.6226,334.3912,413.6768,286.9865,406.6990
303.5341,299.4491,348.5334,303.8964,337.9042,411.4452,292.9049,406.9979
304.1346,301.7523,349.7978,305.1742,341.6555,413.8282,295.9922,410.4062
305.0288,304.5822,351.6495,305.4168,349.7335,412.4383,303.1128,411.6036
311.3294,306.9101,357.0270,309.8383,350.3219,414.4785,304.6244,411.5503
308.8187,306.7845,355.7264,307.2823,354.6211,411.4515,307.7133,410.9537
314.7121,308.3738,359.1772,309.8232,355.7956,413.5612,311.3306,412.1118
315.1015,313.7148,360.1484,314.4378,358.5463,414.2594,313.4994,413.5364
370.4100,405.4404,308.9942,419.0470,287.5573,322.2874,348.9732,308.6808
361.4409,412.9604,311.8242,413.1067,311.5339,314.6732,361.1506,314.5269
323.9399,297.9683,369.2897,303.1221,356.5637,415.1013,311.2140,409.9475
356.5433,425.4933,311.9679,426.1991,310.2283,316.3342,354.8036,315.6284
309.5500,297.2956,360.8811,298.9036,357.1680,417.4356,305.8369,415.8276
316.9012,311.7281,361.6413,315.0804,353.8065,419.6422,309.0664,416.2898
355.3185,415.1581,311.4162,415.7140,309.9903,303.0967,353.8927,302.5408
357.8839,415.6706,314.3037,418.8091,306.3566,308.4586,349.9368,305.3201
357.3866,412.6829,316.4213,417.2080,303.5807,300.9638,344.5461,296.4387
356.6817,403.4077,314.6761,407.3676,303.9622,293.7173,345.9677,289.7574
356.4243,404.2176,312.3497,408.9303,300.4566,297.7041,344.5312,292.9913
319.4358,272.6976,374.9111,289.8585,343.9238,390.0299,288.4484,372.8690
356.1194,399.8898,313.6886,404.5176,300.8325,286.6433,343.2633,282.0155
301.3396,264.1396,352.2418,267.9653,344.1440,375.7083,293.2418,371.8826
343.5728,388.8081,302.1914,391.1155,296.0416,280.8233,337.4230,278.5159
342.2032,388.3483,301.6678,390.1584,296.4824,274.0414,337.0179,272.2313
344.7711,384.1965,301.6341,386.3598,296.1021,276.0459,339.2390,273.8826
347.8144,388.5059,308.9043,392.9222,295.8972,278.3225,334.8072,273.9062
298.6751,276.0721,340.4475,276.2688,339.9346,385.1400,298.1623,384.9432
341.9602,378.6817,299.3735,381.7027,291.4270,269.6794,334.0137,266.6585
348.3080,370.5703,307.5262,378.5051,286.8337,272.1530,327.6155,264.2182
357.7218,374.7168,316.4184,386.3223,285.8980,277.7013,327.2015,266.0958
300.8577,250.6600,353.1603,257.4459,338.2353,372.4818,285.9326,365.6959
352.9580,370.0352,299.9589,385.9214,267.2615,276.8371,320.2606,260.9509
341.4340,369.9580,289.0344,375.6930,276.0616,257.1624,328.4612,251.4274
345.0443,365.3131,306.0732,376.1575,278.6146,277.4808,317.5857,266.6364
339.1972,364.2659,290.1201,369.4315,278.9841,263.6320,328.0612,258.4663
352.1197,367.6544,299.9782,383.9975,268.0944,282.2745,320.2358,265.9314
353.2891,362.0466,308.3373,378.9219,271.5538,280.9397,316.5057,264.0643
348.1578,356.9465,296.8596,372.3927,268.3328,277.6523,319.6309,262.2062
347.9402,357.7509,301.0116,373.7546,267.4359,275.2993,314.3645,259.2955
295.6270,251.5859,343.2199,257.5434,330.9953,355.2038,283.4024,349.2463
348.6266,357.9387,299.0322,369.1588,276.1033,267.8103,325.6977,256.5901
294.6932,244.3527,347.9906,245.6497,345.2658,357.6184,291.9684,356.3214
343.7816,363.8430,288.3419,370.2115,276.5593,267.6408,331.9990,261.2723
343.0984,380.0910,285.1278,382.6370,279.3362,250.7711,337.3069,248.2250
347.9404,388.3890,287.7064,395.2759,273.4141,270.2730,333.6481,263.3861
346.8643,397.7356,278.8784,402.1473,270.1699,267.9474,338.1558,263.5356
348.7044,393.8389,281.1514,399.8121,269.6083,269.2665,337.1614,263.2933
344.4523,383.6034,280.4962,387.7737,272.2360,261.0967,336.1921,256.9263
342.9565,347.3403,269.5761,365.2185,245.7833,267.5618,319.1638,249.6837
340.4963,357.8090,289.8836,365.2669,274.3520,259.8635,324.9648,252.4056
288.1682,223.9078,345.3107,237.8939,320.8654,337.7699,263.7228,323.7839
332.2290,341.3293,277.9949,351.8301,260.4458,261.1940,314.6799,250.6931
325.5298,344.9673,272.5612,348.2688,266.4034,249.4742,319.3719,246.1727
331.2965,337.0415,276.1177,347.2655,259.5566,257.8853,314.7355,247.6614
280.7903,246.3716,335.8987,261.0667,312.4895,348.8545,257.3810,334.1594
332.0932,329.9349,282.8807,341.1150,262.9516,253.3914,312.1641,242.2113
333.8061,362.8979,284.3424,369.1963,269.2393,250.5862,318.7030,244.2878
2
0
0
0
0
1
339.6497,285.5150,315.0671,304.5003,292.2455,274.9505,316.8280,255.9652
342.3907,285.6671,317.7044,302.9890,296.3673,272.5803,321.0536,255.2584
346.0263,282.3711,321.3718,300.7229,299.4946,271.3323,324.1492,252.9805
350.0621,280.4814,326.5269,298.7474,303.7596,269.4125,327.2949,251.1465
352.3661,281.0090,326.8024,297.4253,306.9592,266.5251,332.5228,250.1088
357.3181,279.8209,331.7878,295.7431,312.0345,264.0700,337.5648,248.1478
357.9003,277.1031,334.0421,293.3363,313.2917,262.8390,337.1498,246.6059
363.0352,274.2917,339.1279,291.7780,317.6525,262.4169,341.5597,244.9306
364.5902,274.1750,340.0610,290.4516,320.1070,260.3802,344.6362,244.1037
367.6998,274.0866,343.1567,289.8064,323.2907,258.7900,347.8339,243.0701
370.3116,274.6983,346.0494,289.3162,327.0526,257.7863,351.3148,243.1683
374.2868,276.3230,350.0512,290.2168,331.7844,258.3530,356.0199,244.4592
379.3037,277.0984,355.5478,291.3052,336.6290,259.6702,360.3849,245.4634
382.9742,278.1984,358.7213,292.1475,340.2490,260.0304,364.5019,246.0812
385.5716,279.2950,361.5661,292.6759,343.7123,260.6460,367.7179,247.2651
390.7273,278.4390,366.6973,293.3301,348.1786,263.4463,372.2086,248.5551
394.1194,280.3786,371.1756,293.6230,353.6054,263.1853,376.5491,249.9409
396.5341,282.7999,372.5803,296.1489,355.2771,265.0995,379.2309,251.7505
397.6210,282.6535,374.2465,295.8377,357.2872,265.7704,380.6618,252.5862
398.5889,284.7228,375.2552,297.0004,358.5499,265.2520,381.8836,252.9744
400.4586,284.5030,377.4766,296.6624,361.4988,266.4633,384.4808,254.3039
401.9561,284.6986,378.9025,296.8888,362.5052,265.8791,385.5588,253.6888
403.3664,284.8534,380.2849,297.2362,363.6983,266.3188,386.7798,253.9360
401.6676,286.6671,378.8093,297.5949,363.7432,266.0802,386.6015,255.1524
401.7235,286.5522,378.7690,297.2631,364.1529,265.9392,387.1073,255.2283
401.8689,286.6387,378.0356,297.5169,363.9707,266.7021,387.8040,255.8238
400.0865,287.0267,376.9398,297.1591,363.2013,265.7748,386.3481,255.6423
400.2552,286.1430,376.8840,296.2320,363.6034,265.4672,386.9746,255.3783
399.8529,288.5719,377.4213,297.8905,364.3354,266.3904,386.7670,257.0718
402.1812,287.9102,379.0741,298.8542,365.1225,269.3966,388.2296,258.4527
402.7272,292.2585,379.4343,302.2200,366.0125,270.8358,389.3053,260.8743
405.2881,292.6924,382.6049,303.3965,368.6823,273.8930,391.3655,263.1889
405.8592,293.1585,383.1911,303.1390,370.6078,274.5593,393.2759,264.5789
409.0929,291.6834,386.2542,303.5513,372.0670,276.2494,394.9056,264.3814
408.9428,292.1167,386.4492,302.7471,373.1341,274.5728,395.6277,263.9424
410.8279,291.3635,388.4619,302.9235,374.2606,275.4472,396.6265,263.8872
410.8968,290.4177,389.0164,301.1669,375.4967,273.6469,397.3770,262.8978
412.3611,290.8401,389.4337,301.3876,376.6904,273.6870,399.6178,263.1396
411.0336,288.3508,389.7133,299.5081,375.7630,272.8507,397.0833,261.6934
409.7946,288.7564,387.5751,297.4341,376.7557,269.7307,398.9753,261.0530
411.2320,289.2126,389.2179,297.3541,378.9286,269.5323,400.9427,261.3909
413.8367,287.6041,391.0689,295.5306,381.3609,267.6454,404.1288,259.7190
411.5836,286.0813,390.0668,294.9083,378.7664,267.3623,400.2832,258.5353
411.4911,283.6749,389.9263,292.5691,378.8712,265.7648,400.4359,256.8707
411.8404,282.9566,390.8007,292.4182,379.4371,267.1490,400.4768,257.6874
414.2953,281.1404,392.9795,291.2461,380.7379,265.4252,402.0538,255.3195
414.9043,280.3365,394.2138,289.6060,382.6391,263.7701,403.3297,254.5006
414.8713,279.6249,394.6299,288.4592,383.4461,262.8345,403.6874,254.0002
416.4275,279.0164,395.4307,286.4110,386.3531,260.6354,407.3498,253.2408
418.9241,278.0830,398.1626,286.0212,388.0051,259.4552,408.7666,251.5170
420.8216,277.0546,400.0293,285.8970,389.2140,260.4657,410.0063,251.6232
422.5448,276.0889,401.7478,284.4069,391.2667,258.2017,412.0636,249.8837
422.1415,274.7427,401.9112,282.5456,392.1864,257.3325,412.4167,249.5296
422.0438,272.2991,401.3921,280.7547,391.3917,256.3299,412.0433,247.8743
422.0683,274.8280,401.3305,281.2811,392.9785,254.4410,413.7163,247.9879
419.8507,274.1512,399.8200,279.1588,393.2365,252.8246,413.2672,247.8169
419.5685,273.6847,399.5316,279.2331,392.1913,252.7249,412.2282,247.1765
417.4178,273.5933,397.2505,279.0816,390.0994,252.8046,410.2667,247.3162
414.1849,275.2216,394.6662,280.9421,386.8706,254.3432,406.3893,248.6226
411.2816,273.5897,391.2269,281.0660,381.6216,255.3004,401.6762,247.8241
406.4799,274.2996,387.2755,280.9477,378.1051,254.4573,397.3094,247.8091
401.5400,275.2501,382.3814,279.8144,376.0765,253.3492,395.2351,248.7850
397.7178,275.1131,378.5431,279.8801,371.9906,253.5235,391.1653,248.7565
393.8461,275.3172,374.2847,280.4728,367.2767,253.8832,386.8380,248.7276
389.3839,274.6979,370.5022,279.5305,363.8403,253.5019,382.7220,248.6693
386.2835,275.9124,367.1707,279.0896,362.7565,252.5359,381.8693,249.3586
384.6667,275.8546,365.3014,278.2143,362.1797,252.5952,381.5450,250.2354
381.8473,277.0446,363.3145,278.4820,361.2975,252.4759,379.8304,251.0386
380.5086,276.9940,362.5854,277.2378,362.2426,252.0294,380.1657,251.7856
380.1544,278.2294,361.8531,278.6956,361.1854,252.4816,379.4867,252.0154
362.5083,253.6533,380.6429,254.3842,379.6562,278.8643,361.5216,278.1334
362.3442,254.7723,379.9325,255.2642,379.2615,279.2549,361.6732,278.7629
380.6397,277.9985,363.6409,278.2006,363.3644,254.9499,380.3633,254.7478
381.6437,279.5514,364.0060,279.7328,363.7561,255.4429,381.3938,255.2615
367.0785,256.3101,384.9058,257.8570,382.8727,281.2889,365.0454,279.7421
367.6190,257.5866,384.9847,258.4962,383.8056,281.0054,366.4399,280.0957
385.1242,283.0990,367.9356,283.2608,367.7072,259.0031,384.8959,258.8413
370.6690,259.5510,387.6821,260.5160,386.4057,283.0198,369.3925,282.0548
372.5227,258.6389,389.1838,259.4055,388.1726,281.3822,371.5115,280.6156
374.1258,256.2255,391.9655,257.9217,389.8320,280.3605,371.9923,278.6643
375.3483,255.0997,392.6746,257.0873,390.2174,278.5068,372.8911,276.5192
377.4897,253.9842,393.9428,256.2762,391.1034,276.6594,374.6502,274.3674
378.7196,245.7224,396.3444,248.6768,393.1041,268.0071,375.4793,265.0527
380.2975,239.6083,397.0341,243.0395,393.0978,262.2402,376.3611,258.8090
380.7508,236.4013,398.4386,237.6823,397.0229,257.2310,379.3350,255.9501
399.3774,255.0045,382.6865,255.1290,382.5341,234.6869,399.2249,234.5625
402.4327,255.4487,386.1075,256.2859,385.0065,234.8158,401.3317,233.9787
391.1945,232.0901,408.0783,234.0741,405.7909,253.5401,388.9071,251.5561
410.1837,250.2314,393.2941,251.3874,391.8686,230.5594,408.7582,229.4035
412.5971,247.7598,395.8788,248.6967,394.7410,228.3949,411.4592,227.4579
401.1177,225.9057,418.2008,226.1068,417.9701,245.7055,400.8869,245.5043
423.3910,243.7088,406.1185,245.9625,403.3957,225.0953,420.6682,222.8416
425.2224,242.1235,407.8891,242.9452,406.9530,223.1969,424.2862,222.3753
431.8806,239.9268,415.0701,244.3103,409.7732,223.9969,426.5836,219.6134
432.1977,239.5430,416.2594,240.9464,414.5371,221.3866,430.4755,219.9833
437.7012,238.0321,421.0929,242.7905,415.1261,221.9643,431.7344,217.2059
440.5168,237.7011,424.0215,242.3451,418.1187,221.3787,434.6140,216.7347
442.9131,237.7404,426.3764,242.2181,420.6571,221.0957,437.1937,216.6180
445.6490,237.9776,429.7798,243.6886,422.0788,222.2894,437.9480,216.5785
446.9607,234.6990,431.1452,243.0900,421.3651,224.6564,437.1806,216.2654
447.5734,235.5822,432.8054,243.8358,422.0029,224.5072,436.7709,216.2536
447.6593,236.2405,432.2257,243.4361,422.9035,223.4412,438.3370,216.2456
446.4503,234.0369,431.1973,241.4541,422.4507,223.4674,437.7037,216.0502
447.0995,232.8635,432.8045,242.2156,420.9710,224.1277,435.2660,214.7756
446.8462,232.7836,431.8292,241.2338,421.3146,222.5481,436.3315,214.0980
446.4195,233.0136,430.4208,239.9421,421.9901,220.4748,437.9888,213.5462
445.7083,234.4461,430.5966,241.2473,421.4307,220.8811,436.5424,214.0800
445.8918,230.4697,430.7363,238.7979,420.8214,220.7548,435.9768,212.4267
444.3369,233.1655,428.0766,238.4227,421.3451,217.6024,437.6054,212.3452
446.7477,230.3547,431.1367,237.9217,421.8383,218.7387,437.4493,211.1716
446.4406,229.6620,431.0656,237.3997,421.5949,218.5811,436.9700,210.8434
448.8133,229.4719,433.3692,237.2511,423.6820,218.0190,439.1260,210.2399
450.0771,226.5795,435.4442,235.1440,425.5739,218.2802,440.2068,209.7157
449.8366,227.5558,434.5101,233.3292,427.1544,213.8019,442.4809,208.0286
453.6276,224.4768,438.1346,232.0931,428.7865,213.0770,444.2794,205.4607
454.0996,224.6322,439.0516,231.1628,430.4411,211.3224,445.4892,204.7918
457.7246,220.2713,442.8888,229.2789,432.5852,212.3085,447.4211,203.3009
459.1692,219.5135,444.0440,227.2228,435.0021,209.4832,450.1273,201.7739
461.7724,217.0680,446.3680,223.1819,439.0331,204.7011,454.4374,198.5872
466.7699,216.4725,450.7836,222.0652,443.7957,202.0905,459.7819,196.4978
469.2154,213.7350,452.5944,219.8049,445.8253,201.2693,462.4463,195.1994
470.5735,214.4067,453.0716,217.6932,449.2297,197.2333,466.7315,193.9468
472.7822,214.4337,453.9828,216.8948,451.0654,194.6097,469.8648,192.1486
478.7281,191.4236,473.1658,211.2376,455.1829,206.1893,460.7453,186.3753
484.2289,195.8739,470.5603,211.9467,454.3077,198.1253,467.9763,182.0525
471.1268,195.5541,456.7021,204.1661,445.6908,185.7225,460.1154,177.1106
463.9834,193.0962,449.9685,200.7185,439.2168,180.9499,453.2316,173.3275
464.5154,190.0694,448.9441,197.1995,439.8526,177.3445,455.4239,170.2145
464.0798,188.5317,448.7054,194.0155,441.6602,174.2637,457.0346,168.7799
462.3217,186.4515,448.0570,191.8275,440.6319,172.1259,454.8966,166.7499
459.6818,186.8981,445.6335,192.2130,437.5169,170.7593,451.5653,165.4444
453.0328,186.3056,438.0469,191.7587,430.4391,170.8518,445.4251,165.3987
445.7133,184.4827,431.8210,191.1868,421.9903,170.8154,435.8826,164.1113
440.4876,183.1422,425.7239,189.8212,416.6385,169.7381,431.4023,163.0592
433.8103,183.2823,419.8237,189.1425,411.5716,169.4472,425.5582,163.5870
433.9662,181.4898,419.7805,186.9986,411.6764,166.1296,425.8621,160.6208
427.5506,179.4576,413.5227,185.3170,404.5837,163.9165,418.6116,158.0570
419.6195,178.7641,404.5846,184.9102,396.0175,163.9528,411.0525,157.8067
410.7765,177.7122,396.1527,184.1712,386.8444,163.0962,401.4681,156.6372
402.4842,176.2830,387.6504,181.9192,380.3727,162.7652,395.2064,157.1289
394.5557,174.7081,380.7456,181.5092,370.9676,161.6540,384.7777,154.8530
394.7529,172.3641,382.3570,179.8037,371.7458,162.1233,384.1416,154.6836
403.1133,161.9591,399.4530,179.0976,381.2024,175.1998,384.8627,158.0613
412.1115,169.0398,398.0254,180.4764,384.6331,163.9816,398.7193,152.5450
417.4852,156.4984,415.4575,175.0077,393.6395,172.6174,395.6673,154.1081
434.9407,159.0637,434.3831,176.9110,411.4136,176.1934,411.9712,158.3460
439.3733,161.6961,433.6788,178.5722,414.1790,171.9923,419.8735,155.1162
427.8441,172.5608,413.1775,178.6646,404.9254,158.8360,419.5919,152.7322
2
0
0
0
0
1
391.1326,161.7338,381.7677,176.4017,363.1625,164.5229,372.5274,149.8550
399.7509,157.6071,396.3775,172.8517,373.4131,167.7699,376.7865,152.5253
408.8480,155.9167,405.5850,171.2534,382.3682,166.3140,385.6311,150.9773
414.2482,155.3259,408.2879,171.9401,387.0734,164.3295,393.0337,147.7153
420.5324,157.9581,411.4099,172.2342,392.7403,160.3043,401.8628,146.0282
419.9505,160.7258,405.7607,170.8604,393.5469,153.7594,407.7367,143.6248
415.2460,156.0825,403.2485,170.3408,386.7205,156.4333,398.7180,142.1751
390.2135,142.3635,409.1509,149.6136,401.5496,169.4685,382.6121,162.2184
403.1671,158.8970,387.1378,169.9226,374.9585,152.2160,390.9879,141.1904
394.7049,162.7131,376.1592,166.6462,371.8057,146.1180,390.3514,142.1850
373.0785,139.1286,391.1973,143.4198,385.4982,167.4829,367.3794,163.1916
365.2933,140.3148,384.7443,143.9734,380.4066,167.0352,360.9556,163.3766
366.2991,138.5632,383.6371,145.2666,374.4486,169.0321,357.1106,162.3288
356.7617,140.6927,375.5945,146.1230,368.7004,170.0324,349.8677,164.6021
356.4289,141.0179,372.8899,154.4187,358.6595,171.8986,342.1985,158.4978
348.2462,142.4390,367.8223,149.5948,360.2224,170.3861,340.6462,163.2304
343.4794,140.8669,363.4382,149.0203,354.1530,171.7497,334.1942,163.5963
363.6499,160.7256,350.7059,172.8634,335.1963,156.3235,348.1402,144.1858
348.8970,144.7832,367.1462,156.9545,356.4832,172.9424,338.2339,160.7712
351.2092,145.3741,369.3363,156.4396,358.7059,173.8540,340.5788,162.7885
359.2982,143.6764,371.1308,162.6395,352.2385,174.4279,340.4059,155.4648
372.5426,154.7348,364.8199,171.7314,343.3021,161.9546,351.0247,144.9579
378.4123,156.2484,369.0471,172.7302,346.5522,159.9483,355.9174,143.4665
382.1911,154.0362,373.0844,170.4675,349.7528,157.5365,358.8595,141.1052
390.2837,154.9240,378.9085,170.6345,356.2848,154.2536,367.6600,138.5432
394.9597,154.7616,383.6752,169.6794,361.8202,153.1475,373.1046,138.2296
399.4973,151.0627,390.2910,167.1784,368.2743,154.6010,377.4806,138.4854
403.1181,142.7383,401.6717,163.1870,377.3441,161.4662,378.7904,141.0175
408.4875,144.1329,402.6827,164.9555,378.8865,158.3217,384.6913,137.4991
411.3662,149.6258,402.5025,165.8435,379.8485,153.4621,388.7122,137.2444
412.8974,139.5428,413.8855,161.2026,388.6972,162.3517,387.7092,140.6918
415.3961,140.7953,415.8286,162.0200,390.4843,162.5363,390.0519,141.3116
421.4058,146.5006,414.3897,165.8473,390.7675,157.2808,397.7835,137.9341
425.5342,146.9589,419.9621,164.5164,395.1191,156.6321,400.6913,139.0746
424.9389,141.3340,424.4451,162.2319,399.7891,161.6493,400.2829,140.7514
431.0920,144.3321,427.5481,162.8191,401.8583,157.8944,405.4022,139.4075
433.7812,143.6364,431.4690,163.0184,405.1678,159.8807,407.4800,140.4988
435.9384,147.4412,427.6231,165.2878,405.5530,155.0046,413.8684,137.1580
427.8365,137.8735,436.3710,156.4156,415.2539,166.1354,406.7194,147.5932
430.6752,138.8348,434.4847,159.2890,408.6429,164.1019,404.8333,143.6478
430.3036,139.0319,430.2236,160.9081,405.7659,160.8186,405.8459,138.9424
431.3079,136.9681,433.5381,156.9771,404.9353,160.1651,402.7051,140.1561
426.3768,138.8605,424.9359,158.7042,401.9422,157.0347,403.3831,137.1909
422.4191,133.9635,429.5698,152.5849,404.6849,162.1408,397.5342,143.5193
421.5646,135.2456,426.8301,154.1649,402.1823,161.0247,396.9168,142.1053
421.1341,135.4525,423.5035,155.6195,397.0258,158.7304,394.6563,138.5634
419.5754,134.7699,420.6364,155.7251,394.4790,157.0496,393.4179,136.0943
419.1332,133.8550,420.8938,153.2478,393.9588,155.6931,392.1983,136.3003
417.8142,135.4113,416.4101,155.4217,390.7569,153.6216,392.1610,133.6113
416.5282,134.2474,417.4619,154.3056,390.3902,155.5658,389.4566,135.5075
414.3333,132.3011,416.1300,153.6439,389.2766,155.9044,387.4799,134.5616
412.9442,132.2711,416.7813,150.5728,389.4003,156.3134,385.5632,138.0117
411.0479,134.2411,413.2691,152.8056,385.0313,156.1843,382.8101,137.6198
407.7004,133.1857,412.4601,150.4036,386.7733,157.5044,382.0136,140.2866
405.4404,135.4939,405.4597,155.9256,377.3138,155.9524,377.2944,135.5206
404.8215,136.1127,404.5313,156.3284,375.7354,155.9151,376.0255,135.6994
403.9177,140.0380,401.1438,160.3205,370.4850,156.1275,373.2589,135.8450
401.6699,144.3819,400.0150,161.3958,370.3638,158.5117,372.0187,141.4978
399.1268,141.8820,397.9287,161.7510,368.4563,159.9738,369.6544,140.1048
395.8105,142.4670,396.6727,161.3869,369.3875,162.6304,368.5252,143.7106
396.9329,146.4014,393.2917,164.6442,362.8594,158.5702,366.5006,140.3273
394.1545,145.1199,391.7641,165.4677,360.5309,161.7986,362.9213,141.4508
389.9462,147.2024,389.1684,165.5668,360.8544,164.3676,361.6322,146.0032
385.9312,146.1418,385.3171,166.5153,356.5113,165.6471,357.1253,145.2736
378.5685,144.7173,382.2536,163.3781,358.2334,168.1216,354.5483,149.4608
370.4362,142.0652,380.8317,157.1839,361.0860,170.7609,350.6905,155.6422
371.0680,142.1416,379.6773,157.2470,357.2301,170.0407,348.6208,154.9353
368.3668,143.1370,375.5800,160.6815,353.3604,169.8167,346.1472,152.2722
366.7083,145.8647,370.2574,163.5046,346.7161,168.2411,343.1669,150.6013
