1
677.8422,183.6453,655.8728,195.0906,639.8101,164.2580,661.7795,152.8127
680.8541,186.0748,663.9426,195.0752,646.3802,162.0763,663.2917,153.0759
682.7567,190.8006,668.0994,197.5190,650.5748,159.2861,665.2322,152.5677
684.0215,191.1580,669.8604,198.7320,651.0403,163.5441,665.2015,155.9701
687.3128,190.3697,667.1248,199.2731,651.7412,164.3918,671.9292,155.4884
683.9213,190.9029,662.6466,196.5055,653.7121,162.5785,674.9868,156.9759
683.6643,193.3747,666.0970,200.7411,649.6249,161.4587,667.1922,154.0923
679.0328,196.9047,659.3936,202.7594,646.5339,159.6226,666.1731,153.7679
670.0046,198.8361,649.0188,202.1439,641.7050,155.7421,662.6907,152.4344
661.8788,194.3206,636.8823,194.7348,636.2879,158.8549,661.2844,158.4408
631.4371,157.2321,657.0493,161.2218,652.3412,191.4461,626.7291,187.4565
633.3542,150.8444,658.5493,166.0842,641.6703,193.9893,616.4752,178.7495
654.8544,153.2399,657.4118,183.8497,624.5264,186.5972,621.9691,155.9875
655.7868,148.3491,665.2092,177.8825,628.3476,189.6428,618.9253,160.1094
655.2495,146.4257,671.3798,166.9535,639.9617,191.6412,623.8313,171.1134
668.8845,150.4791,681.9923,169.0493,647.1536,193.6404,634.0457,175.0702
670.2202,145.4119,694.2203,161.4261,672.0831,194.6028,648.0829,178.5886
674.6435,148.8540,704.1031,151.2820,700.8456,190.8063,671.3860,188.3783
723.1027,190.9482,697.5928,192.5335,694.8496,148.3926,720.3595,146.8073
746.5748,162.5600,727.8204,190.2563,695.8620,168.6159,714.6164,140.9196
754.4747,153.1371,752.0748,183.0225,708.8945,179.5550,711.2944,149.6696
766.1310,171.9778,746.7882,188.7766,721.2155,159.3311,740.5583,142.5323
770.4061,168.5954,756.5867,182.8245,727.8925,154.9563,741.7119,140.7272
772.1040,171.2857,756.4670,183.6640,729.5854,149.7058,745.2224,137.3275
772.9688,175.6809,757.4917,185.1651,732.4121,144.2382,747.8892,134.7540
768.3461,183.7040,751.8320,190.2362,731.6017,139.0919,748.1158,132.5598
764.5946,182.4088,737.9036,191.7607,720.7419,142.7796,747.4328,133.4277
758.3843,185.3800,730.5542,191.9901,718.8367,142.6564,746.6668,136.0463
748.4949,187.5224,718.5181,189.1337,715.8877,140.1958,745.8644,138.5845
708.8557,140.6738,742.9113,146.0321,735.4626,193.3732,701.4070,188.0149
737.7301,188.9977,707.6951,195.8605,696.7546,147.9794,726.7896,141.1166
737.2726,193.4036,713.9305,200.2692,699.8575,152.4227,723.1995,145.5572
728.1437,194.2627,706.4113,202.8087,689.3867,159.5147,711.1191,150.9688
720.8201,193.0806,693.7764,203.2833,678.7510,163.4562,705.7947,153.2536
715.6823,192.8694,684.5842,204.0058,669.7418,162.5587,700.8399,151.4223
703.1089,192.8295,680.5507,204.0764,658.4770,159.8025,681.0352,148.5556
689.6205,193.3220,664.6665,203.6541,645.9246,158.3891,670.8786,148.0570
671.4680,191.4292,645.3134,199.8452,631.6658,157.4322,657.8204,149.0162
645.9586,197.0436,615.6313,199.3975,612.1228,154.1962,642.4501,151.8422
635.2521,173.5927,611.6200,198.5530,583.2996,171.7396,606.9317,146.7793
622.2069,156.4219,617.2903,187.6810,573.8246,180.8444,578.7413,149.5853
609.9889,148.0079,612.3253,181.9275,566.4340,185.0885,564.0976,151.1689
603.8502,147.4035,601.5408,181.7001,555.7682,178.6180,558.0776,144.3214
604.4186,157.6640,579.3561,186.2115,545.4315,156.4282,570.4939,127.8808
597.3667,177.3395,556.7519,187.0985,544.6030,136.5376,585.2179,126.7786
582.9791,132.2468,590.6301,172.4193,546.7004,180.7859,539.0494,140.6134
580.7240,139.1827,579.8514,179.7462,535.8616,178.7999,536.7342,138.2365
585.2817,166.8047,563.8342,187.6697,531.0609,153.9812,552.5084,133.1163
583.8059,177.4667,561.6681,190.6987,536.7980,149.0897,558.9359,135.8578
585.0470,176.9626,559.2950,190.4652,537.6296,149.1452,563.3817,135.6427
590.7930,170.7353,562.3629,189.2765,537.7060,151.4688,566.1361,132.9276
597.4186,165.3473,568.6149,188.6385,539.9740,153.2191,568.7776,129.9278
602.1337,169.8940,570.1012,191.5043,542.7275,150.9288,574.7600,129.3185
604.5577,173.2779,574.2556,195.1590,542.6428,151.3797,572.9448,129.4986
602.3755,169.8361,573.8744,195.7944,539.5338,158.0897,568.0349,132.1314
600.2070,167.5592,573.2758,203.3886,532.5081,172.7455,559.4394,136.9162
597.8784,170.2977,575.5327,200.5401,534.8210,170.4586,557.1667,140.2163
594.5839,181.0812,574.7178,200.3571,537.5568,162.0584,557.4230,142.7825
590.5558,185.5400,569.7050,200.9515,536.0821,155.4618,556.9329,140.0502
586.0859,185.2167,561.9493,201.0392,529.9877,152.2829,554.1243,136.4604
574.9597,180.8544,548.6136,193.3194,523.7021,140.6667,550.0482,128.2016
559.8140,182.7670,531.3111,188.2174,520.4577,131.4590,548.9606,126.0086
514.0617,122.4738,546.9799,123.5691,544.9181,185.5348,511.9999,184.4395
516.4453,110.0155,553.5098,131.0042,527.5869,176.7821,490.5225,155.7935
543.3360,110.3986,555.7557,152.7821,497.2172,169.9358,484.7975,127.5522
551.1522,116.4706,552.1569,159.0239,502.1708,160.2041,501.1661,117.6507
560.9156,155.2253,528.9875,173.2619,500.9517,123.6333,532.8798,105.5967
560.3793,157.0513,519.4519,169.9349,505.0392,124.1498,545.9665,111.2662
536.3566,108.1013,571.4183,135.3606,537.9069,178.4638,502.8452,151.2045
576.6141,161.6930,529.6166,170.1857,520.9031,121.9666,567.9006,113.4739
593.8016,152.6227,548.5745,175.6288,525.4515,130.1719,570.6787,107.1658
601.9214,167.1975,562.4222,175.7684,550.3350,120.0648,589.8342,111.4938
607.2198,167.0485,575.6779,169.1656,572.0983,115.8353,603.6403,113.7182
621.1932,165.7652,594.0909,171.6403,582.2851,117.1789,609.3875,111.3038
634.1614,171.1905,608.2901,177.4972,593.1622,115.4388,619.0336,109.1322
644.9686,171.7056,621.1855,178.8281,601.8235,114.1759,625.6064,107.0533
654.4153,168.8934,630.6110,176.2570,611.8461,115.5957,635.6505,108.2321
663.4367,167.3728,636.7233,176.2597,617.4243,118.2483,644.1378,109.3614
671.8525,165.8418,638.0564,179.6301,614.9713,123.0466,648.7674,109.2583
679.4519,166.3929,644.0281,184.2512,615.6116,127.8843,651.0354,110.0259
683.1593,171.0527,640.1844,187.5565,618.0482,129.9152,661.0231,113.4113
689.4288,168.8144,655.2324,186.3824,626.8939,131.2213,661.0903,113.6533
689.9810,171.0191,664.7636,184.1725,636.7450,130.4554,661.9624,117.3021
692.7675,174.1130,668.4670,186.5352,640.9832,132.7707,665.2836,120.3486
694.0182,174.4826,667.9689,188.3580,638.2226,132.5133,664.2719,118.6379
691.3694,175.4049,662.6675,187.2757,638.1692,128.0420,666.8710,116.1713
688.9956,173.6720,660.2775,184.5988,636.1093,121.0794,664.8274,110.1526
684.0937,182.4199,654.3648,189.3185,637.1169,114.9897,666.8458,108.0912
680.3754,179.7952,641.7944,184.1021,634.3552,117.4616,672.9363,113.1547
647.3482,111.1270,689.0980,129.7161,666.1845,181.1782,624.4347,162.5890
670.9520,113.5035,701.9014,154.0592,660.4379,185.7012,629.4886,145.1455
674.6128,112.3461,713.6944,138.2983,679.4824,189.8185,640.4008,163.8663
699.0170,116.7608,722.1370,147.1475,671.7466,185.4875,648.6266,155.1007
701.5670,118.7578,725.0680,134.9791,687.2477,189.7722,663.7468,173.5509
704.0583,120.9780,733.0367,130.2969,713.1376,192.1760,684.1592,182.8571
712.3262,125.3880,744.8902,129.2018,736.9803,196.7402,704.4163,192.9264
723.7832,123.4796,763.4083,128.9434,754.1061,196.4050,714.4810,190.9411
784.4419,141.0530,780.0560,188.3164,714.5638,182.2390,718.9496,134.9756
790.6616,160.6763,776.0601,194.8742,721.3693,171.5229,735.9708,137.3250
793.1041,173.8924,770.9181,198.2875,731.7083,162.6282,753.8943,138.2331
799.0646,180.8447,776.3611,200.0694,738.5955,155.4700,761.2991,136.2453
803.0671,182.4056,775.9628,203.4592,734.6129,150.2256,761.7171,129.1720
803.5141,176.2427,775.4698,200.4231,730.4124,148.1658,758.4567,123.9854
800.5583,172.2532,764.9449,199.1412,724.5742,145.6697,760.1875,118.7818
796.8019,169.0193,761.2269,198.4202,721.7459,150.6483,757.3209,121.2474
797.3734,170.3295,759.1210,202.3867,721.3825,157.3551,759.6348,125.2980
796.0780,187.9634,746.6360,204.0720,727.4352,145.1393,776.8773,129.0307
739.0867,130.9736,796.3127,139.8947,786.7178,201.4434,729.4918,192.5224
769.1003,123.8643,804.2120,173.2214,753.0873,209.5907,717.9755,160.2335
785.7306,139.2809,786.0786,198.9330,720.9156,199.3132,720.5676,139.6611
789.1019,183.8161,756.1763,214.1756,708.0469,161.9782,740.9725,131.6187
778.2939,200.3981,748.1840,218.1929,709.6904,153.0591,739.8004,135.2644
770.9619,196.5872,743.6717,217.5361,694.6298,153.6490,721.9200,132.7002
760.7044,184.1702,724.8038,212.4235,678.2835,153.3116,714.1841,125.0583
724.5366,196.6495,694.8059,208.8364,664.6659,135.3084,694.3966,123.1214
696.8830,203.6121,663.0572,209.1385,649.3475,125.2238,683.1733,119.6975
651.0641,109.7492,701.0981,145.5063,660.2587,202.6518,610.2247,166.8948
672.6384,113.4073,687.3779,164.3165,614.3760,185.4524,599.6365,134.5432
649.6542,106.9492,679.5266,140.6039,629.2209,185.2559,599.3486,151.6012
