1
530.7984,180.2424,585.2431,343.3667,366.1255,416.4999,311.6808,253.3755
530.9677,178.4946,587.3284,342.6061,367.9076,417.9618,311.5468,253.8502
521.0034,166.5377,590.6611,330.3418,376.5179,421.4063,306.8601,257.6021
525.3049,164.0996,589.3757,331.5141,371.8634,414.7577,307.7926,247.3433
531.1605,174.3073,586.7064,336.6175,367.2040,411.7356,311.6582,249.4254
525.7648,159.9064,590.3887,326.3586,373.7290,410.4751,309.1051,244.0229
522.5115,156.1834,587.9503,326.0121,373.6890,408.5717,308.2502,238.7430
521.0413,159.5463,585.8572,325.3259,373.0080,408.5450,308.1920,242.7654
519.3878,151.2847,588.7961,321.6915,376.4463,408.1836,307.0380,237.7767
533.7226,170.3654,584.8798,334.2182,363.4224,403.3604,312.2652,239.5075
524.6228,156.0260,590.4189,321.4191,372.0628,408.2847,306.2668,242.8916
525.9447,154.8631,590.1689,319.8002,370.2529,405.4326,306.0286,240.4955
520.0307,153.0903,587.2481,320.0688,376.2386,405.0109,309.0212,238.0324
527.0885,156.3874,585.7359,323.3889,369.6605,399.2700,311.0131,232.2686
536.1768,163.7075,579.5682,335.3308,360.0801,390.8238,316.6887,219.2005
526.1276,153.8307,590.8384,316.4268,373.4242,402.9546,308.7133,240.3585
520.4005,149.5163,588.9567,314.8676,375.7787,403.2532,307.2225,237.9019
516.8209,150.2501,585.3585,314.5261,376.3004,401.7472,307.7628,237.4713
535.4070,163.5869,587.9555,325.4517,366.3414,397.3974,313.7929,235.5327
538.1431,159.7072,586.7408,326.8002,364.9558,391.3046,316.3581,224.2117
505.9862,135.0904,595.8901,300.8305,394.4667,410.0905,304.5628,244.3503
496.9584,143.6506,585.4882,302.0822,395.7281,408.1179,307.1983,249.6863
534.5389,159.9731,590.6675,320.9928,369.7072,398.0157,313.5785,236.9959
525.2401,156.0776,586.4703,318.9483,372.5864,399.3566,311.3562,236.4859
538.3844,177.9844,582.5322,338.7780,361.7045,399.4089,317.5567,238.6153
531.9841,171.5120,592.2382,332.3297,374.0500,414.0789,313.7959,253.2613
530.3778,178.0169,588.3511,343.1472,371.6682,419.2193,313.6949,254.0890
535.3159,176.7192,597.3040,335.9725,375.5133,422.3028,313.5252,263.0494
530.8901,182.2694,591.2835,344.3781,373.8804,425.3714,313.4870,263.2627
511.1367,167.1079,597.0518,328.1246,392.3669,437.3402,306.4517,276.3235
530.1382,186.6545,588.0023,349.5696,370.3248,426.8840,312.4608,263.9690
510.6342,164.0209,593.0009,330.8000,386.3268,432.8696,303.9600,266.0906
538.6330,191.3508,588.8644,354.7672,371.8837,421.4633,321.6523,258.0470
472.9901,138.7418,605.1559,273.6689,429.3138,445.9124,297.1480,310.9853
466.0103,153.6772,568.4440,300.7803,373.9522,436.2126,271.5185,289.1095
470.4738,152.1251,570.5358,309.9125,371.4824,436.1435,271.4204,278.3561
521.5673,188.7350,570.4872,351.7083,351.1553,417.5453,302.2354,254.5720
521.7698,177.0375,586.0107,336.5904,370.7999,423.2408,306.5591,263.6880
494.4443,155.2121,589.0020,313.5356,391.0166,431.7810,296.4590,273.4575
502.6472,160.4742,581.9224,324.4193,373.0844,425.4022,293.8093,261.4571
514.4288,179.8102,573.5846,342.6020,357.4145,421.1545,298.2588,258.3627
504.5978,165.9226,577.6630,330.8883,365.2660,424.9614,292.2007,259.9957
507.7560,169.7707,574.6813,333.6304,361.8284,420.5660,294.9031,256.7063
519.1660,177.9559,576.8733,337.9612,356.7519,417.3499,299.0445,257.3446
504.9874,168.3412,571.2657,333.5416,359.9485,418.3220,293.6701,253.1216
468.3397,152.8958,576.6579,302.2841,394.0733,434.6722,285.7551,285.2839
473.9739,152.7934,576.3205,312.2830,388.8982,432.5543,286.5517,273.0647
450.4249,140.9050,574.4165,276.7216,398.6635,437.1725,274.6719,301.3559
490.5610,164.5764,558.9132,332.1741,349.6581,417.5158,281.3058,249.9181
474.5885,157.3391,558.6187,323.3679,358.5413,424.6307,274.5111,258.6019
469.6636,154.6718,556.1987,322.6639,356.8604,425.3459,270.3253,257.3538
450.9643,144.9571,558.1441,300.8098,368.2442,431.4038,261.0644,275.5512
463.5363,156.2246,546.1183,324.0018,345.0191,422.9854,262.4370,255.2082
471.6260,167.3476,540.6257,331.4300,327.7450,420.9503,258.7453,256.8678
485.5936,177.1407,532.7918,343.4319,310.5387,406.5137,263.3404,240.2225
477.8631,170.5945,531.5905,337.1429,310.9382,408.3238,257.2109,241.7754
440.0779,148.8878,534.2901,315.6556,338.3768,426.3330,244.1646,259.5652
471.9864,173.7728,521.4425,341.0954,300.9897,406.2554,251.5336,238.9329
449.3499,152.8258,527.3830,319.0187,320.0796,416.3546,242.0464,250.1617
460.2701,164.2337,516.5694,328.8739,297.9727,403.6239,241.6733,238.9837
449.0890,159.5512,515.3083,323.6975,302.2885,409.6333,236.0691,245.4871
460.9564,164.1361,512.5882,330.1573,290.0894,399.3533,238.4576,233.3322
449.5833,159.8704,504.5452,327.0685,291.2055,397.1982,236.2436,230.0001
447.9420,157.7221,506.9913,322.4588,293.5685,398.9595,234.5192,234.2228
465.7621,172.6745,506.2736,334.4240,285.1049,389.8175,244.5935,228.0680
447.3078,150.0156,518.3602,313.2196,303.8111,406.6256,232.7587,243.4216
468.6086,163.2956,517.4551,326.9490,297.0628,392.7307,248.2163,229.0774
465.7048,162.3964,521.2227,325.8517,304.3886,399.4997,248.8708,236.0444
462.3937,155.6994,516.9709,323.0234,303.2883,392.7216,248.7112,225.3976
453.0469,142.7307,525.2289,312.3260,315.1398,401.7427,242.9578,232.1474
450.6602,146.8008,520.2471,311.7209,311.0177,400.0039,241.4307,235.0838
432.2596,132.4390,527.9428,291.6777,327.0430,412.3943,231.3598,253.1555
459.2513,159.3898,518.6693,319.5965,301.1479,400.2715,241.7299,240.0648
448.5865,145.5859,518.8522,311.6193,309.1265,400.3757,238.8608,234.3423
454.9754,150.8098,516.9664,313.3924,298.4340,396.7165,236.4429,234.1339
422.3284,140.5205,512.4222,292.3753,321.2608,405.7894,231.1669,253.9345
451.5729,144.2553,515.6248,310.2668,299.5296,393.6425,235.4777,227.6309
449.3801,147.8422,510.9055,310.9696,296.1531,391.9659,234.6277,228.8384
454.8657,148.8087,507.4470,312.1045,286.1305,383.3685,233.5492,220.0727
444.1722,140.0744,508.9899,302.6280,297.7490,386.8595,232.9313,224.3060
421.1878,123.1924,515.0907,279.9280,321.9698,395.6300,228.0669,238.8944
436.5018,126.6706,513.4443,285.7893,309.6085,384.3550,232.6659,225.2363
435.1982,124.1322,512.8097,280.1746,306.8756,382.6009,229.2641,226.5585
434.3983,122.6473,509.3093,281.1955,302.2570,379.0237,227.3461,220.4755
431.6959,121.5320,508.1750,276.2632,305.1630,376.6059,228.6840,221.8748
428.8885,118.3782,507.4298,274.2274,306.5201,375.4772,227.9789,219.6280
438.2589,121.2680,506.1542,278.5065,300.0146,367.5172,232.1192,210.2787
433.8373,115.5309,516.9218,268.5507,323.9749,373.3142,240.8904,220.2944
457.1537,122.1831,521.7975,277.8764,318.7589,362.1779,254.1152,206.4846
417.4172,91.2976,530.1555,238.1470,353.3315,373.8970,240.5933,227.0476
431.9500,98.6191,524.0972,252.5468,335.2255,365.6128,243.0783,211.6851
418.0549,97.3062,524.3080,245.7708,347.9965,371.9535,241.7433,223.4890
428.3579,99.1060,523.3682,251.2296,338.6262,366.6119,243.6160,214.4883
437.1968,106.7335,523.4685,261.2090,333.0106,367.5762,246.7389,213.1008
423.6532,102.8064,527.4674,249.0620,349.3890,375.4644,245.5748,229.2088
429.8325,109.3371,527.1949,255.7546,346.9808,375.5906,249.6184,229.1731
449.4615,122.6239,526.5606,272.9706,331.1476,373.1801,254.0484,222.8335
433.0891,120.0825,530.2762,265.0070,352.7516,384.0559,255.5645,239.1315
410.8595,116.4203,537.0922,241.0738,381.8746,398.2577,255.6420,273.6042
468.7118,167.2759,523.6991,315.1883,323.1116,389.7579,268.1242,241.8456
467.2597,167.0199,531.7704,311.0528,328.2515,402.2067,263.7407,258.1739
449.1121,163.8519,533.6713,312.0898,348.8137,417.5380,264.2545,269.3000
472.9151,192.9507,527.8250,341.1663,326.2157,415.8570,271.3059,267.6414
444.2240,172.1066,537.5652,317.6460,355.7319,434.2643,262.3906,288.7250
475.6242,205.3177,529.6974,356.3861,330.0985,427.8303,276.0253,276.7619
484.4657,217.2355,534.4637,370.5208,332.9144,436.2615,282.9163,282.9762
478.0827,212.8012,544.0654,359.3685,342.7174,450.0127,276.7348,303.4454
480.9708,218.8639,540.7236,368.4493,338.2777,449.3176,278.5249,299.7322
480.8330,222.1620,540.5663,373.4172,339.6652,452.7565,279.9319,301.5013
461.4985,201.2518,557.2469,341.0545,375.3548,465.6291,279.6065,325.8264
500.6119,233.4515,549.6405,385.0901,340.3102,452.7719,291.2816,301.1333
479.8629,214.8643,561.5522,363.6661,368.4598,469.6700,286.7706,320.8682
490.6176,224.3830,560.8975,377.9275,359.6755,470.0302,289.3956,316.4857
473.6154,220.4762,563.5220,361.2638,378.4646,479.4410,288.5580,338.6534
496.5441,220.4729,578.0614,369.4087,376.5247,479.7162,295.0074,330.7803
495.4130,227.2826,575.0872,376.1468,378.5735,481.3236,298.8993,332.4594
503.3124,225.9968,583.0298,379.9022,381.2402,484.4221,301.5227,330.5167
486.9587,224.2619,580.4975,370.1746,389.7276,492.4695,296.1889,346.5568
462.6310,216.0252,584.0609,348.1328,416.3586,502.2803,294.9288,370.1727
469.5900,221.5355,581.3716,361.0232,406.4015,501.2396,294.6198,361.7519
456.8120,218.6918,580.8861,350.4398,417.4136,504.3907,293.3395,372.6426
491.8210,229.1857,585.1675,381.0329,388.0567,502.2048,294.7102,350.3576
497.3600,226.3117,587.1089,381.7984,389.4478,495.8909,299.6989,340.4042
489.2875,227.8883,584.8603,375.9559,394.3281,498.9382,298.7552,350.8707
508.9869,235.1214,584.2294,392.0468,376.0966,491.8421,300.8542,334.9167
506.7289,235.2042,583.8829,389.2061,376.6241,493.0414,299.4702,339.0394
499.4295,230.6954,582.5810,382.5085,380.9326,492.9559,297.7811,341.1428
467.9792,216.1802,580.9869,352.9472,405.0860,498.2902,292.0785,361.5232
453.7140,215.2521,577.7282,348.5104,413.4447,501.3975,289.4306,368.1391
479.1790,208.1440,588.4097,351.8450,398.4537,496.2351,289.2231,352.5341
516.8470,232.5090,584.5189,384.1512,364.4269,482.3696,296.7549,330.7274
439.0516,204.0101,580.4789,320.4267,429.5178,503.8202,288.0904,387.4036
507.6772,238.3734,576.6199,385.3880,365.9512,484.1814,297.0085,337.1668
499.8661,238.7645,574.7234,387.5399,370.1585,490.4680,295.3012,341.6927
519.2175,246.6730,581.6459,397.2234,360.7614,488.8171,298.3329,338.2668
494.4789,225.9364,585.5842,381.5564,384.6863,499.1688,293.5811,343.5489
504.6721,235.5068,582.4930,395.4890,370.4935,498.6129,292.6725,338.6307
517.7820,247.2115,577.2819,408.3654,353.8928,490.8433,294.3929,329.6894
515.2613,241.8288,577.3453,396.6354,355.5192,485.5971,293.4352,330.7905
513.8636,240.8482,582.3839,397.5919,366.1428,492.1212,297.6226,335.3775
514.0424,242.8637,581.9949,403.3225,365.5995,494.9635,297.6471,334.5047
509.2291,241.6086,580.5281,401.6209,365.8733,497.2678,294.5742,337.2554
507.4326,236.8268,578.1620,401.6750,363.1954,493.9081,292.4660,329.0599
509.1742,237.2307,581.2678,396.6426,363.5021,495.1266,291.4085,335.7148
515.2482,238.0476,583.7508,397.0445,364.2560,491.6122,295.7534,332.6152
520.2964,235.4543,587.5585,394.0067,366.6176,487.7356,299.3555,329.1832
525.5454,236.2150,584.5316,391.6332,360.1486,476.7936,301.1625,321.3755
527.1235,233.3017,586.7028,387.8926,364.6249,473.4812,305.0457,318.8903
541.6080,241.1439,588.4705,389.7085,364.3557,460.4021,317.4933,311.8375
554.7820,255.0509,592.2718,399.6035,363.8296,458.8501,326.3398,314.2975
553.3418,265.4703,596.2155,409.3359,366.2117,477.8797,323.3380,334.0141
544.1258,260.9464,604.1746,408.9722,380.8506,499.5669,320.8018,351.5410
544.7379,263.1747,603.2175,411.1272,380.0201,499.3481,321.5405,351.3955
546.9326,269.0836,602.7628,417.8285,377.1329,502.5169,321.3027,353.7720
550.1790,274.2595,599.4761,422.8296,369.7900,499.0418,320.4929,350.4717
551.8858,280.3183,595.6858,427.8472,364.6529,496.4388,320.8529,348.9099
548.1624,278.3550,594.3501,426.7429,363.2847,498.6651,317.0970,350.2772
542.8646,277.0401,591.3041,425.1229,362.2475,500.0498,313.8080,351.9670
556.8989,281.4626,600.8780,427.0567,371.1308,496.4556,327.1517,350.8615
565.1239,277.4103,613.7972,421.0284,385.5492,498.3835,336.8759,354.7655
562.6399,278.7408,608.7689,426.2478,377.7994,498.4775,331.6705,350.9706
558.7679,278.7618,605.6097,422.9306,374.5022,498.0195,327.6605,353.8507
557.6959,276.3731,606.0744,420.6242,372.8417,498.8451,324.4632,354.5939
542.1600,269.7715,597.1620,412.5433,367.6073,500.9778,312.6054,358.2060
532.0216,268.6263,589.3790,412.4081,361.8175,503.1868,304.4601,359.4050
536.0808,265.5461,594.3799,405.3138,368.2620,499.6308,309.9629,359.8632
546.0735,262.8506,605.1954,402.7830,381.3542,497.3564,322.2324,357.4240
553.1542,259.1458,613.6245,399.2957,386.8342,497.1485,326.3639,356.9986
531.4243,240.3028,606.0450,379.2682,377.8614,501.7967,303.2407,362.8313
524.0955,238.6819,588.7997,376.9896,362.3549,482.9270,297.6506,344.6193
521.8251,227.3405,583.3306,363.0730,355.6184,466.2580,294.1129,330.5255
520.3036,219.8097,580.4917,358.0894,353.0983,457.0654,292.9102,318.7857
514.8572,212.7343,577.2444,351.2621,348.3830,454.3320,285.9957,315.8043
510.6281,222.2805,570.5325,359.2250,344.2363,458.2150,284.3319,321.2705
511.4360,222.5707,569.1987,361.5382,340.1936,456.7256,282.4308,317.7580
510.9699,219.9633,569.4243,356.7973,342.2821,453.8305,283.8277,316.9965
506.7014,208.0970,570.7349,342.2465,347.8269,448.6469,283.7935,314.4974
524.7347,198.8360,579.1805,331.9226,355.1990,423.5537,300.7531,290.4672
525.3611,178.6154,578.3836,311.6996,358.2144,399.4180,305.1919,266.3338
523.8979,141.6353,584.8861,271.1739,366.8435,373.8307,305.8553,244.2921
537.6656,129.7412,592.5848,260.5536,370.3739,353.8450,315.4546,223.0326
539.7767,107.9270,599.5844,238.9195,378.5344,339.8449,318.7268,208.8523
547.9551,93.6430,599.1647,226.0877,379.0454,311.1964,327.8359,178.7518
538.6309,79.0817,600.0823,210.4514,381.7849,312.5654,320.3335,181.1956
535.5302,85.5160,602.4919,216.2973,386.1953,327.0439,319.2337,196.2627
549.1199,88.1361,610.8804,218.4139,393.1119,321.6509,331.3514,191.3731
565.2496,81.3347,622.2173,208.1246,407.8604,304.4370,350.8926,177.6472
563.0577,67.1016,619.1147,197.5685,401.3636,291.1284,345.3066,160.6615
542.6695,39.2983,610.1608,162.8985,393.3744,281.2736,325.8831,157.6734
529.5007,27.6709,597.2282,157.7928,381.6781,269.9852,313.9505,139.8633
530.1443,16.6365,594.2565,138.8397,382.6147,249.8746,318.5025,127.6713
537.8254,7.3340,597.7318,127.1974,386.6292,232.7042,326.7228,112.8409
534.9450,-9.1523,604.8374,114.2930,395.1184,233.0319,325.2260,109.5866
534.5295,-11.0142,606.2989,108.5375,394.5281,235.6679,322.7588,116.1162
530.7560,-3.4975,602.8117,122.4314,384.0866,247.5845,312.0309,121.6556
518.0852,16.8499,585.1566,141.7303,377.2461,253.3960,310.1747,128.5156
522.0945,16.7725,589.0372,141.6446,381.0405,253.1496,314.0978,128.2775
524.3729,14.7838,591.2924,136.6147,384.4428,250.2336,317.5232,128.4026
522.8848,9.8286,590.7986,134.0688,381.9631,248.2253,314.0493,123.9851
522.3854,14.5878,589.5696,137.8964,382.3333,250.8083,315.1491,127.4997
523.6351,15.9947,591.5052,137.9722,387.0270,251.7468,319.1570,129.7693
528.2528,20.2701,595.9240,141.1591,392.6109,254.9695,324.9398,134.0805
531.8503,33.4175,599.7784,154.2790,397.5325,267.9478,329.6044,147.0864
536.2676,50.8869,605.2000,169.3127,402.9648,287.0282,334.0324,168.6023
542.9892,74.9853,608.6798,196.3108,406.4235,305.8206,340.7329,184.4950
543.0082,92.6702,613.6834,211.5361,416.0245,329.0601,345.3492,210.1943
548.4868,114.8826,616.9795,239.9355,421.3676,347.0741,352.8749,222.0212
535.9833,118.7066,621.8549,240.3509,426.1430,378.5087,340.2714,256.8644
550.7673,153.3784,615.3854,270.1010,416.7875,380.0457,352.1693,263.3232
560.6295,148.2874,630.4996,263.3287,434.7711,382.2041,364.9010,267.1627
566.6352,149.1394,633.5732,271.2570,430.1320,382.7722,363.1939,260.6546
524.4962,130.3635,618.3443,256.5403,436.5287,391.7715,342.6806,265.5947
527.5151,143.2179,602.9969,264.5901,402.6496,389.1867,327.1678,267.8145
521.7506,148.4371,595.5395,268.6666,398.5651,389.5564,324.7762,269.3269
538.2924,155.7061,601.1133,264.9625,401.7237,379.6088,338.9028,270.3524
537.3297,149.3318,603.5355,259.4765,404.6919,378.9973,338.4861,268.8526
524.1499,152.7173,595.0452,266.6731,396.6388,390.1075,325.7435,276.1517
516.5859,156.2058,591.0707,266.6855,392.8326,400.3365,318.3478,289.8568
509.7865,165.2377,582.2234,276.7731,387.4554,403.2657,315.0185,291.7303
506.3159,172.0981,575.7285,282.0472,378.5327,406.5401,309.1201,296.5909
496.0712,177.5846,571.5195,288.8355,380.9964,418.0446,305.5481,306.7937
494.7218,187.0417,563.7032,290.8947,369.7972,419.6911,300.8159,315.8381
494.5999,189.9200,562.3334,290.2970,367.8805,421.5121,300.1470,321.1351
500.1016,196.1067,568.1375,299.9962,374.9316,426.5241,306.8958,322.6346
506.4306,199.8828,574.8405,304.8060,381.4360,430.9059,313.0260,325.9827
508.2346,197.2396,577.3793,297.2448,385.1308,430.1676,315.9861,330.1624
513.5477,195.0621,582.6329,298.2526,389.4320,427.5992,320.3467,324.4086
513.3826,192.3511,583.6075,294.1646,393.4766,425.3058,323.2516,323.4924
515.5133,191.7384,583.2957,287.6812,393.0728,422.0714,325.2903,326.1287
515.0623,193.1911,582.0006,287.5461,393.1078,421.5524,326.1695,327.1974
507.8937,197.7005,582.4065,297.1703,402.8246,431.6951,328.3118,332.2253
516.3745,202.6571,589.1490,301.7581,407.7383,434.9764,334.9638,335.8753
499.4904,203.8580,590.2704,302.7884,430.0486,449.8102,339.2686,350.8798
497.9417,205.1256,590.5146,302.9121,432.5493,452.4552,339.9764,354.6686
501.9142,213.7663,586.0135,310.5757,423.4894,451.7622,339.3900,354.9527
494.1272,219.2488,577.2681,317.2885,412.1718,457.2958,329.0308,359.2562
482.2085,218.4309,572.2963,309.1663,415.4595,464.8835,325.3718,374.1480
503.5723,231.0949,569.9058,318.4199,392.7068,453.0232,326.3733,365.6983
509.3358,238.3132,575.4881,325.1450,398.5548,459.9406,332.4025,373.1089
499.7916,240.0570,574.9421,331.6464,409.0757,467.7424,333.9252,376.1530
483.1193,245.0131,573.2874,334.9134,423.9262,484.7195,333.7581,394.8193
489.0077,248.2621,570.8155,333.7581,411.1263,486.5584,329.3185,401.0624
480.6323,251.2052,569.9373,338.5499,419.5445,492.3180,330.2394,404.9732
489.2148,253.2978,567.6171,334.0494,407.9194,489.1009,329.5171,408.3492
493.0527,256.7689,568.9209,338.9825,407.7098,487.7510,331.8416,405.5374
493.4200,255.7109,571.2088,337.1563,413.2468,488.0264,335.4580,406.5810
495.8731,254.9397,573.6929,335.9751,417.8671,485.6176,340.0473,404.5823
494.0209,257.0907,574.4398,338.1227,422.9801,488.4363,342.5612,407.4043
492.6884,255.1766,572.4391,334.9771,422.8872,484.4358,343.1365,404.6354
496.1706,256.9698,573.7950,336.5820,423.5732,483.0532,345.9488,403.4410
497.0516,260.2543,573.7401,337.8798,424.3511,485.4655,347.6626,407.8401
496.7871,262.2634,575.8780,345.2896,427.4689,486.6642,348.3781,403.6380
496.0023,262.4383,575.6730,342.4201,429.9514,487.5746,350.2808,407.5927
468.9963,255.1124,571.2304,328.0491,456.4538,488.9294,354.2197,415.9927
466.3930,255.6748,562.6161,333.5544,441.0520,483.7511,344.8290,405.8716
484.1324,256.9787,554.0394,341.0567,405.0509,464.9337,335.1440,380.8556
474.9718,247.6370,555.0495,332.9870,415.6264,463.7975,335.5487,378.4474
465.8215,235.0863,563.2580,320.7912,441.8621,458.8042,344.4256,373.0993
462.8124,226.2643,556.6606,305.5580,437.4099,446.6975,343.5617,367.4038
474.7656,223.9316,547.5088,311.2809,404.6914,430.2170,331.9482,342.8678
463.2827,217.1800,540.6917,299.1382,405.0606,427.2408,327.6517,345.2826
473.8510,208.9292,546.9043,295.0624,408.3431,412.5822,335.2898,326.4490
453.7896,195.2092,546.5472,277.2435,429.8304,409.2172,337.0728,327.1829
462.0904,192.3207,546.1332,277.9997,421.5400,400.2134,337.4972,314.5344
471.5288,186.3052,546.2256,272.8030,412.4043,388.3668,337.7075,301.8690
463.1703,182.7912,547.3920,269.2022,424.8990,388.5916,340.6774,302.1806
459.9558,176.7364,545.9594,262.5306,426.7369,382.0439,340.7334,296.2497
461.9777,169.3642,545.2806,258.0280,423.2345,372.6947,339.9317,284.0309
464.1537,162.9441,545.0814,248.8164,421.5176,365.2653,340.5899,279.3930
470.6061,161.7662,543.5333,243.8267,414.8926,358.1497,341.9654,276.0892
472.4855,160.0820,545.7146,242.9445,418.0339,355.7813,344.8048,272.9188
475.2876,161.0059,548.1033,244.3782,421.0591,355.3360,348.2434,271.9637
476.8283,157.7409,550.2927,238.4764,423.9596,353.4319,350.4952,272.6964
476.4716,156.4041,550.1440,238.3794,423.5355,352.1642,349.8631,270.1889
465.0233,152.4878,548.5137,231.0684,434.7463,351.9440,351.2560,273.3634
442.5835,145.0851,546.6646,210.7847,458.3139,350.7495,354.2328,285.0498
446.2904,149.3374,543.8858,221.4441,448.9845,349.8917,351.3891,277.7851
439.5443,146.5766,541.4915,214.4749,452.6102,347.9273,350.6631,280.0291
440.0626,146.9407,538.5822,216.5819,446.4502,346.9187,347.9306,277.2775
430.2909,147.7016,534.7623,211.6039,451.6617,347.4620,347.1902,283.5597
430.8743,147.3922,533.5315,213.4672,448.7758,345.1476,346.1187,279.0726
411.9883,145.5283,524.6699,197.7473,456.1325,345.6419,343.4508,293.4229
404.6720,147.3998,516.9204,200.0593,448.9430,344.9595,336.6945,292.3000
397.4531,145.7733,509.9973,193.9104,446.5853,342.1670,334.0411,294.0299
392.6949,147.2873,504.5970,196.5384,441.1344,340.7299,329.2323,291.4789
388.8977,147.4219,501.1825,195.7447,438.9903,340.2568,326.7055,291.9340
386.4714,147.5332,497.1834,199.0302,431.4288,340.3941,320.7168,288.8971
377.3808,149.7600,490.9210,193.0103,435.6412,338.1299,322.1011,294.8796
379.7417,147.9579,490.2003,194.7848,430.0092,336.7677,319.5506,289.9408
384.7463,145.5702,482.5882,206.3696,400.2718,338.8377,302.4299,278.0383
367.7543,147.6873,477.9918,194.5944,417.6905,336.3098,307.4531,289.4027
358.3222,149.1442,471.2747,190.4093,417.7222,336.9951,304.7697,295.7299
369.6113,148.5350,473.7530,199.4412,406.2048,337.6287,302.0630,286.7225
350.2768,153.1000,464.0240,188.1944,418.6043,335.4082,304.8570,300.3139
355.0671,153.4085,462.9558,198.2611,405.6711,336.0543,297.7823,291.2016
346.6637,153.3695,455.3784,194.9643,401.6207,335.4683,292.9061,293.8734
345.9475,156.0091,451.6666,202.6739,391.4594,339.0736,285.7403,292.4088
333.1010,159.1763,443.6571,193.9208,398.6859,337.0184,288.1298,302.2740
336.2443,162.4375,447.0402,193.3876,406.7019,337.7921,295.9059,306.8420
353.4390,160.9342,455.2202,202.5005,398.1035,342.3593,296.3223,300.7931
351.4349,167.0539,460.2166,202.1376,414.6718,343.3554,305.8901,308.2717
358.7577,169.1864,465.0397,204.4125,418.8919,343.6467,312.6099,308.4205
364.9457,166.2791,470.9865,201.1580,424.4623,342.6035,318.4215,307.7246
363.0348,166.8544,468.0980,200.1129,422.9578,342.7107,317.8945,309.4522
354.3461,163.5220,460.6901,191.5620,421.4791,340.2728,315.1352,312.2328
350.6812,165.4047,455.9059,194.0779,416.1652,339.9179,310.9405,311.2447
348.7476,165.2114,452.2998,194.7829,410.7249,340.3682,307.1726,310.7966
341.1716,164.2520,445.8043,190.5380,408.5363,338.8855,303.9036,312.5995
334.8964,163.7347,439.7913,188.3212,404.7049,338.0124,299.8100,313.4259
327.8199,161.1975,433.3774,181.7462,403.6495,334.4574,298.0919,313.9087
318.9008,159.2207,425.3260,172.0159,406.1817,331.2499,299.7566,318.4547
306.6316,157.6064,414.0557,158.4077,412.7951,327.4030,305.3709,326.6017
319.2623,159.4654,425.7257,171.5737,407.8213,328.9999,301.3578,316.8916
319.2435,157.3914,425.7545,162.8261,417.3730,327.0890,310.8620,321.6543
322.8911,157.4655,428.2771,164.9762,416.7607,326.5664,311.3747,319.0556
324.3736,153.3090,428.4595,161.1979,415.9999,325.5902,311.9140,317.7013
325.0240,150.5211,428.6866,157.9391,416.9808,321.5208,313.3183,314.1028
327.5082,150.8909,431.2127,155.2935,424.2708,318.8135,320.5663,314.4109
329.7128,153.5552,433.3254,154.4646,431.9037,316.4583,328.2911,315.5490
340.0497,146.2510,440.7434,149.9506,434.6860,314.8176,333.9923,311.1180
344.4480,144.7470,444.6697,145.2663,443.7992,313.2640,343.5775,312.7447
348.8540,147.3594,449.3887,150.7572,443.8830,313.6642,343.3482,310.2664
353.6021,144.1198,452.3064,145.9455,449.1996,313.9167,350.4952,312.0911
364.5378,149.5637,462.3300,152.5813,457.3644,313.5047,359.5721,310.4871
371.7238,146.4968,469.4890,149.6332,464.2624,312.5494,366.4972,309.4130
378.2098,144.7524,474.9320,151.7505,463.0250,316.3203,366.3028,309.3222
381.8947,145.3722,478.3036,150.9161,468.9458,313.6473,372.5369,308.1033
385.1547,144.2850,480.7695,152.3299,467.1033,314.7560,371.4885,306.7111
384.3964,144.2313,478.7235,152.4359,464.5990,314.8228,370.2719,306.6182
375.8406,141.4894,471.4428,144.6187,465.9793,311.5293,370.3771,308.4000
379.8766,142.0707,472.5798,150.6582,457.6371,311.9676,364.9339,303.3801
380.0333,139.1568,471.1441,147.6608,455.9030,310.9511,364.7922,302.4471
375.8972,137.6186,467.7003,144.9184,454.6213,309.3993,362.8182,302.0994
380.6866,137.5774,469.4540,147.5836,451.0837,310.5515,362.3163,300.5453
382.1468,138.4252,469.5190,148.8357,450.3520,309.6978,362.9798,299.2873
382.3393,136.0387,469.0916,147.5062,447.8620,308.1092,361.1096,296.6416
380.3755,136.8433,466.6615,146.2696,448.9599,308.3055,362.6739,298.8792
382.4939,137.6186,468.0578,150.2164,444.7518,308.5099,359.1879,295.9121
377.8851,134.0562,464.1296,142.9380,447.4315,305.0804,361.1870,296.1986
380.2675,130.4082,464.3380,141.0457,443.5001,305.7326,359.4296,295.0952
379.7928,131.2316,463.4203,142.3605,441.7864,304.9273,358.1589,293.7984
388.4400,138.3162,467.9009,155.6280,434.0542,310.9837,354.5932,293.6719
396.1086,151.0225,469.9462,178.5230,418.6397,316.2787,344.8021,288.7782
387.1107,143.8903,464.4186,162.9471,427.7994,311.5002,350.4915,292.4434
384.0400,139.4576,461.5522,156.7140,426.7829,312.8905,349.2708,295.6341
395.2368,154.7788,466.0128,180.1532,417.0776,316.6462,346.3016,291.2718
385.2437,141.3124,460.5421,159.7556,422.2397,316.1331,346.9413,297.6899
392.3683,160.5928,462.1420,187.2970,410.6703,321.7837,340.8966,295.0794
391.6181,159.6319,461.4419,186.0326,409.8062,322.5968,339.9825,296.1960
391.3011,166.4685,459.5502,194.2162,407.1992,322.9809,338.9500,295.2333
389.4624,163.0639,457.6465,188.6253,407.0981,323.4617,338.9140,297.9004
384.8327,167.8598,453.4954,193.1301,406.1774,321.6992,337.5147,296.4289
386.4189,168.9824,452.9637,195.5144,401.4843,324.6301,334.9394,298.0981
377.1503,159.3801,446.5397,178.3671,407.7424,320.1548,338.3530,301.1678
377.3586,164.9232,445.6779,186.0870,403.6595,321.7279,335.3401,300.5641
377.9002,164.4469,444.4977,185.0463,401.3548,324.5263,334.7574,303.9269
362.7170,168.7756,448.2755,187.2585,418.2914,326.0567,332.7329,307.5738
368.1626,169.9378,449.8479,193.2330,410.3562,331.7119,328.6710,308.4167
378.6920,186.0975,454.2095,227.2514,390.1074,344.8789,314.5899,303.7250
373.5577,183.4316,449.5224,214.3407,395.4892,347.1368,319.5246,316.2277
364.4284,192.3325,445.4332,221.6685,402.1884,341.0791,321.1837,311.7431
358.3135,188.5258,440.1667,211.7613,404.6665,336.8203,322.8133,313.5847
372.1828,195.8100,446.2647,234.6855,384.5511,352.2880,310.4692,313.4124
361.3271,197.3217,426.2578,221.4698,382.6852,338.6296,317.7547,314.4815
377.8890,193.1297,448.9447,236.5894,378.3269,352.0478,307.2712,308.5881
370.0919,207.7449,439.2793,248.5366,375.2982,357.0560,306.1108,316.2644
365.7359,211.7095,436.3729,251.9775,376.6714,356.7043,306.0344,316.4363
368.2083,214.4435,434.3499,257.0658,367.6806,360.5237,301.5390,317.9015
360.0808,213.2143,431.6653,249.6898,375.6316,359.6581,304.0471,323.1826
364.0755,218.5544,432.3047,259.9779,371.2625,360.5213,303.0333,319.0978
347.3375,224.0751,427.3649,256.3200,387.0024,356.4942,306.9750,324.2493
349.0872,227.3530,428.1233,263.8483,379.6328,368.8619,300.5966,332.3666
344.6477,232.8803,422.9551,266.3127,378.9783,369.3177,300.6709,335.8853
356.7683,223.7190,424.1293,257.7894,370.4198,363.9793,303.0587,329.9089
350.6677,235.8953,418.9773,273.1161,362.4797,376.8036,294.1701,339.5829
351.7704,244.8286,416.7731,283.4395,359.2330,380.3102,294.2303,341.6993
353.1875,248.8816,418.4832,290.9973,360.1904,381.3738,294.8947,339.2581
351.0222,250.9739,416.4415,292.4961,358.2748,384.1390,292.8557,342.6169
352.6618,254.9553,416.1942,298.1084,355.5675,387.3663,292.0351,344.2131
354.0726,259.4183,415.4860,302.0424,354.3827,390.0808,292.9694,347.4568
350.0517,253.8037,415.0722,287.8274,361.7542,389.7203,296.7336,355.6967
352.7754,264.6285,414.1805,304.8752,357.9699,390.6368,296.5648,350.3901
353.3414,260.3628,415.9570,298.2129,357.6523,394.6665,295.0368,356.8165
351.5653,270.0979,412.4595,311.9568,356.0271,394.0517,295.1329,352.1927
329.4646,277.9145,406.7862,300.0973,381.6916,387.5688,304.3699,365.3860
326.7861,281.3295,403.1439,305.4348,375.7489,392.2133,299.3911,368.1081
337.4865,270.8058,401.5178,304.7295,349.5526,402.8143,285.5213,368.8906
315.0340,286.9175,388.4158,316.1849,353.9631,402.5678,280.5812,373.3004
305.7989,288.5490,380.4941,312.1111,353.1184,398.8958,278.4232,375.3336
311.3683,277.0600,379.8192,302.3607,343.0695,401.7864,274.6187,376.4857
302.2581,288.3208,373.1855,314.4079,339.7018,405.4455,268.7744,379.3584
293.3446,292.3500,363.8196,317.6738,331.6943,407.0772,261.2192,381.7534
290.5156,289.3407,359.2598,312.3457,329.1118,402.4351,260.3676,379.4301
289.6159,286.8884,358.1262,308.3022,328.2932,403.7485,259.7830,382.3347
285.5393,287.7793,351.4296,306.6280,325.0268,398.9258,259.1365,380.0772
293.9543,283.6608,358.7599,308.7573,319.7585,409.4692,254.9528,384.3727
285.3657,291.0677,351.0904,312.0739,321.5598,404.4695,255.8351,383.4632
283.1501,290.7007,348.9459,310.3438,319.7668,408.0811,253.9710,388.4380
275.0393,300.2336,343.5384,317.1435,321.0096,408.4038,252.5105,391.4939
270.1789,306.8203,339.9985,318.7087,324.2199,411.3750,254.4002,399.4865
331.1559,405.7454,260.4279,410.4195,253.5700,306.6476,324.2979,301.9734
277.7011,303.9614,344.6254,318.8493,324.2132,410.6063,257.2889,395.7184
282.0605,293.8796,347.5060,309.5642,323.5008,409.7278,258.0554,394.0432
277.2814,303.7466,343.1272,316.4270,324.5953,412.6588,258.7495,399.9785
278.4771,304.7064,344.9948,317.5246,326.2618,414.7361,259.7441,401.9179
278.9833,320.2063,346.7671,333.6951,330.1776,417.0605,262.3939,403.5717
297.3391,294.9906,348.1836,302.3928,332.1923,412.2349,281.3478,404.8327
287.6839,302.6183,351.2589,315.8762,330.8441,413.7702,267.2691,400.5123
303.1634,278.9597,364.7757,296.8701,330.1621,415.9411,268.5498,398.0306
297.6928,281.0169,361.5914,297.5426,330.7940,416.6246,266.8954,400.0989
302.5971,276.8000,355.4326,285.1090,334.3045,419.4579,281.4689,411.1488
300.4217,278.9872,364.8528,295.6067,333.6320,416.6450,269.2009,400.0255
299.2143,283.1720,362.6694,298.8318,333.6781,416.3074,270.2230,400.6476
296.0013,282.9484,357.7946,296.1150,332.1618,416.4144,270.3685,403.2478
297.1165,286.4961,360.4740,301.1907,333.3617,418.0878,270.0042,403.3931
304.9597,288.3948,354.5456,294.8173,337.8472,423.7404,288.2614,417.3179
300.1077,287.4466,351.2921,293.5230,335.9665,422.6165,284.7821,416.5401
290.9480,291.6147,355.9249,302.1824,336.5010,421.6132,271.5240,411.0455
293.6613,289.9938,356.3592,302.8382,333.0787,416.4781,270.3808,403.6337
296.0694,294.5973,346.2878,297.7003,338.4555,424.4585,288.2371,421.3556
289.4503,292.9365,352.7712,302.2348,335.9181,417.0040,272.5971,407.7057
291.4037,304.1055,354.3047,313.3643,337.8489,425.1596,274.9480,415.9009
292.6116,298.3697,352.3207,304.2707,340.3219,425.6793,280.6128,419.7782
290.8243,300.7549,352.6509,305.3880,343.4593,428.0441,281.6327,423.4109
288.9995,304.2952,369.4400,305.7353,367.4450,417.1696,287.0045,415.7295
299.0001,306.1201,360.8732,310.0847,353.4554,425.8473,291.5823,421.8826
297.6608,306.6661,358.6573,307.3134,357.3841,427.3066,296.3875,426.6594
303.0110,307.9924,366.9770,310.0775,363.0023,432.0127,299.0363,429.9276
301.9709,313.5041,362.9630,314.4830,361.1175,429.4682,300.1254,428.4893
384.7885,408.7269,306.5235,426.0663,283.2824,321.1629,361.5475,303.8235
363.9387,427.9059,301.9745,428.0886,301.6402,314.7024,363.6044,314.5197
321.7943,287.1632,378.4297,293.5996,363.1661,427.9079,306.5307,421.4715
358.8741,427.6991,300.9104,428.6169,299.1353,316.5099,357.0990,315.5920
305.1415,297.1575,361.9287,298.9364,357.9836,424.8746,301.1964,423.0957
306.4929,301.9177,367.0696,306.4567,358.4021,422.1324,297.8253,417.5934
358.7049,417.4139,301.6164,418.1367,300.1614,303.2212,357.2499,302.4983
361.5161,417.6727,302.5099,421.9222,294.4005,309.3197,353.4068,305.0702
370.6454,413.6686,305.4501,420.8702,292.0801,299.8329,357.2754,292.6313
364.3902,409.8452,302.7291,415.6581,291.3457,294.9067,353.0068,289.0938
361.2997,405.9922,301.6241,412.3730,289.4883,298.8769,349.1640,292.4960
315.9636,264.4828,386.6584,286.3517,352.3773,397.1706,281.6826,375.3016
363.2159,401.5997,303.3970,408.1239,290.0108,285.3894,349.8297,278.8652
298.9703,263.9615,358.8015,268.4583,349.2833,395.1011,289.4520,390.6043
346.9325,390.9717,292.0240,394.0334,285.4900,276.8499,340.3985,273.7882
357.4079,387.6693,291.5802,390.6089,286.2890,272.1221,352.1168,269.1825
350.3880,386.2649,293.1500,389.1353,287.2723,271.9287,344.5103,269.0583
351.9042,388.0417,299.2213,394.0213,286.2141,279.4215,338.8971,273.4420
290.2777,266.8690,346.8362,267.1355,346.2802,385.1699,289.7216,384.9034
344.1931,380.9158,292.0720,384.6130,283.6290,265.5903,335.7501,261.8930
384.9478,363.4415,295.2773,380.8883,274.5848,274.5362,364.2552,257.0894
369.6877,373.8450,307.8198,391.2287,275.3925,275.8208,337.2604,258.4372
297.7553,250.2575,376.0987,260.4220,361.1736,375.4578,282.8302,365.2933
366.4164,366.0011,298.8773,386.2456,265.5126,274.9351,333.0517,254.6906
347.3820,371.7550,288.2298,378.2290,274.9922,257.2794,334.1444,250.8054
352.5631,365.3906,299.7974,380.0736,271.7784,279.3831,324.5442,264.7001
359.2079,362.1596,282.6649,370.2162,271.5289,264.4167,348.0719,256.3601
362.0325,371.5276,301.9704,390.3534,268.0944,282.2745,328.1565,263.4488
361.3008,370.9214,308.4637,390.7569,267.7704,282.3600,320.6075,262.5244
357.2866,367.5138,300.5359,384.6018,268.3328,277.6523,325.0835,260.5644
358.1741,356.5038,300.7391,376.0905,266.4782,275.6259,323.9132,256.0392
293.1760,238.4965,361.6417,247.0667,347.8418,357.3125,279.3761,348.7423
352.1042,363.8085,300.4648,375.4913,276.1033,267.8103,327.7426,256.1275
293.5376,244.3246,351.3207,245.7308,348.4257,364.6956,290.6425,363.2894
346.8037,369.9893,289.0781,376.6204,276.5593,267.6408,334.2849,261.0097
347.0333,385.3658,284.1835,388.1262,278.1532,250.8230,341.0030,248.0627
350.4240,388.1050,287.7064,395.2759,273.4141,270.2730,336.1317,263.1021
351.2900,400.1987,279.0562,404.8861,270.1699,267.9474,342.4037,263.2600
353.1609,396.1299,281.3869,402.4763,269.6083,269.2665,341.3823,262.9201
348.6170,385.9280,280.6648,390.3589,272.2360,261.0967,340.1882,256.6657
346.3038,346.5248,261.7764,367.1188,237.9836,269.4621,322.5110,248.8681
341.8462,359.8079,290.2005,367.4180,274.3520,259.8635,325.9977,252.2534
288.1682,223.9078,358.1039,241.0251,333.6585,340.9012,263.7228,323.7839
338.0024,344.0887,272.9538,356.6835,254.6812,262.3102,319.7298,249.7154
331.8854,344.5711,265.7353,348.6943,259.5774,249.8997,325.7275,245.7765
335.2680,336.3056,267.7356,348.8185,251.1746,259.4384,318.7069,246.9255
275.2753,241.0239,342.7216,259.0089,318.3470,350.4165,250.9008,332.4315
335.5891,345.3229,285.3722,356.7312,261.9473,253.6195,312.1641,242.2113
335.1455,362.7273,268.1732,371.2552,253.0701,252.6451,320.0424,244.1173
2
0
0
0
0
1
339.6497,285.5150,315.0671,304.5003,292.2455,274.9505,316.8280,255.9652
342.3907,285.6671,317.7044,302.9890,296.3673,272.5803,321.0536,255.2584
346.0263,282.3711,321.3718,300.7229,299.4946,271.3323,324.1492,252.9805
350.0621,280.4814,326.5269,298.7474,303.7596,269.4125,327.2949,251.1465
352.3661,281.0090,326.8024,297.4253,306.9592,266.5251,332.5228,250.1088
357.3181,279.8209,331.7878,295.7431,312.0345,264.0700,337.5648,248.1478
357.9003,277.1031,334.0421,293.3363,313.2917,262.8390,337.1498,246.6059
363.0352,274.2917,339.1279,291.7780,317.6525,262.4169,341.5597,244.9306
364.5902,274.1750,340.0610,290.4516,320.1070,260.3802,344.6362,244.1037
367.6998,274.0866,343.1567,289.8064,323.2907,258.7900,347.8339,243.0701
370.3116,274.6983,346.0494,289.3162,327.0526,257.7863,351.3148,243.1683
374.2868,276.3230,350.0512,290.2168,331.7844,258.3530,356.0199,244.4592
379.3037,277.0984,355.5478,291.3052,336.6290,259.6702,360.3849,245.4634
382.9742,278.1984,358.7213,292.1475,340.2490,260.0304,364.5019,246.0812
385.5716,279.2950,361.5661,292.6759,343.7123,260.6460,367.7179,247.2651
390.7273,278.4390,366.6973,293.3301,348.1786,263.4463,372.2086,248.5551
394.1194,280.3786,370.7074,293.8933,353.1371,263.4556,376.5491,249.9409
397.2476,284.0801,373.2937,297.4291,355.2771,265.0995,379.2309,251.7505
397.6210,282.6535,374.2465,295.8377,357.2872,265.7704,380.6618,252.5862
398.5889,284.7228,375.2552,297.0004,358.5499,265.2520,381.8836,252.9744
400.4586,284.5030,377.4766,296.6624,361.4988,266.4633,384.4808,254.3039
401.9561,284.6986,378.9025,296.8888,362.5052,265.8791,385.5588,253.6888
403.3664,284.8534,380.2849,297.2362,363.6983,266.3188,386.7798,253.9360
401.6676,286.6671,378.8093,297.5949,363.7432,266.0802,386.6015,255.1524
401.7235,286.5522,378.7690,297.2631,364.1529,265.9392,387.1073,255.2283
401.8689,286.6387,378.0356,297.5169,363.9707,266.7021,387.8040,255.8238
400.0865,287.0267,376.9398,297.1591,363.2013,265.7748,386.3481,255.6423
400.8028,287.4115,377.4316,297.5005,363.6034,265.4672,386.9746,255.3783
399.8529,288.5719,377.4213,297.8905,364.3354,266.3904,386.7670,257.0718
402.1812,287.9102,379.0741,298.8542,365.1225,269.3966,388.2296,258.4527
402.7272,292.2585,379.4343,302.2200,366.0125,270.8358,389.3053,260.8743
405.2881,292.6924,382.6049,303.3965,368.6823,273.8930,391.3655,263.1889
405.8592,293.1585,383.1911,303.1390,370.6078,274.5593,393.2759,264.5789
409.0929,291.6834,386.2542,303.5513,372.0670,276.2494,394.9056,264.3814
408.9428,292.1167,386.4492,302.7471,373.1341,274.5728,395.6277,263.9424
410.8279,291.3635,388.4619,302.9235,374.2606,275.4472,396.6265,263.8872
410.8968,290.4177,389.0164,301.1669,375.4967,273.6469,397.3770,262.8978
412.3611,290.8401,389.4337,301.3876,376.6904,273.6870,399.6178,263.1396
411.0336,288.3508,389.7133,299.5081,375.7630,272.8507,397.0833,261.6934
409.7946,288.7564,387.5751,297.4341,376.7557,269.7307,398.9753,261.0530
411.2320,289.2126,389.2179,297.3541,378.9286,269.5323,400.9427,261.3909
413.8367,287.6041,391.0689,295.5306,381.3609,267.6454,404.1288,259.7190
411.5836,286.0813,390.0668,294.9083,378.7664,267.3623,400.2832,258.5353
411.4911,283.6749,389.9263,292.5691,378.8712,265.7648,400.4359,256.8707
411.8404,282.9566,390.8007,292.4182,379.4371,267.1490,400.4768,257.6874
414.2953,281.1404,392.9795,291.2461,380.7379,265.4252,402.0538,255.3195
414.9043,280.3365,394.2138,289.6060,382.6391,263.7701,403.3297,254.5006
414.8713,279.6249,394.6299,288.4592,383.4461,262.8345,403.6874,254.0002
416.4275,279.0164,395.4307,286.4110,386.3531,260.6354,407.3498,253.2408
418.9241,278.0830,398.1626,286.0212,388.0051,259.4552,408.7666,251.5170
420.8216,277.0546,400.0293,285.8970,389.2140,260.4657,410.0063,251.6232
422.5448,276.0889,401.7478,284.4069,391.2667,258.2017,412.0636,249.8837
422.1415,274.7427,401.9112,282.5456,392.1864,257.3325,412.4167,249.5296
422.0438,272.2991,401.3921,280.7547,391.3917,256.3299,412.0433,247.8743
422.0683,274.8280,401.3305,281.2811,392.9785,254.4410,413.7163,247.9879
419.8507,274.1512,399.8200,279.1588,393.2365,252.8246,413.2672,247.8169
419.5685,273.6847,399.5316,279.2331,392.0415,252.1839,412.0784,246.6355
417.4178,273.5933,397.2505,279.0816,390.0994,252.8046,410.2667,247.3162
414.1849,275.2216,394.6662,280.9421,386.8706,254.3432,406.3893,248.6226
411.2816,273.5897,391.2269,281.0660,381.6216,255.3004,401.6762,247.8241
406.8580,275.3918,387.6537,282.0400,378.1051,254.4573,397.3094,247.8091
401.8000,276.3413,382.6414,280.9056,376.0765,253.3492,395.2351,248.7850
397.9880,276.1999,378.8133,280.9669,371.9906,253.5235,391.1653,248.7565
394.1350,276.4135,374.5737,281.5692,367.2767,253.8832,386.8380,248.7276
389.6586,275.7711,370.7769,280.6038,363.8403,253.5019,382.7220,248.6693
386.4655,277.0073,367.3527,280.1845,362.7565,252.5359,381.8693,249.3586
384.7955,276.9109,365.4301,279.2707,362.1797,252.5952,381.5450,250.2354
381.8473,277.0446,363.3145,278.4820,361.2975,252.4759,379.8304,251.0386
380.5086,276.9940,362.2196,277.2428,361.8768,252.0344,380.1657,251.7856
380.1544,278.2294,361.8531,278.6956,361.1854,252.4816,379.4867,252.0154
362.5083,253.6533,380.6429,254.3842,379.6361,279.3640,361.5015,278.6330
362.3442,254.7723,379.9325,255.2642,379.2615,279.2549,361.6732,278.7629
380.6570,279.4513,363.6582,279.6534,363.3644,254.9499,380.3633,254.7478
382.7561,280.5416,364.0163,280.7344,363.7561,255.4429,382.4958,255.2501
367.0785,256.3101,384.9058,257.8570,382.8312,281.7671,365.0039,280.2203
367.6190,257.5866,384.9847,258.4962,383.7816,281.4648,366.4159,280.5551
385.1242,283.0990,367.9356,283.2608,367.7072,259.0031,384.8959,258.8413
370.6690,259.5510,387.6821,260.5160,386.3796,283.4791,369.3665,282.5141
372.5227,258.6389,389.1838,259.4055,388.1726,281.3822,371.5115,280.6156
374.1258,256.2255,391.9655,257.9217,389.7885,280.8184,371.9488,279.1223
375.3483,255.0997,392.6746,257.0873,390.1673,278.9439,372.8410,276.9563
377.4897,253.9842,393.9428,256.2762,391.0454,277.0754,374.5922,274.7834
378.7196,245.7224,396.3444,248.6768,393.0380,268.4016,375.4132,265.4472
379.2517,239.3939,397.0341,243.0395,393.0175,262.6320,375.2350,258.9864
380.7508,236.4013,398.4386,237.6823,396.9940,257.6300,379.3061,256.3490
399.3774,255.0045,382.6865,255.1290,382.5341,234.6869,399.2249,234.5625
402.5015,256.7902,386.1763,257.6274,385.0065,234.8158,401.3317,233.9787
391.1945,232.0901,408.0783,234.0741,405.7442,253.9374,388.8604,251.9534
410.1837,250.2314,393.2941,251.3874,391.8686,230.5594,408.7582,229.4035
412.5971,247.7598,395.8788,248.6967,394.7410,228.3949,411.4592,227.4579
401.1177,225.9057,418.2008,226.1068,417.9653,246.1054,400.8822,245.9043
423.3910,243.7088,406.1185,245.9625,403.3957,225.0953,420.6682,222.8416
425.2809,243.3575,407.9476,244.1791,406.9530,223.1969,424.2862,222.3753
431.8806,239.9268,415.0701,244.3103,409.7732,223.9969,426.5836,219.6134
432.3053,240.7652,416.3670,242.1685,414.5371,221.3866,430.4755,219.9833
437.7012,238.0321,421.0929,242.7905,415.1261,221.9643,431.7344,217.2059
440.8857,239.0111,424.3903,243.6551,418.1187,221.3787,434.6140,216.7347
442.9131,237.7404,426.3764,242.2181,420.6571,221.0957,437.1937,216.6180
445.6490,237.9776,429.7798,243.6886,422.0788,222.2894,437.9480,216.5785
446.9607,234.6990,431.1452,243.0900,421.3651,224.6564,437.1806,216.2654
447.5734,235.5822,432.8054,243.8358,422.0029,224.5072,436.7709,216.2536
447.6593,236.2405,432.2257,243.4361,422.9035,223.4412,438.3370,216.2456
446.9968,235.1608,431.7438,242.5780,422.4507,223.4674,437.7037,216.0502
447.0995,232.8635,432.8045,242.2156,420.9710,224.1277,435.2660,214.7756
446.8462,232.7836,431.8292,241.2338,421.3146,222.5481,436.3315,214.0980
446.4195,233.0136,430.4208,239.9421,421.9901,220.4748,437.9888,213.5462
445.7083,234.4461,430.5966,241.2473,421.4307,220.8811,436.5424,214.0800
445.8918,230.4697,430.7363,238.7979,420.8214,220.7548,435.9768,212.4267
444.3369,233.1655,428.0766,238.4227,421.3451,217.6024,437.6054,212.3452
446.7477,230.3547,431.1367,237.9217,421.8383,218.7387,437.4493,211.1716
446.4406,229.6620,431.0656,237.3997,421.5949,218.5811,436.9700,210.8434
448.8133,229.4719,433.3692,237.2511,423.6820,218.0190,439.1260,210.2399
450.0771,226.5795,435.4442,235.1440,425.5739,218.2802,440.2068,209.7157
449.8366,227.5558,434.5101,233.3292,427.1544,213.8019,442.4809,208.0286
453.6276,224.4768,438.1346,232.0931,428.7865,213.0770,444.2794,205.4607
454.0996,224.6322,439.0516,231.1628,430.4411,211.3224,445.4892,204.7918
457.7246,220.2713,442.8888,229.2789,432.5852,212.3085,447.4211,203.3009
459.1692,219.5135,444.0440,227.2228,435.0021,209.4832,450.1273,201.7739
462.5520,219.0323,447.1476,225.1463,439.0331,204.7011,454.4374,198.5872
466.7699,216.4725,450.7836,222.0652,443.7957,202.0905,459.7819,196.4978
469.2154,213.7350,452.5944,219.8049,445.8253,201.2693,462.4463,195.1994
470.8135,215.6851,453.3117,218.9716,449.2297,197.2333,466.7315,193.9468
473.9568,214.2800,453.9828,216.8948,451.0654,194.6097,471.0394,191.9948
481.7502,192.2719,476.0743,212.4904,453.1580,206.0571,458.8339,185.8387
485.2444,196.7375,471.5758,212.8103,454.3077,198.1253,467.9763,182.0525
471.1268,195.5541,456.7021,204.1661,445.6908,185.7225,460.1154,177.1106
463.9834,193.0962,449.9685,200.7185,439.2168,180.9499,453.2316,173.3275
465.0835,191.3100,449.5121,198.4400,439.8526,177.3445,455.4239,170.2145
464.8287,190.6311,449.4543,196.1150,441.6602,174.2637,457.0346,168.7799
462.7856,187.6825,448.5210,193.0585,440.6319,172.1259,454.8966,166.7499
459.6818,186.8981,445.6335,192.2130,437.5169,170.7593,451.5653,165.4444
453.0328,186.3056,438.0469,191.7587,430.4391,170.8518,445.4251,165.3987
445.7133,184.4827,431.8210,191.1868,421.9903,170.8154,435.8826,164.1113
440.4876,183.1422,425.7239,189.8212,416.6385,169.7381,431.4023,163.0592
433.8103,183.2823,419.8237,189.1425,411.5716,169.4472,425.5582,163.5870
433.9662,181.4898,419.7805,186.9986,411.6764,166.1296,425.8621,160.6208
427.5506,179.4576,413.5227,185.3170,404.5837,163.9165,418.6116,158.0570
419.6195,178.7641,404.5846,184.9102,396.0175,163.9528,411.0525,157.8067
410.7765,177.7122,396.1527,184.1712,386.8444,163.0962,401.4681,156.6372
402.4842,176.2830,387.6504,181.9192,380.3727,162.7652,395.2064,157.1289
394.5557,174.7081,380.7456,181.5092,370.9676,161.6540,384.7777,154.8530
394.7529,172.3641,382.3570,179.8037,371.7458,162.1233,384.1416,154.6836
403.3466,160.8664,399.3783,179.4474,379.1878,175.1353,383.1562,156.5543
412.1115,169.0398,398.0254,180.4764,384.6331,163.9816,398.7193,152.5450
417.4852,156.4984,415.4160,175.3854,393.5981,172.9951,395.6673,154.1081
434.9407,159.0637,434.3831,176.9110,411.4136,176.1934,411.9712,158.3460
439.3733,161.6961,433.4440,179.2681,413.5462,172.5539,419.4756,154.9819
427.8441,172.5608,413.1775,178.6646,404.9254,158.8360,419.5919,152.7322
2
0
0
0
0
1
391.1326,161.7338,381.7677,176.4017,363.1625,164.5229,372.5274,149.8550
399.7509,157.6071,396.3775,172.8517,372.9444,167.6662,376.3178,152.4216
408.8480,155.9167,405.5184,171.5665,381.3443,166.4233,384.6738,150.7736
415.5737,155.8015,409.6135,172.4157,387.0734,164.3295,393.0337,147.7153
420.5324,157.9581,411.4099,172.2342,392.7403,160.3043,401.8628,146.0282
419.9505,160.7258,405.7607,170.8604,393.5469,153.7594,407.7367,143.6248
415.2460,156.0825,403.0036,170.6317,386.4756,156.7243,398.7180,142.1751
391.0379,140.2100,409.9754,147.4602,401.3944,169.8737,382.4570,162.6236
404.1891,158.1940,386.8106,170.1476,374.6314,152.4410,392.0099,140.4875
395.8637,162.4674,376.1592,166.6462,371.8057,146.1180,391.5102,141.9392
373.0785,139.1286,391.5671,143.5074,385.8680,167.5704,367.3794,163.1916
365.2933,140.3148,385.5464,144.1243,381.2086,167.1861,360.9556,163.3766
366.2991,138.5632,383.6371,145.2666,374.2610,169.5171,356.9231,162.8138
356.7617,140.6927,375.9788,146.2338,369.0847,170.1432,349.8677,164.6021
356.4289,141.0179,372.8899,154.4187,358.3690,172.2554,341.9081,158.8545
348.7307,141.1134,368.7064,148.4152,360.4668,170.9565,340.4911,163.6547
343.4794,140.8669,363.8456,149.1867,354.1775,172.8533,333.8113,164.5335
365.3179,159.1614,350.7059,172.8634,335.1963,156.3235,349.8083,142.6216
351.3329,141.1308,369.5822,153.3020,356.2656,173.2687,338.0163,161.0974
353.4614,141.6846,371.5885,152.7501,358.0417,174.9421,339.9146,163.8766
361.3063,142.4234,373.1389,161.3865,352.2385,174.4279,340.4059,155.4648
374.3794,154.2620,366.0068,172.6892,343.1444,162.3014,351.5171,143.8742
378.4123,156.2484,369.0471,172.7302,346.5522,159.9483,355.9174,143.4665
383.1531,154.5694,374.0465,171.0007,349.7528,157.5365,358.8595,141.1052
390.2837,154.9240,378.9085,170.6345,356.2848,154.2536,367.6600,138.5432
396.5950,154.4727,384.1111,170.9762,361.3549,153.7626,373.8388,137.2590
401.4448,149.7614,390.6236,168.7039,367.6990,155.6079,378.5202,136.6654
404.2115,141.5316,402.6748,163.2579,377.3441,161.4662,378.8808,139.7399
410.0857,142.1931,403.6639,165.2290,378.8865,158.3217,385.3083,135.2858
412.8654,149.1023,403.2557,166.6850,379.6676,153.7930,389.2773,136.2104
413.8743,138.1420,414.9241,161.1552,388.6972,162.3517,387.6474,139.3385
416.4142,139.4478,416.8736,161.9987,390.4843,162.5363,390.0249,139.9854
423.4456,143.9150,415.3638,166.2006,390.7675,157.2808,398.8493,134.9952
426.9067,146.1870,420.9865,164.8415,395.1191,156.6321,401.0394,137.9776
426.0080,139.1368,425.4617,162.2559,399.7891,161.6493,400.3354,138.5302
432.1513,144.5352,428.4612,163.7844,401.7122,158.6566,405.4022,139.4075
435.0131,142.5301,432.5063,163.5433,405.1206,160.2763,407.6275,139.2630
438.1637,145.0424,428.1903,166.4477,405.2102,155.7405,415.1836,134.3352
427.8595,134.4495,437.6905,155.8083,415.2539,166.1354,405.4229,144.7766
431.5027,137.3584,435.5503,159.0905,408.6429,164.1019,404.5953,142.3697
431.3171,137.6687,431.2320,160.9118,405.7659,160.8186,405.8510,137.5755
430.9691,133.9286,433.5381,156.9771,404.9353,160.1651,402.3663,137.1166
427.9035,137.7250,426.3727,158.8086,401.9422,157.0347,403.4731,135.9510
421.3329,131.1347,429.5698,152.5849,404.6849,162.1408,396.4480,140.6906
422.0213,132.9518,427.8464,153.8821,402.1823,161.0247,396.3571,140.0944
421.7533,131.3029,424.5953,155.4912,397.0258,158.7304,394.1838,134.5421
420.4927,131.5320,421.7150,155.6705,394.4790,157.0496,393.2568,132.9111
420.0567,131.6929,422.0044,153.1470,393.9588,155.6931,392.0111,134.2390
419.0852,132.4458,417.4678,155.4959,390.7569,153.6216,392.3743,130.5716
417.5452,132.0634,418.5781,154.2537,390.3902,155.5658,389.3573,133.3755
415.3283,130.8744,417.2372,153.5507,389.2766,155.9044,387.3677,133.2281
413.4002,128.8240,417.9103,150.3361,389.4003,156.3134,384.8901,134.8013
411.8225,130.8453,414.4335,152.6662,385.0313,156.1843,382.4204,134.3633
408.1462,130.6741,413.5193,150.1108,386.7733,157.5044,381.4002,138.0677
407.8072,133.3199,407.8287,155.9234,377.3138,155.9524,377.2923,133.3489
406.0089,136.1298,405.7187,156.3454,375.7354,155.9151,376.0255,135.6994
405.3552,138.9436,402.4080,160.4934,370.4850,156.1275,373.4323,134.5777
403.3044,140.2668,401.2376,161.5148,370.3638,158.5117,372.4306,137.2637
400.4169,140.7138,399.1439,161.8243,368.4563,159.9738,369.7292,138.8633
398.0531,141.1802,398.9692,161.2822,369.3875,162.6304,368.4713,142.5284
398.5826,144.6732,394.4723,165.2670,362.7851,158.9425,366.8955,138.3487
395.5916,143.9999,393.0519,165.6190,360.5309,161.7986,363.0706,140.1794
392.5034,143.1919,391.5515,165.6678,360.8544,164.3676,361.8063,141.8917
387.1573,144.9046,386.5049,166.5511,356.5113,165.6471,357.1637,144.0006
381.2723,142.1225,385.3491,162.7668,358.2334,168.1216,354.1566,147.4773
369.7867,141.1205,380.8317,157.1839,361.0860,170.7609,350.0410,154.6975
369.9586,140.1950,379.6773,157.2470,356.7720,170.3018,347.0533,153.2498
367.9161,142.0408,375.5800,160.6815,353.3604,169.8167,345.6966,151.1760
369.2847,142.9811,373.2912,162.8942,346.7161,168.2411,342.7095,148.3280
